1 1 19 2.91077e-05 3.62085e-05 9.73591e-05 0.000107875
2 1 19 0.000107565 0.00147433 0.000119779 0.00148309
3 1 19 0.00013823 0.00182536 6.65735e-05 0.0018318
4 1 19 0.000129028 0.00159066 -3.58453e-05 0.00159628
5 1 19 9.6309e-05 0.00123535 -0.000118511 0.00124475
6 1 19 7.47235e-05 0.000897278 -0.000155904 0.000913782
7 1 19 7.22837e-05 0.000609124 -0.000172132 0.000637092
8 1 19 6.80392e-05 0.000333974 -0.000166005 0.000379112
9 1 19 6.435e-05 7.56895e-05 -0.000147914 0.000178181
10 1 19 5.89381e-05 -0.000158366 -0.000132072 0.000214468
11 1 19 5.59732e-05 -0.000377415 -0.00010237 0.000395038
12 1 19 5.60403e-05 -0.000583873 -6.80518e-05 0.000590491
13 1 19 5.44286e-05 -0.0007693 -5.46648e-05 0.000773158
14 1 19 5.12125e-05 -0.000937251 -3.44614e-05 0.000939281
15 1 19 4.95742e-05 -0.00109224 -5.39167e-06 0.00109338
16 1 19 4.89332e-05 -0.00122874 1.44612e-05 0.0012298
17 1 19 4.69011e-05 -0.00134509 1.89647e-05 0.00134604
18 1 19 4.45363e-05 -0.00144846 1.49239e-05 0.00144922
19 1 19 4.40633e-05 -0.00154533 1.10208e-05 0.001546
20 1 19 4.44032e-05 -0.00163837 2.02352e-06 0.00163897
21 1 19 4.48916e-05 -0.00173056 -6.23501e-06 0.00173115
22 1 19 4.65289e-05 -0.00182393 -2.01658e-05 0.00182463
23 1 19 5.07113e-05 -0.00192052 -3.95555e-05 0.0019216
24 1 19 5.74346e-05 -0.00201846 -4.56015e-05 0.00201979
25 1 19 6.47922e-05 -0.00211535 -8.33786e-05 0.00211799
26 1 19 7.25142e-05 -0.00221648 -0.000130358 0.00222149
27 1 19 8.26629e-05 -0.00232821 -0.000129284 0.00233326
28 1 19 9.50044e-05 -0.00244867 -0.000149134 0.00245505
29 1 19 0.000105406 -0.00257695 -0.000183083 0.0025856
30 1 19 0.000115009 -0.00272054 -0.000199984 0.00273031
31 1 19 0.00012781 -0.00287561 -0.000211485 0.00288621
32 1 19 0.000139109 -0.00303292 -0.00020856 0.00304326
33 1 19 0.000131521 -0.00319316 -0.000202925 0.0032023
34 1 19 9.95433e-05 -0.00323189 -0.000170606 0.00323792
35 1 19 0.000160444 -0.00291857 -0.000144537 0.00292655
36 1 19 0.000326721 -0.00237716 -0.000125091 0.00240276
37 1 19 0.000404221 -0.00186608 -9.10136e-05 0.00191153
38 1 19 0.000317688 -0.00139274 -1.16181e-05 0.00142856
39 1 19 0 -0.00111754 -0.000157963 0.00112864
1 2 19 0.0014838 6.9677e-05 0.000235023 0.00150391
2 2 19 0.000567006 0.00131529 0.000377372 0.00148118
3 2 19 8.67148e-05 0.00199015 0.000600909 0.0020807
4 2 19 2.66726e-06 0.00232252 0.000990177 0.00252479
5 2 19 -8.28711e-06 0.00397153 0.00136554 0.00419974
6 2 19 -1.22105e-05 0.0050759 0.00154485 0.00530579
7 2 19 -3.23406e-05 0.00554578 0.00154377 0.00575673
8 2 19 -4.45062e-05 0.00579133 0.00149244 0.00598071
9 2 19 -5.29908e-05 0.00598013 0.00140353 0.00614285
10 2 19 -6.18196e-05 0.00613466 0.0012691 0.00626486
11 2 19 -6.55944e-05 0.00624056 0.00112997 0.00634237
12 2 19 -6.4273e-05 0.00630872 0.000964288 0.00638231
13 2 19 -6.17685e-05 0.00635741 0.000760018 0.00640297
14 2 19 -5.57074e-05 0.00637931 0.000589593 0.00640674
15 2 19 -4.35597e-05 0.0063823 0.000410061 0.00639561
16 2 19 -3.02508e-05 0.00638465 0.000205777 0.00638804
17 2 19 -1.98076e-05 0.00638012 1.15353e-05 0.00638016
18 2 19 -7.56223e-06 0.00635499 -0.000140238 0.00635654
19 2 19 1.03508e-05 0.00631043 -0.000247707 0.0063153
20 2 19 2.91091e-05 0.00625315 -0.00033472 0.00626217
21 2 19 4.63308e-05 0.00618472 -0.000382124 0.00619669
22 2 19 6.31904e-05 0.0061093 -0.000413468 0.0061236
23 2 19 8.225e-05 0.00602636 -0.000416924 0.00604132
24 2 19 0.000105715 0.00594184 -0.000352483 0.00595322
25 2 19 0.000130701 0.00587399 -0.000323597 0.00588435
26 2 19 0.000153926 0.00583063 -0.000297869 0.00584026
27 2 19 0.000176953 0.00580046 -0.000223535 0.00580747
28 2 19 0.000201959 0.00577954 -0.00021201 0.00578695
29 2 19 0.000224796 0.00577385 -0.000175896 0.0057809
30 2 19 0.000246326 0.00576562 -0.000117168 0.00577207
31 2 19 0.000273752 0.00574584 -7.82903e-05 0.00575289
32 2 19 0.000306626 0.00572886 -2.46542e-05 0.00573711
33 2 19 0.000439502 0.00567258 -3.43144e-06 0.00568958
34 2 19 0.000765481 0.00512095 5.96348e-05 0.00517819
35 2 19 0.00105586 0.00328257 0.000128772 0.00345061
36 2 19 0.00117127 0.000387146 0.000191408 0.00124836
37 2 19 0.001109 -0.000591907 9.90955e-05 0.00126097
38 2 19 0.000804765 -0.000393786 0.000275601 0.000937374
39 2 19 0 -0.000405101 -0.00033412 0.000525112
1 3 19 0.00267907 8.59545e-05 0.000266833 0.0026937
2 3 19 0.00119754 0.00080214 0.00047428 0.00151739
3 3 19 0.000257383 0.000975338 0.000222184 0.00103291
4 3 19 0.00137215 -0.0051529 -0.000376298 0.00534572
5 3 19 0.00078165 -0.00886001 -0.00129265 0.00898786
6 3 19 0.000160832 -0.0112195 -0.00196571 0.0113915
7 3 19 -2.20245e-05 -0.0118838 -0.00220569 0.0120867
8 3 19 -3.16084e-05 -0.0120225 -0.00218409 0.0122193
9 3 19 -3.1004e-05 -0.0120829 -0.00209367 0.012263
10 3 19 -2.85971e-05 -0.0120844 -0.00191558 0.0122353
11 3 19 -1.72925e-05 -0.0120662 -0.00161985 0.0121745
12 3 19 -9.88225e-07 -0.0120181 -0.00127928 0.012086
13 3 19 1.75695e-05 -0.0119386 -0.00090249 0.0119727
14 3 19 3.96813e-05 -0.0118456 -0.000451314 0.0118542
15 3 19 6.00362e-05 -0.0117204 -7.66695e-05 0.0117208
16 3 19 7.01605e-05 -0.0115589 0.00027883 0.0115624
17 3 19 7.45047e-05 -0.0113887 0.000661472 0.0114082
18 3 19 8.64486e-05 -0.0112105 0.00102626 0.0112577
19 3 19 0.000107498 -0.0110038 0.00131404 0.0110825
20 3 19 0.000126907 -0.0107676 0.00148688 0.0108705
21 3 19 0.000143627 -0.0105147 0.00160496 0.0106374
22 3 19 0.00015744 -0.0102409 0.00161032 0.0103679
23 3 19 0.000168192 -0.00995707 0.00153432 0.010076
24 3 19 0.000184787 -0.00968902 0.00148695 0.00980419
25 3 19 0.000211477 -0.00944064 0.00140116 0.00954639
26 3 19 0.000241664 -0.00919687 0.00132415 0.00929484
27 3 19 0.000269853 -0.00896729 0.00120901 0.00905245
28 3 19 0.000298667 -0.00877102 0.00102031 0.00883521
29 3 19 0.00032282 -0.00859225 0.000988136 0.00865491
30 3 19 0.000336544 -0.00843346 0.00095235 0.00849373
31 3 19 0.000350682 -0.00830015 0.00090252 0.00835644
32 3 19 0.00034559 -0.00814151 0.000945212 0.00820348
33 3 19 -1.32133e-05 -0.00791181 0.000945687 0.00796814
34 3 19 -0.00100411 -0.00702413 0.00100963 0.007167
35 3 19 -0.00178059 -0.00465416 0.00107541 0.00509786
36 3 19 0.000395762 -0.00403055 0.000957349 0.00416155
37 3 19 0.00125212 -0.000828214 8.46656e-06 0.00150127
38 3 19 0.00095726 0.000178724 0.000755228 0.00123234
39 3 19 0 2.03863e-05 -0.000665857 0.000666169
1 4 19 0.00334062 8.92475e-05 0.00024076 0.00335047
2 4 19 0.00141723 0.000368502 0.00068291 0.00161577
3 4 19 -0.00574823 0.00187754 0.00063033 0.00607985
4 4 19 -0.00212263 -0.00304393 0.00125071 0.00391603
5 4 19 -0.00137361 0.000302937 0.00196761 0.00241869
6 4 19 -0.000366436 0.00167137 0.00248238 0.00301496
7 4 19 -6.91152e-05 0.00128392 0.00294565 0.00321404
8 4 19 -7.60273e-05 0.000753112 0.0033539 0.00343825
9 4 19 -0.000110275 0.000237784 0.00371837 0.0037276
10 4 19 -0.000151166 -0.000271816 0.0040942 0.004106
11 4 19 -0.000188717 -0.000785438 0.00442432 0.00449745
12 4 19 -0.000230766 -0.00125291 0.00458792 0.00476152
13 4 19 -0.000273032 -0.00166948 0.00459956 0.00490078
14 4 19 -0.000313816 -0.00203659 0.0044716 0.00492355
15 4 19 -0.000356881 -0.00232918 0.00404799 0.00468387
16 4 19 -0.000396476 -0.00257578 0.00353987 0.00439574
17 4 19 -0.000416115 -0.00280713 0.00290257 0.00405932
18 4 19 -0.000409095 -0.00299697 0.00205602 0.00365737
19 4 19 -0.000387897 -0.00313835 0.00110616 0.00335012
20 4 19 -0.000365429 -0.00326645 0.000164526 0.00329094
21 4 19 -0.000331258 -0.0034067 -0.000579905 0.00347154
22 4 19 -0.000286775 -0.00352319 -0.0011837 0.00372777
23 4 19 -0.00025021 -0.00357853 -0.0016376 0.00394338
24 4 19 -0.000222865 -0.00357616 -0.00187526 0.00404416
25 4 19 -0.000192771 -0.00352993 -0.00191346 0.00401982
26 4 19 -0.000158913 -0.00340769 -0.00163411 0.00378259
27 4 19 -0.000130202 -0.00318191 -0.00126614 0.00342704
28 4 19 -0.000101256 -0.00287591 -0.000882948 0.0030101
29 4 19 -7.00899e-05 -0.00248504 -0.000331283 0.002508
30 4 19 -5.06482e-05 -0.00201633 2.18265e-05 0.00201709
31 4 19 -3.03684e-05 -0.00152542 0.000371277 0.00157024
32 4 19 1.60066e-05 -0.00100583 0.000906538 0.00135417
33 4 19 0.000319731 -0.000419337 0.00143951 0.00153306
34 4 19 0.000825954 0.000891909 0.00200937 0.00234846
35 4 19 -0.00161972 0.00197365 0.00208681 0.00329751
36 4 19 0.00398911 -0.00292469 0.0018461 0.00527967
37 4 19 0.00190781 -0.000376348 -0.000961473 0.00216929
38 4 19 0.000985892 0.000375787 0.00129252 0.00166848
39 4 19 0 0.000133041 -0.000970976 0.000980048
1 5 19 0.00355796 4.09145e-05 0.000193653 0.00356346
2 5 19 0.00298974 3.184e-05 0.000772123 0.003088
3 5 19 -0.010556 0.00112085 0.000621689 0.0106335
4 5 19 0.00138884 -0.00236729 0.00152064 0.00313772
5 5 19 0.000170014 0.000551052 0.00345928 0.00350702
6 5 19 -0.000579866 0.00644657 0.00470651 0.00800285
7 5 19 -0.00040577 0.00852849 0.00556527 0.0101918
8 5 19 -0.000402802 0.00893566 0.005993 0.0107668
9 5 19 -0.000404821 0.009235 0.00641445 0.0112514
10 5 19 -0.0003757 0.0094311 0.00684742 0.0116608
11 5 19 -0.000324951 0.00951255 0.00716091 0.011911
12 5 19 -0.000275555 0.00950739 0.00731018 0.011996
13 5 19 -0.000220995 0.00938842 0.00738327 0.0119459
14 5 19 -0.000170065 0.00918081 0.00742847 0.0118109
15 5 19 -0.000128175 0.00893025 0.00735572 0.0115703
16 5 19 -8.60045e-05 0.0086298 0.00747395 0.0114167
17 5 19 -4.08344e-05 0.0083246 0.00761965 0.0112854
18 5 19 -9.10289e-07 0.00809248 0.00783687 0.0112652
19 5 19 2.78001e-05 0.00793507 0.00837251 0.0115354
20 5 19 4.25949e-05 0.00785024 0.00912813 0.0120396
21 5 19 6.37949e-05 0.00783495 0.0100918 0.0127763
22 5 19 0.000103086 0.0078871 0.0111084 0.013624
23 5 19 0.000147255 0.00799829 0.0120926 0.0144991
24 5 19 0.000184575 0.0081521 0.0127792 0.0151591
25 5 19 0.000223793 0.00827507 0.0128826 0.015313
26 5 19 0.000274707 0.00832885 0.0125412 0.0150575
27 5 19 0.000325997 0.00832437 0.0115241 0.01422
28 5 19 0.000379396 0.00821867 0.00996517 0.0129227
29 5 19 0.000449882 0.00799712 0.00831946 0.0115486
30 5 19 0.000515074 0.00769585 0.00665181 0.0101852
31 5 19 0.00057047 0.00729241 0.00561923 0.00922391
32 5 19 0.000688844 0.00679854 0.00526119 0.00862408
33 5 19 0.00177886 0.00619574 0.00511527 0.00822907
34 5 19 0.00200467 0.0046603 0.00415295 0.00655622
35 5 19 -0.00711048 0.00252013 0.00207974 0.0078253
36 5 19 0.00740733 -0.00112773 0.00357338 0.00830117
37 5 19 0.00208722 -0.000348047 -0.00242154 0.00321582
38 5 19 0.000960995 0.000287603 0.00168576 0.00196164
39 5 19 0 0.000113845 -0.00113539 0.00114109
1 6 19 0.00349454 -2.3252e-05 0.000138408 0.00349736
2 6 19 0.00416342 -0.000133398 0.000764999 0.00423522
3 6 19 -0.0139357 0.000275189 0.000546517 0.0139491
4 6 19 0.00440267 -0.00109556 0.0013741 0.00474046
5 6 19 0.0061291 -0.000502645 0.00398787 0.00732951
6 6 19 0.00154947 0.00184908 0.00323264 0.00403359
7 6 19 4.93755e-05 0.00332187 0.0032371 0.00463854
8 6 19 -5.83564e-05 0.00387663 0.0038471 0.00546185
9 6 19 -0.000109418 0.00439752 0.00416461 0.00605756
10 6 19 -0.00014413 0.00490283 0.00443733 0.00661426
11 6 19 -0.000192771 0.00544126 0.00476754 0.00723698
12 6 19 -0.000254343 0.00602774 0.00524321 0.0079931
13 6 19 -0.000289731 0.00661976 0.00585119 0.00883977
14 6 19 -0.000305359 0.00724542 0.00656434 0.00978161
15 6 19 -0.000296435 0.00787977 0.00721923 0.0106909
16 6 19 -0.000250661 0.00843426 0.00804612 0.0116593
17 6 19 -0.000174148 0.00887847 0.00874784 0.0124652
18 6 19 -6.25693e-05 0.00915895 0.00942577 0.0131429
19 6 19 0.000106526 0.00921505 0.0101832 0.0137341
20 6 19 0.000291855 0.00913004 0.0105656 0.0139669
21 6 19 0.0004446 0.00896941 0.0105069 0.0138218
22 6 19 0.000546595 0.00868241 0.0100592 0.0132992
23 6 19 0.000612315 0.00820725 0.00954541 0.0126035
24 6 19 0.000641268 0.00760548 0.00898359 0.0117881
25 6 19 0.000641422 0.0069299 0.00824101 0.0107865
26 6 19 0.000633837 0.00621123 0.00775785 0.00995818
27 6 19 0.000613203 0.0055341 0.00753268 0.00936715
28 6 19 0.00057546 0.00490709 0.00776534 0.00920387
29 6 19 0.000563 0.00428802 0.00861208 0.00963701
30 6 19 0.00057512 0.00370483 0.00946463 0.0101802
31 6 19 0.000580443 0.00313917 0.00951955 0.0100406
32 6 19 0.00056812 0.00255403 0.00678136 0.00726861
33 6 19 0.000735577 0.00198655 0.00241793 0.00321463
34 6 19 0.000183879 0.00110304 0.00239648 0.00264454
35 6 19 -0.0115561 0.000345347 0.000621288 0.0115779
36 6 19 0.00926275 0.00028875 0.00611771 0.0111044
37 6 19 0.00205978 -0.000305245 -0.00360711 0.00416499
38 6 19 0.000993193 0.000136287 0.0018199 0.00207775
39 6 19 0 7.31001e-05 -0.00116438 0.00116667
1 7 19 0.003339 -4.54334e-05 0.000119371 0.00334144
2 7 19 0.00465979 -0.000194582 0.000740979 0.00472235
3 7 19 -0.0152155 -2.73492e-05 0.000494374 0.0152236
4 7 19 0.00504884 -0.000644913 0.00127049 0.00524604
5 7 19 0.00850065 -0.000490328 0.00432137 0.0095486
6 7 19 0.00303297 0.00017447 0.00258857 0.00399125
7 7 19 0.000617216 0.000747407 -0.00180875 0.00205211
8 7 19 0.000488778 0.000867464 -0.000363664 0.00106002
9 7 19 0.000467994 0.000944135 0.000819818 0.00133511
10 7 19 0.00045346 0.000995815 0.00154554 0.00189367
11 7 19 0.000408021 0.00106742 0.00207053 0.00236494
12 7 19 0.000361612 0.00113569 0.00255452 0.00281889
13 7 19 0.000345104 0.00119256 0.00292717 0.00317956
14 7 19 0.00031452 0.00130955 0.00331871 0.00358158
15 7 19 0.000266479 0.00144538 0.00360589 0.00389392
16 7 19 0.000196749 0.00154028 0.00402085 0.00431027
17 7 19 9.99665e-05 0.0015993 0.00429616 0.00458527
18 7 19 4.53865e-05 0.00155707 0.00457249 0.00483055
19 7 19 7.96604e-05 0.00134321 0.00486418 0.00504686
20 7 19 0.000142492 0.00122827 0.00489487 0.00504863
21 7 19 0.000171269 0.00126707 0.00487233 0.0050373
22 7 19 0.000136852 0.00140252 0.00464199 0.00485117
23 7 19 7.60833e-05 0.00139132 0.00433004 0.00454872
24 7 19 3.75122e-05 0.001293 0.00402835 0.00423094
25 7 19 2.07893e-05 0.00116439 0.0035361 0.00372294
26 7 19 3.26312e-05 0.00099665 0.00316631 0.00331962
27 7 19 5.97449e-05 0.00085374 0.00277078 0.00289994
28 7 19 5.57972e-05 0.000775927 0.00231508 0.00244229
29 7 19 4.99847e-05 0.000690802 0.00169568 0.00183168
30 7 19 7.50548e-05 0.000589529 0.000619274 0.0008583
31 7 19 0.000101235 0.000479272 -0.000558055 0.000742546
32 7 19 0.000115157 0.000325626 -0.00126949 0.00131564
33 7 19 3.73262e-05 0.00015827 0.0016412 0.00164923
34 7 19 -0.000388883 -0.000176088 0.00130847 0.00137635
35 7 19 -0.0123897 -0.000425202 -0.000272703 0.0124
36 7 19 0.00972954 0.000612474 0.00843684 0.0128926
37 7 19 0.00187491 -0.000234321 -0.00412783 0.00453973
38 7 19 0.00110741 4.8621e-05 0.00177287 0.00209089
39 7 19 0 5.34553e-05 -0.00110357 0.00110486
1 8 19 0.00313851 -4.82049e-05 8.85749e-05 0.00314013
2 8 19 0.00490007 -0.000216692 0.000637833 0.00494616
3 8 19 -0.0157504 -8.57716e-05 0.000368292 0.0157549
4 8 19 0.00526347 -0.000648262 0.00117709 0.00543231
5 8 19 0.00920279 -0.000472337 0.0043945 0.0102091
6 8 19 0.00363297 0.000104818 0.00278005 0.00457582
7 8 19 0.000756307 0.000661079 -0.00136177 0.00169217
8 8 19 0.0005886 0.000754344 -0.000581566 0.00111969
9 8 19 0.000555945 0.000810096 0.000298534 0.00102687
10 8 19 0.000524321 0.000844153 0.000882671 0.00132914
11 8 19 0.000476436 0.000877978 0.00150118 0.00180316
12 8 19 0.000460815 0.00087874 0.0020996 0.00232225
13 8 19 0.00047161 0.000886944 0.00253313 0.00272504
14 8 19 0.000442326 0.000966299 0.00311827 0.00329439
15 8 19 0.000388181 0.00104997 0.0036087 0.00377833
16 8 19 0.000292279 0.00114745 0.00414879 0.00431446
17 8 19 0.000150674 0.00118553 0.00450887 0.00466456
18 8 19 3.9304e-05 0.0010646 0.00470673 0.00482579
19 8 19 7.12534e-05 0.000796604 0.00466983 0.00473782
20 8 19 6.1763e-05 0.000799295 0.00442596 0.00449798
21 8 19 9.51286e-05 0.000705125 0.00454296 0.00459834
22 8 19 2.50947e-05 0.00088407 0.00447828 0.00456478
23 8 19 -5.72087e-05 0.000969301 0.00411237 0.00422544
24 8 19 -9.59055e-05 0.000903649 0.00368314 0.00379358
25 8 19 -0.000100089 0.000785979 0.00307651 0.0031769
26 8 19 -7.8615e-05 0.000675858 0.00253997 0.00262952
27 8 19 -2.09268e-05 0.000562621 0.00200424 0.00208182
28 8 19 6.4579e-06 0.000514176 0.00153858 0.00162224
29 8 19 -9.6728e-06 0.000482632 0.000971889 0.00108517
30 8 19 -1.83363e-05 0.000422574 0.000113548 0.000437948
31 8 19 -2.09989e-05 0.000332696 -0.000383766 0.000508334
32 8 19 -2.25151e-05 0.000181561 -0.000438291 0.000474942
33 8 19 -0.000205709 1.41094e-06 0.000235461 0.000312666
34 8 19 -0.000505903 -0.000383444 -8.67048e-05 0.000640691
35 8 19 -0.0120905 -0.000577386 -0.00116382 0.0121601
36 8 19 0.00984201 0.000580638 0.0102996 0.0142578
37 8 19 0.00160299 -0.000217016 -0.00422513 0.0045242
38 8 19 0.00126557 1.06358e-05 0.00162282 0.00205799
39 8 19 0 4.91974e-05 -0.0010149 0.00101609
1 9 19 0.00291323 -4.89245e-05 9.31831e-05 0.00291513
2 9 19 0.0051015 -0.000234215 0.000598851 0.00514186
3 9 19 -0.0162203 -0.000131913 0.000372694 0.0162251
4 9 19 0.00550735 -0.000656527 0.00125797 0.00568722
5 9 19 0.00980416 -0.000427188 0.00460137 0.0108387
6 9 19 0.00418697 9.87987e-05 0.00271183 0.00498944
7 9 19 0.000835502 0.000685315 -0.000369329 0.00114198
8 9 19 0.000642142 0.000780902 1.86397e-05 0.00101119
9 9 19 0.000605712 0.000828068 0.000606817 0.00119198
10 9 19 0.000566549 0.000836832 0.00109266 0.00148835
11 9 19 0.000525767 0.000827737 0.00183162 0.00207759
12 9 19 0.000519645 0.000789462 0.00252695 0.00269792
13 9 19 0.000510653 0.000773823 0.0031155 0.00325053
14 9 19 0.000467985 0.000774792 0.00403331 0.00413363
15 9 19 0.000448392 0.000745265 0.00477009 0.00484873
16 9 19 0.000274649 0.001025 0.00540115 0.00550441
17 9 19 5.41662e-06 0.000994035 0.00599507 0.00607692
18 9 19 -0.000121302 0.000537454 0.00636236 0.00638618
19 9 19 0.000103021 7.06552e-05 0.00639729 0.00639851
20 9 19 -8.54861e-05 0.000648994 0.00600602 0.00604158
21 9 19 0.00014291 -5.67719e-05 0.00611586 0.00611779
22 9 19 9.44423e-05 0.000247391 0.00580472 0.00581075
23 9 19 -0.000102708 0.000737394 0.00517787 0.00523112
24 9 19 -0.000198403 0.000727378 0.00458298 0.00464459
25 9 19 -0.00015696 0.000439083 0.0039644 0.00399173
26 9 19 -0.00014609 0.000451522 0.00324658 0.00328108
27 9 19 -0.000107647 0.000423671 0.00242649 0.00246555
28 9 19 -6.81858e-05 0.000389606 0.00180261 0.0018455
29 9 19 -7.93166e-05 0.000372577 0.00128036 0.00133583
30 9 19 -0.000113465 0.000346347 0.000505592 0.000623261
31 9 19 -0.000144522 0.000293833 -2.89777e-06 0.000327464
32 9 19 -0.000159946 0.000150608 -0.000238837 0.000324513
33 9 19 -0.000492045 -5.70632e-05 -0.000280293 0.000569147
34 9 19 -0.000558259 -0.000505815 -0.00166841 0.0018306
35 9 19 -0.0116211 -0.00068519 -0.00242759 0.0118917
36 9 19 0.00987603 0.000514033 0.0119675 0.0155249
37 9 19 0.00133226 -0.000199499 -0.00404411 0.00426257
38 9 19 0.0014309 -2.39173e-05 0.00145591 0.0020415
39 9 19 0 4.38729e-05 -0.000895028 0.000896103
1 10 19 0.00268022 -5.40902e-05 6.13699e-05 0.00268147
2 10 19 0.00528628 -0.000248853 0.000458821 0.00531198
3 10 19 -0.0166348 -0.000172349 0.000214897 0.0166371
4 10 19 0.00581079 -0.000651069 0.0011006 0.00594983
5 10 19 0.0103452 -0.000363329 0.00449694 0.0112862
6 10 19 0.00476988 6.80425e-05 0.00234458 0.00531539
7 10 19 0.000934042 0.000679152 -0.00029615 0.00119222
8 10 19 0.000722374 0.000765245 -2.27126e-05 0.00105259
9 10 19 0.000671438 0.000780206 0.00057996 0.00118148
10 10 19 0.000609925 0.000747659 0.00123128 0.00156431
11 10 19 0.000554341 0.000712499 0.00214966 0.00233152
12 10 19 0.000513129 0.000664661 0.00294961 0.0030668
13 10 19 0.000438351 0.00059425 0.00379021 0.00386147
14 10 19 0.000391838 0.000309981 0.00510735 0.00513173
15 10 19 0.000657997 -0.000425133 0.00618749 0.00623688
16 10 19 0.000135909 0.000834575 0.00671394 0.00676698
17 10 19 -0.000559648 8.77904e-05 0.00796153 0.00798165
18 10 19 -0.000593438 -0.000148653 0.00790508 0.00792872
19 10 19 0.000509718 -0.000153468 0.0077749 0.0077931
20 10 19 -0.000619059 -5.40527e-05 0.00669056 0.00671936
21 10 19 0.000419481 -0.000153516 0.00725232 0.00726606
22 10 19 0.000615345 -0.000160148 0.00692968 0.00695879
23 10 19 -4.43437e-05 -3.79677e-05 0.00651056 0.00651082
24 10 19 -0.000428826 0.000486998 0.00543322 0.00547183
25 10 19 -9.23809e-05 -0.000725688 0.00496234 0.00501597
26 10 19 -8.46961e-05 -2.63222e-05 0.00399188 0.00399287
27 10 19 -0.000111346 0.000228742 0.0028802 0.00289142
28 10 19 -0.000105676 0.000260533 0.0019706 0.00199056
29 10 19 -0.000127829 0.000234688 0.00134962 0.00137582
30 10 19 -0.000198795 0.000208886 0.000637477 0.000699664
31 10 19 -0.000285916 0.00019741 3.64859e-05 0.000349356
32 10 19 -0.00033454 9.73099e-05 -0.00053882 0.000641649
33 10 19 -0.000853365 -0.000107516 -0.00102903 0.00134116
34 10 19 -0.000589687 -0.000588733 -0.00346722 0.00356595
35 10 19 -0.0110023 -0.000770202 -0.00424167 0.0118167
36 10 19 0.00985003 0.000419551 0.0132594 0.016523
37 10 19 0.0010619 -0.000176321 -0.00369266 0.00384636
38 10 19 0.00159288 -5.5845e-05 0.00123361 0.00201549
39 10 19 0 3.41668e-05 -0.000773078 0.000773833
1 11 19 0.00243209 -5.64338e-05 4.52736e-05 0.00243317
2 11 19 0.00542792 -0.000254078 0.000373978 0.00544672
3 11 19 -0.0170078 -0.000210346 0.000192757 0.0170102
4 11 19 0.00616761 -0.000641111 0.00117601 0.00631137
5 11 19 0.0107862 -0.000293807 0.00467872 0.0117609
6 11 19 0.00538952 1.75985e-05 0.00251316 0.0059467
7 11 19 0.00104638 0.00065026 -0.000400434 0.00129542
8 11 19 0.000795796 0.000724309 -0.000117116 0.00108242
9 11 19 0.000712316 0.00071004 0.000562624 0.00115243
10 11 19 0.00063654 0.000659302 0.00122906 0.00153312
11 11 19 0.000585149 0.000632137 0.002093 0.00226333
12 11 19 0.000509751 0.000598641 0.00296443 0.00306693
13 11 19 0.000243223 0.000565118 0.00417688 0.00422195
14 11 19 -0.000208079 -0.00017299 0.00616227 0.00616821
15 11 19 0.00174027 -0.000342608 0.00881562 0.00899228
16 11 19 -0.000812067 -0.00109358 0.00844713 0.00855624
17 11 19 -0.000692291 -0.000842706 0.00856564 0.00863479
18 11 19 -0.000518474 -0.000389787 0.0077047 0.00773195
19 11 19 -0.000179808 -0.000277559 0.00657437 0.00658268
20 11 19 0.000155948 -4.44151e-05 0.00575328 0.00575556
21 11 19 0.000335863 -4.66741e-05 0.0057223 0.00573234
22 11 19 0.000452861 -0.000181352 0.00604969 0.00606932
23 11 19 0.000633431 -0.000760514 0.00660721 0.00668093
24 11 19 -0.00146299 -0.000866452 0.00651372 0.00673199
25 11 19 0.000496701 -0.00030597 0.0068426 0.00686743
26 11 19 9.19088e-05 -0.000441441 0.00455013 0.00457242
27 11 19 -0.000119222 0.000171345 0.00308017 0.00308723
28 11 19 -0.000164751 0.000213095 0.00197549 0.00199377
29 11 19 -0.000184742 0.00017744 0.00120401 0.00123096
30 11 19 -0.000270856 0.000118187 0.000543715 0.000618835
31 11 19 -0.000422815 0.000106049 2.93096e-05 0.000436895
32 11 19 -0.000536271 4.21676e-05 -0.000682857 0.000869286
33 11 19 -0.00128974 -0.00013956 -0.00146944 0.00196014
34 11 19 -0.000657011 -0.000622915 -0.00451153 0.00460147
35 11 19 -0.0102538 -0.000827644 -0.00607005 0.0119445
36 11 19 0.00977646 0.000288951 0.0142684 0.0172988
37 11 19 0.000797199 -0.000155537 -0.00313052 0.00323417
38 11 19 0.0017521 -8.32084e-05 0.000997142 0.00201769
39 11 19 0 2.28793e-05 -0.000640067 0.000640476
1 12 19 0.00216481 -5.49435e-05 5.17798e-05 0.00216613
2 12 19 0.00552894 -0.000256978 0.000303295 0.00554321
3 12 19 -0.0173117 -0.000254023 0.000124417 0.017314
4 12 19 0.0065939 -0.000619749 0.00111278 0.00671579
5 12 19 0.0111081 -0.000212375 0.00452928 0.0119979
6 12 19 0.00604311 -3.06145e-05 0.00243206 0.00651421
7 12 19 0.00116194 0.000609145 -9.50684e-05 0.00131537
8 12 19 0.000857075 0.000668496 0.000226049 0.00111021
9 12 19 0.000753733 0.00062905 0.000971864 0.00138143
10 12 19 0.000701095 0.000558158 0.00161871 0.00185022
11 12 19 0.000702553 0.00050447 0.00257847 0.00271967
12 12 19 0.000712136 0.000478261 0.00377696 0.00387315
13 12 19 -0.000116484 0.00155571 0.00528798 0.0055133
14 12 19 0.000301016 -0.000405892 0.00769885 0.00771542
15 12 19 0.000270694 -0.000793946 0.00799864 0.00804251
16 12 19 -0.000304055 -0.00109607 0.00728368 0.00737197
17 12 19 -0.000452603 -0.000952013 0.00583843 0.00593283
18 12 19 -0.000134885 -0.000519276 0.00409383 0.00412884
19 12 19 2.65414e-05 0.000253641 0.00237826 0.00239189
20 12 19 -1.24027e-05 0.000734466 0.00155824 0.0017227
21 12 19 -4.25801e-05 0.000640998 0.00175362 0.00186759
22 12 19 0.000275718 -0.000257254 0.00263892 0.00266573
23 12 19 0.000152776 -0.0008813 0.00384995 0.00395249
24 12 19 -0.000251943 -0.000958352 0.00507127 0.00516718
25 12 19 -0.000303138 -0.000615869 0.00588461 0.00592451
26 12 19 0.000308339 -0.000399231 0.00560047 0.00562314
27 12 19 -0.000312797 0.000811748 0.00391255 0.00400809
28 12 19 -0.00031814 7.38199e-05 0.00273279 0.00275224
29 12 19 -0.000302052 7.35686e-05 0.00167397 0.00170259
30 12 19 -0.000360253 4.30347e-05 0.000768764 0.000850078
31 12 19 -0.000542226 3.43822e-05 0.00018223 0.000573061
32 12 19 -0.000719403 -3.4592e-06 -0.000665822 0.000980241
33 12 19 -0.00174597 -0.000147652 -0.0017506 0.00247686
34 12 19 -0.000777422 -0.000596719 -0.00510587 0.00519907
35 12 19 -0.00939008 -0.000834681 -0.00829423 0.0125565
36 12 19 0.00966304 0.000133661 0.0145835 0.0174949
37 12 19 0.000538189 -0.000141868 -0.00247594 0.00253772
38 12 19 0.00191047 -0.000108447 0.000767578 0.00206176
39 12 19 0 1.10753e-05 -0.000480472 0.0004806
1 13 19 0.00189477 -5.59907e-05 2.69619e-05 0.00189579
2 13 19 0.00561292 -0.000261758 0.000160886 0.00562132
3 13 19 -0.0175277 -0.000290028 -3.40831e-05 0.0175302
4 13 19 0.00706844 -0.000567506 0.0010166 0.00716368
5 13 19 0.0112888 -0.000130946 0.00435425 0.0121001
6 13 19 0.00671054 -8.5653e-05 0.00262091 0.00720472
7 13 19 0.00126849 0.000536249 -0.000796047 0.0015907
8 13 19 0.000901387 0.000580451 -0.000325625 0.00112047
9 13 19 0.000787102 0.000517946 0.000530735 0.00108142
10 13 19 0.000748633 0.000409446 0.00128253 0.00154045
11 13 19 0.000845646 0.00022252 0.00256934 0.00271407
12 13 19 0.00207074 -0.000547886 0.00408185 0.00460973
13 13 19 -0.00174702 -0.00261307 0.00470058 0.00565471
14 13 19 -0.000355023 -0.00121149 0.00636207 0.00648611
15 13 19 6.2361e-05 -0.000947034 0.0052721 0.00535684
16 13 19 5.47643e-05 -0.000589847 0.00282062 0.00288216
17 13 19 -0.000170025 -0.000195176 0.000301069 0.000397045
18 13 19 -8.44241e-05 -2.66719e-05 -0.00124749 0.00125062
19 13 19 5.14928e-05 0.000739287 -0.00182366 0.00196849
20 13 19 -0.000216918 0.00154303 -0.00190175 0.00245858
21 13 19 -0.000138927 0.00110264 -0.00172359 0.00205082
22 13 19 -1.11467e-05 0.000112508 -0.00154657 0.0015507
23 13 19 -0.00028127 -0.000266996 -0.000600645 0.000714965
24 13 19 -0.000282447 -0.000469406 0.000983016 0.00112536
25 13 19 0.000121514 -0.000643205 0.00309837 0.00316676
26 13 19 0.00118258 -0.000856404 0.00432876 0.00456838
27 13 19 -0.00126994 -0.00196479 0.0033635 0.00409711
28 13 19 -0.000411022 -0.000761881 0.00294554 0.00307011
29 13 19 -0.000371405 -0.000151534 0.00179984 0.001844
30 13 19 -0.000449347 -3.76356e-05 0.000692551 0.000826412
31 13 19 -0.000664241 -1.43887e-05 9.29083e-05 0.000670861
32 13 19 -0.000895642 -3.46852e-05 -0.000679626 0.00112484
33 13 19 -0.00221245 -0.000143529 -0.00181062 0.0028625
34 13 19 -0.000986982 -0.0005314 -0.00516506 0.0052853
35 13 19 -0.00843869 -0.00079445 -0.0105421 0.0135269
36 13 19 0.00950976 -3.48871e-05 0.0143419 0.0172084
37 13 19 0.00026694 -0.000131405 -0.00168799 0.00171401
38 13 19 0.00205618 -0.000133917 0.000536527 0.00212924
39 13 19 0 -4.77635e-06 -0.000330201 0.000330236
1 14 19 0.00162187 -5.66206e-05 5.50784e-05 0.00162379
2 14 19 0.00565787 -0.000257403 0.000118153 0.00566495
3 14 19 -0.0176913 -0.000306786 -4.02906e-05 0.0176941
4 14 19 0.00753247 -0.00049958 0.00110424 0.00762936
5 14 19 0.0113201 -9.15271e-05 0.00426052 0.0120957
6 14 19 0.00735175 -0.00015029 0.00296514 0.00792861
7 14 19 0.00133131 0.000448568 -0.000241892 0.00142552
8 14 19 0.000898467 0.00048826 0.000211836 0.00104428
9 14 19 0.000775591 0.000415081 0.00101939 0.00134647
10 14 19 0.000666401 0.000311263 0.00183287 0.00197494
11 14 19 0.000293261 0.000263026 0.00343532 0.00345783
12 14 19 0.000448166 -0.000532116 0.00538133 0.00542611
13 14 19 -0.000295082 -0.00125292 0.00530947 0.00546328
14 14 19 -0.000180342 -0.00105952 0.00406643 0.00420607
15 14 19 2.6035e-05 -0.000524251 0.00116802 0.00128054
16 14 19 -0.000160322 0.000339649 -0.00178915 0.00182815
17 14 19 -0.000251685 0.000392342 -0.00328785 0.00332072
18 14 19 -9.22151e-05 6.54581e-05 -0.00315109 0.00315312
19 14 19 -7.16791e-05 0.000391289 -0.00218598 0.00222188
20 14 19 -0.000206644 0.00136366 -0.00183938 0.00229905
21 14 19 -7.77644e-05 0.000664631 -0.00168247 0.00181066
22 14 19 0.000179683 3.96005e-05 -0.00230482 0.00231215
23 14 19 -3.4835e-05 0.000192647 -0.00261575 0.00262306
24 14 19 -0.000292134 0.000392397 -0.00225696 0.00230937
25 14 19 -2.92272e-05 -0.000287195 -0.000337981 0.000444484
26 14 19 0.000133034 -0.000793135 0.00238195 0.00251405
27 14 19 -0.000330158 -0.000951971 0.00379124 0.00392285
28 14 19 6.69105e-05 -0.00042047 0.00404006 0.00406243
29 14 19 -0.000320074 -8.45288e-05 0.00260498 0.00262593
30 14 19 -0.000515144 -3.93764e-05 0.00124806 0.00135077
31 14 19 -0.000767957 -1.85306e-05 0.000546041 0.000942477
32 14 19 -0.00102787 -3.10624e-05 -0.000136568 0.00103737
33 14 19 -0.00263224 -0.000116176 -0.00116293 0.00288004
34 14 19 -0.00126948 -0.000436529 -0.00437269 0.00457412
35 14 19 -0.00738361 -0.000721497 -0.0122287 0.0143032
36 14 19 0.00937008 -0.000218116 0.0136829 0.0165852
37 14 19 2.65333e-06 -0.000116122 -0.000801339 0.000809713
38 14 19 0.00219146 -0.00015027 0.000309209 0.00221826
39 14 19 0 -2.11606e-05 -0.000164728 0.000166081
1 15 19 0.00134593 -5.52579e-05 4.66071e-05 0.00134787
2 15 19 0.00566203 -0.000244962 -2.96032e-05 0.0056674
3 15 19 -0.0177745 -0.000320052 -0.000200823 0.0177786
4 15 19 0.0080038 -0.000436306 0.000949958 0.00807177
5 15 19 0.0112883 -8.80744e-05 0.00382712 0.0119197
6 15 19 0.00798679 -0.000167929 0.00304389 0.00854881
7 15 19 0.00139595 0.000394333 -0.000748342 0.00163224
8 15 19 0.000913972 0.000414728 -0.000303366 0.00104851
9 15 19 0.000812867 0.000303413 0.000572799 0.00103967
10 15 19 0.000774759 8.82107e-05 0.00163356 0.00181012
11 15 19 -8.14232e-05 -0.000357053 0.00377845 0.00379616
12 15 19 -0.000248458 -0.000569904 0.00418351 0.00422946
13 15 19 -0.000140218 -0.00111809 0.0034186 0.00359953
14 15 19 -8.24605e-05 -0.000593961 0.00107169 0.00122805
15 15 19 -0.000310644 0.000590571 -0.0018185 0.00193706
16 15 19 -0.000297435 0.000693429 -0.00342445 0.00350659
17 15 19 -0.000207573 1.31914e-05 -0.00290498 0.00291242
18 15 19 -0.000335482 -0.000771224 -0.000839926 0.00118862
19 15 19 -0.000417297 -0.000825357 0.000791743 0.00121746
20 15 19 8.53384e-05 -0.000285657 0.000875022 0.000924417
21 15 19 0.000312262 -0.000428051 0.000515713 0.000739388
22 15 19 0.000370376 -0.000709395 -0.000319153 0.000861556
23 15 19 0.000264836 -0.000208271 -0.0015455 0.0015818
24 15 19 0.000224329 0.000458403 -0.00267301 0.00272129
25 15 19 7.53962e-05 0.000590816 -0.00248496 0.00255534
26 15 19 4.71976e-05 -0.000335284 -9.49333e-05 0.000351647
27 15 19 0.000220964 -0.000864243 0.00220454 0.00237818
28 15 19 9.80112e-05 -0.000486816 0.00343743 0.00347312
29 15 19 -0.000388442 -0.000319752 0.00319688 0.00323623
30 15 19 -0.000606433 -9.92174e-05 0.00153665 0.00165496
31 15 19 -0.000877066 -1.65377e-05 0.000719 0.00113423
32 15 19 -0.00114656 8.46862e-06 0.000129773 0.00115391
33 15 19 -0.00302809 -4.19942e-05 -0.000645206 0.00309635
34 15 19 -0.00168481 -0.00028248 -0.00354457 0.00393476
35 15 19 -0.00629656 -0.000598374 -0.0135911 0.0149908
36 15 19 0.00924111 -0.000419301 0.0122619 0.0153599
37 15 19 -0.000256997 -0.000109425 -3.29957e-05 0.000281265
38 15 19 0.0023128 -0.000160868 4.30239e-05 0.00231878
39 15 19 0 -3.9317e-05 -4.25979e-07 3.93193e-05
1 16 19 0.00106682 -5.01557e-05 3.9066e-05 0.00106871
2 16 19 0.00562534 -0.000224512 -0.000101138 0.00563073
3 16 19 -0.0177682 -0.000325301 -0.000171043 0.017772
4 16 19 0.00841796 -0.000351637 0.000987268 0.00848295
5 16 19 0.0111851 -9.01044e-05 0.00365925 0.0117688
6 16 19 0.00852702 -0.000133365 0.00346308 0.00920439
7 16 19 0.0014118 0.000326814 -0.000838308 0.00167414
8 16 19 0.00087895 0.000320372 -0.000418516 0.00102486
9 16 19 0.000692784 0.000221761 0.000539637 0.000905724
10 16 19 0.00033075 0.000106052 0.00166237 0.00169827
11 16 19 -0.000307201 -0.000154371 0.00301519 0.00303473
12 16 19 -0.000258989 -0.000509152 0.00272845 0.00278761
13 16 19 -0.000278595 -0.000513138 0.00121967 0.00135223
14 16 19 -0.000476522 0.000236859 -0.00068781 0.000869631
15 16 19 -0.000129032 0.000634575 -0.00216268 0.00225755
16 16 19 0.000248401 5.25458e-05 -0.00210158 0.00211686
17 16 19 0.000346299 -0.00132474 -0.00014528 0.00137694
18 16 19 -0.000132083 -0.002094 0.00132822 0.00248324
19 16 19 -0.000303027 -0.00165133 0.000559635 0.00176972
20 16 19 5.33062e-05 -0.000655476 -0.000899737 0.00111446
21 16 19 0.000287073 -0.000896233 -0.00111922 0.00146229
22 16 19 2.82363e-05 -0.00169209 0.000213017 0.00170568
23 16 19 -2.59688e-05 -0.0015161 0.000621287 0.00163867
24 16 19 0.000119824 -0.000439733 -0.000660978 0.000802879
25 16 19 0.000387044 0.00029608 -0.00171119 0.00177922
26 16 19 0.000186901 0.000268192 -0.00106502 0.00111406
27 16 19 0.00026322 -0.000388716 0.000436082 0.000640744
28 16 19 0.000382689 -0.000479351 0.00226858 0.00235004
29 16 19 -0.000163257 -0.000120272 0.0029791 0.00298599
30 16 19 -0.000613249 -1.30503e-05 0.00184014 0.00193968
31 16 19 -0.000965659 4.34168e-06 0.00114206 0.0014956
32 16 19 -0.00126245 2.05018e-05 0.000725905 0.00145641
33 16 19 -0.00339247 2.84391e-05 0.000322776 0.00340791
34 16 19 -0.00223849 -9.53885e-05 -0.00217029 0.00311931
35 16 19 -0.00522445 -0.00040938 -0.0137553 0.0147197
36 16 19 0.00912247 -0.000613702 0.010566 0.0139727
37 16 19 -0.000513913 -0.000111262 0.000860495 0.00100843
38 16 19 0.00241904 -0.000166331 -0.000127521 0.0024281
39 16 19 0 -5.73971e-05 0.000166028 0.000175669
1 17 19 0.000787046 -4.55136e-05 5.82124e-05 0.000790507
2 17 19 0.00555508 -0.000203642 -0.000133789 0.00556042
3 17 19 -0.0176622 -0.000329109 -0.000228419 0.0176668
4 17 19 0.00871592 -0.000261977 0.000726537 0.00875007
5 17 19 0.0110698 -0.00015018 0.00323774 0.0115346
6 17 19 0.00896199 -0.000123025 0.0035108 0.00962591
7 17 19 0.00141459 0.000192732 -0.000572032 0.001538
8 17 19 0.000835646 0.000163404 -0.00022344 0.000880301
9 17 19 0.00060383 1.3171e-06 0.000921136 0.00110141
10 17 19 -0.000154315 -0.000378781 0.00280937 0.00283899
11 17 19 -0.000392143 -4.04276e-05 0.00225652 0.0022907
12 17 19 -0.000507051 -0.000513264 0.00167362 0.00182251
13 17 19 -0.000462824 -0.000528276 0.000839709 0.00109471
14 17 19 -0.000209418 0.000150947 -0.000584914 0.000639347
15 17 19 0.000464455 2.57153e-05 -0.00098715 0.00109126
16 17 19 0.000696288 -0.000625314 -0.000464843 0.00104495
17 17 19 0.000671335 -0.00209704 -0.000177336 0.00220901
18 17 19 0.00030167 -0.00256469 -0.0011473 0.00282576
19 17 19 -6.95128e-05 -0.000994634 -0.00362294 0.00375763
20 17 19 -0.000129201 0.000651662 -0.00561781 0.00565695
21 17 19 -0.000277787 -0.000156823 -0.00508549 0.00509549
22 17 19 -0.000451776 -0.00217098 -0.00288798 0.00364111
23 17 19 -0.000456958 -0.00252225 -0.000426372 0.00259853
24 17 19 -0.000441171 -0.00142901 0.000825038 0.00170804
25 17 19 5.68033e-05 -0.000638873 0.000116901 0.000651959
26 17 19 0.000373641 -0.000250987 -2.25634e-05 0.000450679
27 17 19 0.000499343 -0.000695477 0.000863097 0.00121572
28 17 19 0.000433036 -0.00056658 0.00155935 0.00171467
29 17 19 0.000103763 -2.35712e-05 0.00246778 0.00247008
30 17 19 -0.000643337 -0.000290851 0.00285831 0.00294422
31 17 19 -0.00103597 -8.72702e-05 0.00176791 0.00205094
32 17 19 -0.00131278 -3.42212e-05 0.00137269 0.00189969
33 17 19 -0.0036554 4.28704e-05 0.00128985 0.00387653
34 17 19 -0.0028478 3.82314e-05 -0.000777484 0.00295227
35 17 19 -0.00414077 -0.000201689 -0.0128172 0.013471
36 17 19 0.0090599 -0.000794796 0.00832683 0.0123308
37 17 19 -0.000745968 -0.00011633 0.00153395 0.00170968
38 17 19 0.00252064 -0.000163475 -0.000296128 0.00254323
39 17 19 0 -7.31522e-05 0.000332134 0.000340095
1 18 19 0.000516402 -4.42508e-05 6.16762e-05 0.000521951
2 18 19 0.00547114 -0.000185691 -0.000209318 0.00547829
3 18 19 -0.0174322 -0.000331481 -0.000337078 0.0174386
4 18 19 0.00887997 -0.000168135 0.000565458 0.00889954
5 18 19 0.0110729 -0.000246039 0.00326457 0.0115467
6 18 19 0.0093362 -6.37498e-05 0.00387879 0.0101101
7 18 19 0.00144258 0.000175501 -0.00130546 0.00195347
8 18 19 0.000724284 0.000155898 -0.00101542 0.00125697
9 18 19 0.0002601 8.66915e-06 0.000275236 0.000378791
10 18 19 -7.23688e-05 -0.000387187 0.00229317 0.00232675
11 18 19 6.49242e-06 -0.000552394 0.00197784 0.00205354
12 18 19 -0.000144813 -0.00077235 0.0012688 0.00149243
13 18 19 -0.000291513 -0.000762193 0.000957035 0.00125771
14 18 19 -4.131e-05 -5.58832e-05 3.28586e-05 7.68709e-05
15 18 19 0.000286996 8.09677e-05 -0.000784131 0.000838918
16 18 19 0.00030642 -0.000182905 -0.00181153 0.00184634
17 18 19 0.000109322 -0.00106174 -0.00322608 0.00339806
18 18 19 -0.000203381 -0.00175339 -0.00355178 0.00396622
19 18 19 -0.000193938 -0.000369602 -0.00439757 0.00441733
20 18 19 -7.92246e-05 0.00130902 -0.00487289 0.00504627
21 18 19 -0.00015313 0.000128175 -0.00417908 0.00418385
22 18 19 -0.000392945 -0.001806 -0.00409037 0.00448856
23 18 19 -0.000443478 -0.00178802 -0.00388953 0.00430374
24 18 19 -0.000438945 -0.00102534 -0.00144603 0.0018262
25 18 19 -0.000149347 -0.000507696 -5.90136e-05 0.000532487
26 18 19 4.2029e-05 -0.000310869 0.000690461 0.000758381
27 18 19 -3.42342e-05 -0.000870037 0.00124483 0.00151912
28 18 19 -5.34086e-05 -0.000823948 0.00132643 0.00156242
29 18 19 9.9287e-05 -0.000579734 0.0023244 0.00239766
30 18 19 -0.000481178 -0.000322527 0.00279109 0.00285057
31 18 19 -0.00106628 -2.99722e-05 0.00180002 0.00209235
32 18 19 -0.00133637 8.90558e-05 0.00156466 0.0020596
33 18 19 -0.00392025 0.000138834 0.0018694 0.00434538
34 18 19 -0.00357778 0.000166621 0.000383597 0.00360214
35 18 19 -0.00314282 2.39392e-05 -0.010394 0.0108588
36 18 19 0.0090116 -0.000960056 0.00598649 0.0108613
37 18 19 -0.000987465 -0.000133621 0.00200973 0.0022432
38 18 19 0.00259882 -0.000162567 -0.000478366 0.00264748
39 18 19 0 -9.46273e-05 0.000492961 0.000501961
1 19 19 0.000248678 -3.60098e-05 6.73602e-05 0.000260144
2 19 19 0.00535589 -0.000150579 -0.000266537 0.00536463
3 19 19 -0.0171187 -0.000299066 -0.000396276 0.0171258
4 19 19 0.00882134 -2.84224e-05 0.000409126 0.00883087
5 19 19 0.011206 -0.000309438 0.00316832 0.0116494
6 19 19 0.00959303 0.00010012 0.00357079 0.0102365
7 19 19 0.00141982 0.00027449 -0.000991641 0.00175345
8 19 19 0.000573319 0.0002724 -0.000784496 0.00100912
9 19 19 -6.16812e-05 0.00016208 0.00026627 0.000317764
10 19 19 -7.50735e-05 6.27338e-05 0.00196852 0.00197095
11 19 19 -0.000103809 -0.000412947 0.000694308 0.000814473
12 19 19 -0.000464384 -0.000175172 0.000286578 0.000573119
13 19 19 -0.00071726 -0.000497885 0.000481292 0.000996992
14 19 19 -0.000653627 0.000108486 -0.000527871 0.00084714
15 19 19 -0.000339347 0.000536304 -0.00245009 0.00253095
16 19 19 -0.000225823 0.000550476 -0.00426755 0.00430883
17 19 19 -0.000450746 -0.000148837 -0.00438742 0.00441303
18 19 19 -0.000596337 -0.00153187 -0.00232754 0.00284951
19 19 19 -0.000311039 -0.000556965 -0.0016252 0.00174592
20 19 19 0.000184522 0.000977198 -0.00182395 0.00207744
21 19 19 0.00024923 -0.000169147 -0.00118615 0.0012238
22 19 19 -7.65559e-05 -0.00157897 -0.00248351 0.00294395
23 19 19 -0.000342416 -0.000633668 -0.00518583 0.00523561
24 19 19 -0.000238149 0.000131266 -0.00476247 0.00477022
25 19 19 0.000164556 0.000319003 -0.00260485 0.00262946
26 19 19 0.00026956 0.000214567 -0.000323444 0.000472565
27 19 19 0.000133472 -0.000415752 0.000742392 0.000861284
28 19 19 1.78167e-05 -0.000244738 0.000468109 0.000528526
29 19 19 8.29434e-05 -0.000448736 0.00125273 0.00133326
30 19 19 -0.000310432 -0.000152373 0.00251673 0.00254037
31 19 19 -0.0010181 0.000116344 0.00167652 0.00196489
32 19 19 -0.00137118 0.000258973 0.0016139 0.00213351
33 19 19 -0.0042045 0.000320844 0.00206936 0.00469713
34 19 19 -0.00438734 0.000329501 0.000897623 0.00449033
35 19 19 -0.00225298 0.000301379 -0.0066322 0.00701091
36 19 19 0.0089911 -0.00107082 0.00389896 0.00985842
37 19 19 -0.00123435 -0.000143454 0.00245669 0.00275309
38 19 19 0.0026508 -0.000153796 -0.000595067 0.00272112
39 19 19 0 -0.000115487 0.00065667 0.000666748
1 20 19 -1.29209e-05 -2.33172e-05 6.15904e-05 6.7112e-05
2 20 19 0.00521971 -0.000108448 -0.000325601 0.00523098
3 20 19 -0.0167125 -0.000257978 -0.000444869 0.0167205
4 20 19 0.0085397 0.000100755 0.000215783 0.00854302
5 20 19 0.0115349 -0.000414544 0.00320482 0.011979
6 20 19 0.00972727 0.000204477 0.0034013 0.0103068
7 20 19 0.00141139 0.000275254 -0.00175199 0.00226655
8 20 19 0.000513614 0.000265495 -0.00124131 0.00136935
9 20 19 9.64443e-06 0.000211621 -0.000125263 0.000246104
10 20 19 -3.36206e-05 0.000231928 0.0014335 0.00145253
11 20 19 -0.000217783 -0.000130051 0.000513541 0.000572771
12 20 19 -0.000299377 -0.000219826 0.000597233 0.000703305
13 20 19 -0.000494641 -0.000549572 0.00054704 0.000919756
14 20 19 -0.000575127 1.74828e-05 -0.000138107 0.000591735
15 20 19 -0.000101161 0.00040447 -0.00210423 0.00214514
16 20 19 0.000191093 0.000624431 -0.0034187 0.00348051
17 20 19 6.17211e-05 -0.000250824 -0.00272182 0.00273405
18 20 19 -0.000375871 -0.00175988 -0.00102162 0.00206934
19 20 19 -0.00034926 -0.000400979 -0.00212462 0.00219016
20 20 19 0.000301531 0.00147136 -0.00399556 0.00426853
21 20 19 0.000546248 0.00016648 -0.00333623 0.00338475
22 20 19 0.000135398 -0.00153674 -0.0022939 0.0027644
23 20 19 -0.000174738 -0.000479646 -0.00345919 0.00349665
24 20 19 -0.000116689 0.000433148 -0.0036004 0.00362824
25 20 19 0.000366661 0.000249839 -0.00207926 0.00212607
26 20 19 0.000468826 0.000110755 5.72379e-05 0.000485119
27 20 19 0.000309202 -0.000461318 0.000983184 0.00112919
28 20 19 0.000313649 -0.000290641 0.0010135 0.00110002
29 20 19 9.1398e-05 -0.000127721 0.00125506 0.00126485
30 20 19 -0.000213128 0.000501413 0.00248532 0.00254434
31 20 19 -0.000980691 0.000293192 0.00162034 0.00191657
32 20 19 -0.00137771 0.000324679 0.00154507 0.00209541
33 20 19 -0.00448307 0.000402275 0.00177113 0.004837
34 20 19 -0.00518829 0.000400792 0.000351451 0.0052156
35 20 19 -0.00147412 0.000555947 -0.00219504 0.00270191
36 20 19 0.00901818 -0.00114607 0.00180509 0.00926819
37 20 19 -0.0014669 -0.000148449 0.00260565 0.00299387
38 20 19 0.00268635 -0.000133246 -0.00074278 0.00279033
39 20 19 0 -0.000130196 0.000789749 0.000800409
1 21 19 -0.000260947 -1.51135e-05 5.76913e-05 0.000267675
2 21 19 0.00507898 -7.9685e-05 -0.000360985 0.00509242
3 21 19 -0.0162051 -0.000239408 -0.00046155 0.0162134
4 21 19 0.00804986 0.000179964 1.67412e-05 0.00805189
5 21 19 0.0120824 -0.000567418 0.00344692 0.0125772
6 21 19 0.00974294 0.000222436 0.00315724 0.0102441
7 21 19 0.00145443 0.00016723 -0.0015199 0.00211031
8 21 19 0.000595897 0.000120729 -0.00135911 0.00148891
9 21 19 0.000229447 0.000109708 -0.000496913 0.000558215
10 21 19 -1.09942e-05 0.000236339 0.000926936 0.000956654
11 21 19 -0.000128504 0.000137888 0.000345083 0.000393203
12 21 19 -0.000186653 -0.000223167 0.00049532 0.000574443
13 21 19 -0.000321396 -0.000647249 0.000546534 0.00090605
14 21 19 -0.000368952 -0.000349758 0.000207541 0.000549117
15 21 19 0.00018352 8.48558e-06 -0.00152414 0.00153517
16 21 19 0.000381984 0.000479664 -0.00272208 0.00279029
17 21 19 0.000102902 -7.06976e-05 -0.0028224 0.00282516
18 21 19 -0.000195159 -0.00125417 -0.00310781 0.00335701
19 21 19 -0.000232215 0.000431468 -0.00495959 0.00498373
20 21 19 7.59142e-05 0.00260822 -0.00693322 0.00740797
21 21 19 0.000652754 0.000920693 -0.00680039 0.00689341
22 21 19 0.000750587 -0.00124149 -0.00435334 0.00458871
23 21 19 0.000370067 -0.000566829 -0.00269263 0.00277642
24 21 19 0.000181149 6.97362e-05 -0.00185103 0.00186118
25 21 19 0.000557581 -0.00034785 -0.000831483 0.00105984
26 21 19 0.000759654 -0.000592175 0.00060512 0.0011375
27 21 19 0.000631176 -0.000700016 0.00118045 0.00151059
28 21 19 0.000440158 -0.000305098 0.0012088 0.00132213
29 21 19 3.80678e-05 0.000196661 0.00125463 0.00127052
30 21 19 -0.000730695 0.000327849 0.00166417 0.00184685
31 21 19 -0.00115554 0.00017 0.000814905 0.00142417
32 21 19 -0.00143029 0.000214341 0.000654689 0.00158754
33 21 19 -0.00479164 0.000344198 0.000795334 0.00486938
34 21 19 -0.00593346 0.000357972 -0.000952778 0.00602012
35 21 19 -0.000845074 0.000747404 0.00314624 0.00334239
36 21 19 0.0090656 -0.00121169 0.000353159 0.00915304
37 21 19 -0.00169543 -0.000169514 0.00270858 0.00319994
38 21 19 0.00270158 -0.000114646 -0.000814545 0.00282403
39 21 19 0 -0.000146261 0.000933584 0.000944971
1 22 19 -0.000500687 -9.33363e-06 4.5261e-05 0.000502815
2 22 19 0.00492269 -5.79929e-05 -0.000393536 0.00493873
3 22 19 -0.015637 -0.000226459 -0.000482671 0.0156461
4 22 19 0.00733893 0.000236377 -0.000248065 0.00734692
5 22 19 0.0128091 -0.000696721 0.00379223 0.0133768
6 22 19 0.00964198 0.000208914 0.00290823 0.0100732
7 22 19 0.00151441 4.91763e-05 -0.00219326 0.00266576
8 22 19 0.000707207 -5.26857e-05 -0.00218244 0.00229477
9 22 19 0.000427854 -3.32744e-05 -0.00121652 0.00129
10 22 19 1.61997e-05 7.16086e-05 0.000458926 0.000464762
11 22 19 -8.67805e-05 4.78251e-05 0.00063162 0.000639344
12 22 19 -0.000291431 -6.63924e-05 0.000417978 0.000513853
13 22 19 -0.000421069 -0.000273417 0.000227633 0.000551246
14 22 19 -0.000618366 -0.000114736 -0.000345879 0.000717756
15 22 19 -0.000369198 -5.27303e-05 -0.00185195 0.00188913
16 22 19 -0.000114636 0.000417356 -0.00270859 0.00274295
17 22 19 -0.000130057 0.000736359 -0.00395921 0.0040292
18 22 19 0.000171232 0.000790077 -0.00609568 0.00614906
19 22 19 0.000135622 0.00191416 -0.00636448 0.00664748
20 22 19 -0.000349677 0.00327655 -0.00631885 0.00712642
21 22 19 3.09985e-05 0.002096 -0.00735784 0.00765062
22 22 19 0.000681438 0.000549143 -0.00648109 0.00653992
23 22 19 0.000593516 0.000274643 -0.00357082 0.00363021
24 22 19 0.000537656 9.70664e-05 -0.00216316 0.00223108
25 22 19 0.000656976 -0.00024642 -0.00171665 0.00185451
26 22 19 0.000595338 -0.000313126 -0.000376496 0.00077086
27 22 19 0.000498793 -0.000417315 0.000619105 0.000897907
28 22 19 0.000247446 -0.000197653 0.000996606 0.00104571
29 22 19 2.74857e-05 7.96711e-05 0.00134665 0.00134928
30 22 19 -0.00102181 -0.000111798 0.00110166 0.00150674
31 22 19 -0.00128161 -2.38916e-05 -4.93164e-05 0.00128278
32 22 19 -0.00147292 9.79549e-05 -0.000645148 0.00161099
33 22 19 -0.00512091 0.000234332 -0.000962018 0.00521576
34 22 19 -0.00654778 0.000264791 -0.00369318 0.00752218
35 22 19 -0.000344466 0.000896937 0.0080854 0.00814228
36 22 19 0.00914421 -0.00124998 -0.000733283 0.00925834
37 22 19 -0.00190938 -0.000198738 0.00259195 0.00322543
38 22 19 0.00269926 -9.78317e-05 -0.000889932 0.00284386
39 22 19 0 -0.000164722 0.00105666 0.00106942
1 23 19 -0.000733506 -1.96211e-06 2.87065e-05 0.00073407
2 23 19 0.00475157 -3.41366e-05 -0.000409604 0.00476931
3 23 19 -0.0150383 -0.000203996 -0.000472565 0.0150471
4 23 19 0.00643032 0.000284552 -0.00053666 0.00645895
5 23 19 0.0136482 -0.000770924 0.00406678 0.014262
6 23 19 0.00945853 0.000148692 0.00230971 0.00973759
7 23 19 0.00156387 -0.000124087 -0.00257092 0.00301177
8 23 19 0.000776785 -0.000255719 -0.00249959 0.00262997
9 23 19 0.000404105 -0.000232445 -0.00151016 0.00158048
10 23 19 -0.000325046 -0.000169774 0.000299274 0.000473332
11 23 19 -4.76208e-05 -6.26993e-05 0.00045177 0.000458579
12 23 19 -0.000289608 -0.000281096 0.000249001 0.000474225
13 23 19 -0.000289353 -0.000634099 0.000137989 0.000710526
14 23 19 -0.000451369 -0.000376182 0.000455602 0.000743519
15 23 19 -0.000576789 -0.000308592 -0.000599372 0.000887222
16 23 19 -0.000355425 -3.95129e-06 -0.00111643 0.00117165
17 23 19 -0.000232066 0.000793645 -0.0022712 0.00241704
18 23 19 0.000108825 0.00189492 -0.00516196 0.00549986
19 23 19 0.000187868 0.00264701 -0.00570949 0.00629605
20 23 19 -0.000418531 0.00318175 -0.00510541 0.00603025
21 23 19 -0.000222623 0.00270479 -0.00610958 0.00668524
22 23 19 0.00035237 0.00181376 -0.00539786 0.00570533
23 23 19 0.000487737 0.000701079 -0.0023225 0.00247455
24 23 19 0.000554648 -5.90656e-05 -0.00118634 0.00131092
25 23 19 0.000411882 -0.000262898 -0.000828549 0.000961902
26 23 19 0.00019023 -0.00030848 0.000373716 0.000520587
27 23 19 0.000180376 -0.000619673 0.000471675 0.00079938
28 23 19 4.79639e-05 -0.000410385 0.000638569 0.000760583
29 23 19 -3.90521e-05 -6.56607e-05 0.000850959 0.000854381
30 23 19 -0.000899587 -0.000240585 0.000918385 0.00130789
31 23 19 -0.00124843 -0.000196244 -0.000625792 0.00141021
32 23 19 -0.00154247 -0.000113596 -0.00158283 0.00221302
33 23 19 -0.0054828 6.69553e-05 -0.00261956 0.00607681
34 23 19 -0.00699408 0.000129151 -0.00731099 0.0101185
35 23 19 4.01186e-05 0.000999015 0.0119311 0.0119729
36 23 19 0.00924457 -0.00125099 -0.00126815 0.00941463
37 23 19 -0.00211197 -0.000223729 0.00238258 0.00319173
38 23 19 0.00267582 -7.6455e-05 -0.000938594 0.00283669
39 23 19 0 -0.000181301 0.00116304 0.00117709
1 24 19 -0.000958112 8.01813e-06 3.06881e-06 0.000958151
2 24 19 0.00457497 -7.39659e-06 -0.000425882 0.00459475
3 24 19 -0.0144247 -0.000173572 -0.000430658 0.0144322
4 24 19 0.00538382 0.000323191 -0.00068533 0.00543688
5 24 19 0.0144853 -0.000766216 0.00457411 0.0152096
6 24 19 0.00915049 3.18711e-05 0.00175184 0.00931673
7 24 19 0.0015687 -0.000336925 -0.00291823 0.00333022
8 24 19 0.000747296 -0.000468611 -0.00298472 0.00311233
9 24 19 0.000263586 -0.000348046 -0.00231772 0.00235848
10 24 19 -0.000292627 -8.40298e-05 -0.00137218 0.00140555
11 24 19 -2.32676e-05 -8.95442e-05 -0.000124585 0.00015518
12 24 19 9.95543e-06 -0.000329968 4.3064e-05 0.000332915
13 24 19 7.71293e-05 -0.000601672 -0.000287349 0.000671214
14 24 19 -0.000304695 -0.000391599 0.000253072 0.000556987
15 24 19 -0.000742087 -0.000105678 3.44396e-05 0.000750365
16 24 19 -0.000532331 -0.000277307 -0.000294169 0.000668439
17 24 19 -0.000484866 0.000646856 -0.000940888 0.00124048
18 24 19 -0.00040854 0.0017166 -0.00233284 0.00292503
19 24 19 -0.000115694 0.0016109 -0.00200688 0.00257603
20 24 19 0.000124634 0.00129904 -0.00122945 0.00179293
21 24 19 0.000324915 0.00155521 -0.00191915 0.00249146
22 24 19 0.000443249 0.00161764 -0.0021558 0.00273143
23 24 19 0.000553515 0.000586239 -0.000701455 0.00106869
24 24 19 0.000758806 -0.000372772 -4.75141e-05 0.00084676
25 24 19 0.000422428 -0.000170472 0.000190386 0.000493713
26 24 19 9.26278e-07 -0.000391393 0.000709579 0.000810365
27 24 19 -4.89471e-05 -0.000609003 0.000404006 0.000732462
28 24 19 1.68284e-05 -0.000444965 0.000341313 0.000561045
29 24 19 -0.000291407 -1.60748e-05 -3.41884e-05 0.000293846
30 24 19 -0.000787015 -0.000103635 -0.0010007 0.00127731
31 24 19 -0.0011944 -0.000261871 -0.00178577 0.00216429
32 24 19 -0.00158034 -0.000295836 -0.00260101 0.00305782
33 24 19 -0.00584277 -0.000127702 -0.00398976 0.00707619
34 24 19 -0.00724843 -2.38584e-05 -0.0108657 0.0130615
35 24 19 0.00031751 0.00105469 0.0140971 0.0141401
36 24 19 0.0093405 -0.00121825 -0.00114728 0.00948922
37 24 19 -0.00231301 -0.000245544 0.0021827 0.00318975
38 24 19 0.00262815 -5.29131e-05 -0.000933393 0.00278948
39 24 19 0 -0.000197148 0.00127837 0.00129348
1 25 19 -0.00117659 2.12792e-05 -2.34334e-05 0.00117701
2 25 19 0.00439566 2.2555e-05 -0.000445316 0.00441822
3 25 19 -0.0138111 -0.000140096 -0.000455157 0.0138193
4 25 19 0.00430065 0.00034142 -0.000921339 0.00441146
5 25 19 0.015218 -0.000684003 0.00503451 0.0160438
6 25 19 0.00877145 -0.00015462 0.00129875 0.00886843
7 25 19 0.0015959 -0.000613495 -0.00336864 0.0037777
8 25 19 0.000772296 -0.000770246 -0.00344497 0.00361352
9 25 19 0.000285691 -0.000634426 -0.00291401 0.00299593
10 25 19 -0.00029698 -0.000287889 -0.00207587 0.00211668
11 25 19 -4.27465e-05 7.69039e-05 0.000241038 0.000256594
12 25 19 1.47064e-05 -0.000238025 0.000397715 0.000463734
13 25 19 0.00030665 -0.000225254 -0.000352571 0.000518729
14 25 19 -0.000299942 0.000153169 0.000130936 0.000361344
15 25 19 -0.000548435 0.00020119 6.70386e-06 0.000584211
16 25 19 -0.000269163 2.34901e-06 -0.000768934 0.000814686
17 25 19 -0.000216965 0.00053976 -0.000844121 0.00102516
18 25 19 -0.00028261 0.0014552 -0.000688047 0.00163429
19 25 19 -4.8441e-05 0.000735383 -0.000278945 0.000788001
20 25 19 0.000201548 -7.55106e-05 -6.31869e-05 0.000224312
21 25 19 0.000219524 0.000769635 -9.45171e-05 0.000805892
22 25 19 0.000104851 0.00150758 -0.000467525 0.00158189
23 25 19 0.000229022 0.00063043 -0.000545739 0.000864711
24 25 19 0.00057078 1.78392e-05 -0.000529565 0.000778811
25 25 19 0.000449463 0.000302815 7.94174e-05 0.000547742
26 25 19 -0.000154775 0.000236938 0.000190185 0.000340977
27 25 19 5.87865e-06 -0.00019064 -0.00021881 0.000290268
28 25 19 7.66913e-05 -0.000230169 0.000357183 0.000431786
29 25 19 -0.000504111 -0.000314769 0.000458958 0.0007509
30 25 19 -0.000828795 -0.000304053 -0.00150404 0.00174399
31 25 19 -0.00119809 -0.000463715 -0.00217937 0.00252984
32 25 19 -0.00161498 -0.000500831 -0.00278558 0.00325859
33 25 19 -0.00615624 -0.000337636 -0.0041952 0.00745741
34 25 19 -0.00729111 -0.000167797 -0.0128099 0.0147405
35 25 19 0.000534616 0.00106255 0.0137747 0.013826
36 25 19 0.00943921 -0.00116268 -0.000862671 0.0095496
37 25 19 -0.00249669 -0.000264065 0.00180008 0.00308926
38 25 19 0.00256612 -2.59315e-05 -0.000985011 0.0027488
39 25 19 0 -0.000210903 0.00135184 0.00136819
1 26 19 -0.0013898 3.84739e-05 -4.04381e-05 0.00139093
2 26 19 0.00421292 5.72247e-05 -0.000402983 0.00423253
3 26 19 -0.0132252 -0.000101313 -0.000395067 0.0132315
4 26 19 0.00325662 0.000341787 -0.00113427 0.00346539
5 26 19 0.0156707 -0.000536498 0.00525531 0.0165371
6 26 19 0.00830454 -0.000431696 0.00066063 0.00834195
7 26 19 0.00164646 -0.000988874 -0.003658 0.00413155
8 26 19 0.000876795 -0.00118631 -0.00370942 0.00399198
9 26 19 0.000433889 -0.00111986 -0.0032133 0.0034304
10 26 19 0.000115835 -0.000810347 -0.00263721 0.00276133
11 26 19 -0.00013496 -0.000575338 -0.00116034 0.00130216
12 26 19 -0.000247701 -0.000316536 0.00036381 0.000542133
13 26 19 0.000126329 0.000123592 -0.00031157 0.000358203
14 26 19 -0.000246053 0.000440814 0.000431128 0.000663875
15 26 19 -0.000158363 -4.56919e-05 6.40417e-05 0.000176827
16 26 19 3.55244e-05 -5.29289e-05 -0.000684981 0.000687941
17 26 19 -0.000172265 5.65323e-05 -7.47288e-05 0.000196101
18 26 19 -0.000157312 0.000363334 8.06527e-05 0.000404059
19 26 19 1.57609e-05 9.32828e-05 -0.00060228 0.000609664
20 26 19 0.000126783 -0.000540554 -0.000975351 0.00112231
21 26 19 0.000138863 0.000255161 -0.000431071 0.000519819
22 26 19 0.000124991 0.000506465 0.000336033 0.000620522
23 26 19 2.10403e-05 0.000120409 0.000323615 0.000345931
24 26 19 0.000280204 -6.2105e-05 -0.000204188 0.000352227
25 26 19 0.000427833 4.68678e-05 0.000304247 0.000527072
26 26 19 -3.28637e-05 0.00049739 0.000496327 0.000703432
27 26 19 0.000244693 0.000138963 -0.000373316 0.000467494
28 26 19 -0.000270168 -0.000459287 1.52318e-05 0.000533074
29 26 19 -0.000617742 -0.000585271 -0.000995767 0.00130985
30 26 19 -0.000875898 -0.000622327 -0.00220156 0.00244977
31 26 19 -0.0012452 -0.00078726 -0.00238813 0.00280597
32 26 19 -0.00169813 -0.000776032 -0.00257668 0.00318201
33 26 19 -0.0064187 -0.000574499 -0.00347758 0.0073228
34 26 19 -0.00715869 -0.000297289 -0.0114646 0.0135194
35 26 19 0.00072782 0.00101192 0.0109219 0.0109928
36 26 19 0.00953155 -0.00109579 -0.000386862 0.00960213
37 26 19 -0.00266581 -0.000275179 0.00155376 0.00309781
38 26 19 0.00248791 8.21112e-06 -0.000925601 0.00265452
39 26 19 0 -0.000219629 0.00143631 0.00145301
1 27 19 -0.00159808 5.69279e-05 -8.79371e-05 0.00160151
2 27 19 0.00403353 9.13823e-05 -0.000388821 0.00405325
3 27 19 -0.0126658 -6.11956e-05 -0.000282149 0.0126691
4 27 19 0.00235643 0.000337415 -0.00114403 0.0026411
5 27 19 0.0156771 -0.000322205 0.00554228 0.016631
6 27 19 0.007671 -0.000783402 0.000373032 0.00771992
7 27 19 0.00161477 -0.00145717 -0.00367703 0.00427216
8 27 19 0.000948066 -0.00168912 -0.00390429 0.00435838
9 27 19 0.00055626 -0.00174383 -0.00354825 0.00399255
10 27 19 0.00034583 -0.00153513 -0.00321575 0.00358012
11 27 19 0.000161768 -0.0013644 -0.00220628 0.00259912
12 27 19 0.000141365 -0.00112454 -0.000958872 0.00148459
13 27 19 -0.000165549 -0.000817604 0.000279866 0.000879891
14 27 19 -0.000136189 0.000296805 0.00012306 0.000348976
15 27 19 -0.000161397 7.00935e-05 -0.000391095 0.000428856
16 27 19 -2.56808e-05 -6.5183e-05 -0.000945969 0.00094856
17 27 19 1.29852e-05 -0.000138597 -0.000491262 0.000510604
18 27 19 0.000256309 -1.12749e-05 -0.000345571 0.000430396
19 27 19 0.000231268 -7.39474e-06 -0.000270721 0.000356131
20 27 19 8.86663e-05 -0.000284971 -0.000502267 0.000584246
21 27 19 -1.35262e-05 0.000150281 -2.63743e-05 0.000153176
22 27 19 7.35136e-05 5.68849e-05 5.44412e-05 0.000107722
23 27 19 0.000186792 -0.00018274 0.000185732 0.000320595
24 27 19 0.000306001 -0.000171724 -0.000293957 0.000457751
25 27 19 0.00025149 3.01604e-06 -4.04063e-05 0.000254733
26 27 19 0.000116847 0.000300097 0.000324621 0.000457264
27 27 19 -0.000371631 -0.000779724 0.000260438 0.000902168
28 27 19 -0.000549061 -0.00102707 -0.000959864 0.0015092
29 27 19 -0.00076343 -0.00111345 -0.00189257 0.00232474
30 27 19 -0.000952629 -0.00112178 -0.0026999 0.00307495
31 27 19 -0.00130881 -0.00122078 -0.00245353 0.00303695
32 27 19 -0.00175399 -0.00109588 -0.00218337 0.00300742
33 27 19 -0.00654604 -0.000830293 -0.00246337 0.00704331
34 27 19 -0.00689522 -0.000398069 -0.00512903 0.00860287
35 27 19 0.000928165 0.000913175 0.00623365 0.00636819
36 27 19 0.00959242 -0.00101952 1.19782e-05 0.00964645
37 27 19 -0.00283505 -0.000279335 0.00131763 0.00313874
38 27 19 0.00238832 4.5099e-05 -0.00086042 0.00253898
39 27 19 0 -0.000226618 0.00149734 0.00151439
1 28 19 -0.00180981 7.57154e-05 -0.000130944 0.00181612
2 28 19 0.00384428 0.000119922 -0.000401574 0.00386706
3 28 19 -0.0121393 -3.36575e-05 -0.000248036 0.0121419
4 28 19 0.00170896 0.000323683 -0.00119712 0.0021115
5 28 19 0.0151713 -6.54977e-05 0.00561444 0.0161769
6 28 19 0.00691034 -0.00119014 0.000498993 0.00702981
7 28 19 0.00151326 -0.00201971 -0.00348773 0.00430505
8 28 19 0.000953065 -0.00227442 -0.00374911 0.00448744
9 28 19 0.00059463 -0.00245948 -0.00341486 0.00425017
10 28 19 0.000433347 -0.00239369 -0.00316669 0.00399317
11 28 19 0.000359615 -0.00230351 -0.00246845 0.0033954
12 28 19 0.000378676 -0.00218612 -0.00155952 0.00271194
13 28 19 0.000754923 -0.00202914 -0.000454393 0.00221219
14 28 19 0.000257487 -0.00184843 0.000531449 0.00194047
15 28 19 -3.56535e-05 6.31736e-05 0.00015883 0.000174611
16 28 19 -0.000206608 -0.000216657 -1.49324e-05 0.00029975
17 28 19 -9.45617e-05 -0.000547706 -0.000191655 0.000587925
18 28 19 0.00036947 -0.000368955 -7.17712e-05 0.000527055
19 28 19 0.000215084 0.000210312 -0.000384228 0.000487979
20 28 19 -0.000138021 0.000445813 -0.000919427 0.00103109
21 28 19 -0.000237567 0.000349118 -0.000183864 0.000460573
22 28 19 0.000133243 -0.000296092 0.000243293 0.000405729
23 28 19 0.000266944 -0.000536106 0.000347444 0.000692377
24 28 19 6.94506e-05 -0.000250738 0.000331057 0.000421061
25 28 19 -0.000249503 3.9506e-05 0.000171207 0.000305163
26 28 19 -0.000858558 -0.00169516 0.00055653 0.00198001
27 28 19 -0.00063487 -0.00181825 -0.000534734 0.00199876
28 28 19 -0.000687451 -0.00184063 -0.00159646 0.00253164
29 28 19 -0.000771177 -0.00179732 -0.00249283 0.00316848
30 28 19 -0.000934115 -0.00174956 -0.00298778 0.00358613
31 28 19 -0.00128118 -0.00172103 -0.00243855 0.00324806
32 28 19 -0.00168774 -0.00144212 -0.0018527 0.00289148
33 28 19 -0.00645666 -0.00110624 -0.00280862 0.00712745
34 28 19 -0.00657586 -0.00046415 0.00625511 0.00908756
35 28 19 0.0011761 0.000783647 0.000971137 0.00171477
36 28 19 0.00962596 -0.000936828 0.000103093 0.00967199
37 28 19 -0.00299234 -0.000280761 0.00102887 0.00317671
38 28 19 0.00227671 8.12885e-05 -0.000843524 0.00242931
39 28 19 0 -0.000232689 0.00153304 0.0015506
1 29 19 -0.00202788 9.93493e-05 -0.000154722 0.00203619
2 29 19 0.00362585 0.000149254 -0.000376535 0.0036484
3 29 19 -0.0116832 -1.55632e-05 -0.000205707 0.011685
4 29 19 0.00131092 0.00030997 -0.00132176 0.00188723
5 29 19 0.0140326 0.000218003 0.00515358 0.0149506
6 29 19 0.00599213 -0.00158029 0.000480145 0.00621558
7 29 19 0.00133582 -0.0026143 -0.00310041 0.00426984
8 29 19 0.00088796 -0.0028978 -0.00331793 0.00449382
9 29 19 0.000549174 -0.00320038 -0.00293222 0.00437515
10 29 19 0.000362351 -0.00331292 -0.00267181 0.00427146
11 29 19 0.000320868 -0.00332566 -0.00218217 0.00399059
12 29 19 0.000390784 -0.00330795 -0.0016782 0.00372983
13 29 19 0.000758456 -0.00335394 -0.00100556 0.00358264
14 29 19 0.00198765 -0.00364786 -0.000281363 0.00416375
15 29 19 0.000207977 -0.00484578 -3.2922e-05 0.00485035
16 29 19 -8.9547e-06 -0.00439139 -0.000495731 0.00441929
17 29 19 -0.000147406 -0.00291116 -0.00109341 0.00311321
18 29 19 -0.000215009 5.37252e-05 -0.000694216 0.000728733
19 29 19 -0.000147687 4.58867e-05 -0.000531441 0.000553486
20 29 19 0.000142483 -1.94788e-06 -0.000227516 0.000268456
21 29 19 0.000292669 4.90375e-05 -0.000229528 0.000375157
22 29 19 0.000225037 5.33435e-05 -0.00018474 0.000296
23 29 19 7.71316e-05 -0.00286284 -0.000610322 0.00292819
24 29 19 -0.00036002 -0.00431828 -0.000125442 0.00433507
25 29 19 -0.00202447 -0.00460187 6.14638e-05 0.00502787
26 29 19 -0.000887124 -0.00332867 -0.000359036 0.00346351
27 29 19 -0.000598033 -0.00293436 -0.00139691 0.00330446
28 29 19 -0.00057347 -0.00272874 -0.00228273 0.00360357
29 29 19 -0.000645461 -0.002607 -0.00301502 0.00403775
30 29 19 -0.000858502 -0.0024765 -0.00326405 0.00418618
31 29 19 -0.00118765 -0.00224923 -0.00269067 0.0037026
32 29 19 -0.00152067 -0.00180174 -0.00177958 0.00295392
33 29 19 -0.00614275 -0.00138961 -0.00629006 0.00890108
34 29 19 -0.00630015 -0.000486497 0.0194457 0.0204466
35 29 19 0.00151767 0.00064203 -0.00342562 0.00380137
36 29 19 0.00964731 -0.000852096 -0.000185105 0.00968663
37 29 19 -0.00312962 -0.000280509 0.000884807 0.00326437
38 29 19 0.0021552 0.000119346 -0.000755918 0.00228704
39 29 19 0 -0.000234521 0.00157652 0.00159387
1 30 19 -0.00224536 0.00012486 -0.000182936 0.00225626
2 30 19 0.00339408 0.000177384 -0.00030793 0.00341263
3 30 19 -0.0112639 -9.09965e-06 2.32116e-05 0.0112639
4 30 19 0.00118408 0.000294865 -0.00103664 0.00160113
5 30 19 0.0122366 0.000489152 0.00498979 0.013224
6 30 19 0.00488329 -0.00188169 0.00133939 0.00540197
7 30 19 0.00105298 -0.0031404 -0.00227582 0.00401873
8 30 19 0.000735784 -0.00346676 -0.0022711 0.00420924
9 30 19 0.000463127 -0.00384651 -0.00174024 0.00424718
10 30 19 0.000248205 -0.00415149 -0.00137858 0.00438143
11 30 19 0.000180019 -0.00434027 -0.000859045 0.00442812
12 30 19 0.000230895 -0.00442684 -0.000416665 0.00445239
13 30 19 0.000392367 -0.00452889 4.33077e-06 0.00454586
14 30 19 0.000713377 -0.00480376 0.000547177 0.00488717
15 30 19 0.000661894 -0.00528865 0.000821982 0.00539292
16 30 19 0.00128281 -0.00556289 0.00104637 0.00580398
17 30 19 0.00256715 -0.00609407 0.00260901 0.00710879
18 30 19 8.05333e-05 -0.00783395 0.000122682 0.00783532
19 30 19 0.000334038 -0.00776251 0.000176783 0.0077717
20 30 19 -0.000391043 -0.00806826 3.6248e-05 0.00807782
21 30 19 -0.000116137 -0.00767382 0.000588425 0.00769723
22 30 19 -0.00250741 -0.00767304 0.000861615 0.00811819
23 30 19 -0.00127639 -0.00591769 0.00333949 0.00691379
24 30 19 -0.000763584 -0.00536898 0.00172168 0.00568974
25 30 19 -0.000823783 -0.00500129 0.00124049 0.00521827
26 30 19 -0.000538453 -0.00439505 0.000567865 0.00446418
27 30 19 -0.000418777 -0.00399402 -0.000460447 0.00404223
28 30 19 -0.000406304 -0.00373179 -0.00131872 0.00397874
29 30 19 -0.000511859 -0.00351224 -0.00231329 0.00423664
30 30 19 -0.000740419 -0.00317757 -0.00312186 0.00451566
31 30 19 -0.000976551 -0.00269519 -0.00315652 0.00426396
32 30 19 -0.00120837 -0.00211546 -0.000553814 0.00249841
33 30 19 -0.00556144 -0.0016285 -0.00821233 0.0100511
34 30 19 -0.0061296 -0.000456316 0.02875 0.0293997
35 30 19 0.00198341 0.000495958 -0.00519026 0.00557842
36 30 19 0.00964696 -0.000773858 -0.000783693 0.00970963
37 30 19 -0.0032628 -0.000281421 0.000826571 0.00337761
38 30 19 0.00201561 0.000157874 -0.000655439 0.00212537
39 30 19 0 -0.000233879 0.00158674 0.00160389
1 31 19 -0.00247267 0.000150629 -0.000249826 0.00248982
2 31 19 0.00313647 0.000203941 -0.000378658 0.00316582
3 31 19 -0.0108557 -9.66706e-06 -2.22703e-05 0.0108557
4 31 19 0.00132947 0.00028716 -0.0010993 0.00174884
5 31 19 0.00987751 0.00071229 0.00430794 0.0107996
6 31 19 0.00359696 -0.00204712 0.00216722 0.0046718
7 31 19 0.000650004 -0.00351567 -0.00220237 0.00419915
8 31 19 0.000437748 -0.00391753 -0.00133477 0.00416176
9 31 19 0.000277166 -0.00431028 -0.000424559 0.00434
10 31 19 8.70331e-05 -0.00471505 3.29235e-05 0.00471597
11 31 19 -2.05432e-05 -0.00508416 0.000491335 0.00510789
12 31 19 1.67165e-07 -0.00533719 0.000898014 0.00541221
13 31 19 9.58148e-05 -0.00550601 0.0011289 0.00562137
14 31 19 0.000224363 -0.00574722 0.00151394 0.00594751
15 31 19 0.000332223 -0.00606849 0.00177755 0.00633219
16 31 19 0.000609451 -0.00642204 0.00197804 0.00674734
17 31 19 0.000838391 -0.00694644 0.00244179 0.00741068
18 31 19 0.00031684 -0.00769483 0.0024481 0.00808109
19 31 19 0.000150249 -0.00791674 0.00263604 0.00834542
20 31 19 -0.000191904 -0.00801262 0.00285214 0.00850726
21 31 19 -0.000343072 -0.007864 0.00328748 0.0085304
22 31 19 -0.000833572 -0.00759846 0.00362549 0.00846024
23 31 19 -0.000623233 -0.00676332 0.00378834 0.00777704
24 31 19 -0.00038734 -0.00619179 0.00310963 0.0069396
25 31 19 -0.000301492 -0.0057571 0.00243693 0.00625889
26 31 19 -0.000202569 -0.00530614 0.00150586 0.0055194
27 31 19 -0.000133788 -0.00493996 0.000368944 0.00495552
28 31 19 -0.000133171 -0.00460996 -0.000661444 0.00465908
29 31 19 -0.000252789 -0.00419268 -0.00227006 0.00477448
30 31 19 -0.000423863 -0.00361807 -0.0043928 0.00570673
31 31 19 -0.000531966 -0.00298182 -0.00676313 0.00741041
32 31 19 -0.000707763 -0.0023634 -0.00328018 0.00410441
33 31 19 -0.00470275 -0.00179049 0.0106662 0.0117936
34 31 19 -0.00610237 -0.000387793 0.0263164 0.0270175
35 31 19 0.00259172 0.000347806 -0.00445357 0.00516452
36 31 19 0.00962997 -0.000698091 -0.00175642 0.0098137
37 31 19 -0.00338686 -0.000278939 0.000719814 0.00347373
38 31 19 0.00186496 0.000197081 -0.000584019 0.00196417
39 31 19 0 -0.000232085 0.00157191 0.00158895
1 32 19 -0.00271653 0.000179709 -0.000253075 0.0027342
2 32 19 0.00283098 0.000232992 -0.000304982 0.00285687
3 32 19 -0.0104587 -2.01345e-05 0.000149383 0.0104598
4 32 19 0.00168469 0.000336479 -0.000935681 0.00195624
5 32 19 0.00710113 0.000833536 0.00367474 0.00803894
6 32 19 0.00215789 -0.00223126 0.00282342 0.00419603
7 32 19 0.000145151 -0.00395436 -0.00181637 0.00435399
8 32 19 -2.09113e-05 -0.00454677 0.0011686 0.00469459
9 32 19 -7.41919e-05 -0.00500637 0.00254531 0.00561675
10 32 19 -0.00016816 -0.0054285 0.0031011 0.00625409
11 32 19 -0.000278713 -0.00586787 0.00342966 0.00680236
12 32 19 -0.000318252 -0.0062607 0.00373386 0.00729653
13 32 19 -0.000265926 -0.00653744 0.00375969 0.00754614
14 32 19 -0.00017001 -0.00678392 0.00391964 0.00783672
15 32 19 -6.44226e-05 -0.00700832 0.00415156 0.00814593
16 32 19 4.04077e-05 -0.00726996 0.00438104 0.00848807
17 32 19 9.35668e-05 -0.00757699 0.00486932 0.00900721
18 32 19 8.75153e-05 -0.00780881 0.00539812 0.00949341
19 32 19 2.47104e-05 -0.00791107 0.00578471 0.00980044
20 32 19 -5.82532e-05 -0.00792062 0.0063261 0.010137
21 32 19 -0.000103788 -0.00788847 0.00696879 0.0105263
22 32 19 -9.92504e-05 -0.00775837 0.00748479 0.0107807
23 32 19 -5.53795e-05 -0.00741452 0.00732313 0.0104214
24 32 19 4.39136e-05 -0.00704769 0.00654898 0.00962086
25 32 19 0.000139098 -0.00671047 0.00552598 0.00869403
26 32 19 0.000217089 -0.00634974 0.00422112 0.00762786
27 32 19 0.000258912 -0.00596875 0.0029808 0.00667669
28 32 19 0.000218343 -0.00550546 0.00192901 0.00583771
29 32 19 0.000115708 -0.00489598 7.13833e-06 0.00489735
30 32 19 5.32375e-05 -0.00420017 -0.00378946 0.00565723
31 32 19 4.74876e-05 -0.00351773 -0.0145536 0.0149727
32 32 19 -0.00013425 -0.00281025 -0.0565203 0.0565903
33 32 19 -0.0036663 -0.00202616 0.0953234 0.0954154
34 32 19 -0.00626085 -0.000390106 0.0137821 0.0151425
35 32 19 0.00333055 0.000250716 -0.00282925 0.00437723
36 32 19 0.00960252 -0.000604352 -0.00281397 0.0100246
37 32 19 -0.00349712 -0.000281148 0.00072428 0.00358238
38 32 19 0.00170657 0.000238591 -0.000458884 0.00178322
39 32 19 0 -0.000226485 0.00156107 0.00157742
1 33 19 -0.00296771 0.000208518 -0.000302171 0.00299034
2 33 19 0.00247689 0.000314542 -0.000317626 0.00251691
3 33 19 -0.00999518 -0.000201317 0.000253196 0.0100004
4 33 19 0.00212513 0.000953883 -0.000733995 0.0024423
5 33 19 0.00398619 -0.000417824 0.00314172 0.00509261
6 33 19 0.000524868 -0.00653442 0.00431819 0.0078499
7 33 19 -0.000439073 -0.00975886 0.00615172 0.0115443
8 33 19 -0.000573515 -0.011158 0.00602765 0.012695
9 33 19 -0.000574788 -0.0122949 0.00636151 0.0138551
10 33 19 -0.000535618 -0.0132226 0.0066551 0.0148126
11 33 19 -0.000534064 -0.0140298 0.00684083 0.0156179
12 33 19 -0.00055682 -0.0147499 0.00709402 0.0163766
13 33 19 -0.000542554 -0.0153145 0.00703789 0.016863
14 33 19 -0.000484841 -0.0157487 0.00696737 0.0172279
15 33 19 -0.000413043 -0.016018 0.00699687 0.0174844
16 33 19 -0.000345759 -0.016168 0.0070515 0.0176422
17 33 19 -0.00026576 -0.0162359 0.00743319 0.0178586
18 33 19 -0.0001765 -0.0161939 0.00805972 0.0180896
19 33 19 -6.62056e-05 -0.0161071 0.00890012 0.0184026
20 33 19 8.26007e-05 -0.0160202 0.00997919 0.0188743
21 33 19 0.000206269 -0.0159769 0.0108317 0.0193036
22 33 19 0.000294966 -0.0159285 0.0114012 0.0195906
23 33 19 0.000373311 -0.0157586 0.0113173 0.019405
24 33 19 0.000452618 -0.0155395 0.0104121 0.0187107
25 33 19 0.000536779 -0.0152105 0.00893063 0.0176466
26 33 19 0.000601591 -0.01468 0.00704254 0.016293
27 33 19 0.000626338 -0.0139595 0.00543273 0.0149925
28 33 19 0.000619048 -0.0130261 0.00420743 0.0137027
29 33 19 0.000642102 -0.0118752 0.00175116 0.0120208
30 33 19 0.000718507 -0.0105852 -0.00438378 0.0114795
31 33 19 0.000763854 -0.00916057 -0.0167958 0.0191467
32 33 19 0.000559209 -0.00751861 -0.0237462 0.0249143
33 33 19 -0.00238452 -0.00569783 0.0224541 0.0232882
34 33 19 -0.0063964 -0.00243176 0.0220834 0.0231194
35 33 19 0.00413247 0.000708847 -0.00211442 0.0046958
36 33 19 0.00954928 -0.000329093 -0.00396313 0.0103442
37 33 19 -0.00358666 -0.0005303 0.000755679 0.00370357
38 33 19 0.00153417 0.000323711 -0.000344265 0.0016053
39 33 19 0 -0.000205774 0.0015176 0.00153148
1 34 19 -0.00317461 0.000260191 -0.000338864 0.00320323
2 34 19 0.00184989 0.000511359 -0.000345364 0.00195009
3 34 19 -0.00873871 -0.000491684 0.00017615 0.0087543
4 34 19 0.000730545 0.00246799 -0.000778559 0.00268902
5 34 19 -0.00223237 -0.000919483 0.00261271 0.00355741
6 34 19 -0.00267995 -0.00146082 0.00686533 0.00751324
7 34 19 -0.00176385 0.00197723 0.0101416 0.010482
8 34 19 -0.00170467 0.00568123 0.0119681 0.0133573
9 34 19 -0.00163385 0.00915476 0.0135112 0.0164022
10 34 19 -0.00146764 0.0124293 0.0145274 0.0191752
11 34 19 -0.0012602 0.0154427 0.0149221 0.0215113
12 34 19 -0.00107587 0.0180925 0.015068 0.0235699
13 34 19 -0.000911626 0.020378 0.014775 0.0251872
14 34 19 -0.000753651 0.02227 0.0142664 0.0264584
15 34 19 -0.000595727 0.0238201 0.0137903 0.0275304
16 34 19 -0.000439543 0.0250473 0.0133556 0.028389
17 34 19 -0.000283823 0.0259647 0.013317 0.029182
18 34 19 -0.000144075 0.026618 0.0137665 0.0299676
19 34 19 -9.61381e-06 0.0269773 0.0148284 0.030784
20 34 19 0.000139597 0.0270949 0.0163436 0.0316428
21 34 19 0.000289693 0.0269984 0.017588 0.0322233
22 34 19 0.000442967 0.0266239 0.0184298 0.0323834
23 34 19 0.000629158 0.0259362 0.0182865 0.0317407
24 34 19 0.000832279 0.0248184 0.0163382 0.0297251
25 34 19 0.00104522 0.0232767 0.0122063 0.0263039
26 34 19 0.00126661 0.0213096 0.00582739 0.0221283
27 34 19 0.00150037 0.0188306 -0.00163071 0.0189606
28 34 19 0.00175744 0.0158406 -0.00811382 0.0178843
29 34 19 0.0020359 0.0123809 -0.011204 0.0168215
30 34 19 0.00226914 0.00849708 -0.00832423 0.0121096
31 34 19 0.00239611 0.00433577 -0.000749822 0.00501023
32 34 19 0.00228968 3.31709e-05 0.00574014 0.00618005
33 34 19 0.000782479 -0.00409807 0.00637473 0.00761864
34 34 19 -0.00365692 -0.00517339 0.0124907 0.0140056
35 34 19 0.00453539 0.000604566 1.60798e-05 0.00457554
36 34 19 0.00906244 0.000231659 -0.00471768 0.0102195
37 34 19 -0.00335677 -0.00122662 0.000723148 0.00364629
38 34 19 0.00131046 0.000456514 -0.000211939 0.00140379
39 34 19 0 -0.000157692 0.00145922 0.00146772
1 35 19 -0.00325046 0.000422353 -0.000348979 0.00329631
2 35 19 0.000716023 0.000761158 -0.000277562 0.00108125
3 35 19 -0.00570437 0.000104033 1.6396e-05 0.00570534
4 35 19 -0.00257415 0.00539559 -0.00118873 0.00609522
5 35 19 -0.00276242 0.0102543 -0.000100823 0.0106203
6 35 19 0.000762036 0.0150214 0.000613641 0.0150533
7 35 19 0.0020272 0.0152056 -1.05932e-05 0.0153401
8 35 19 0.00195471 0.0136827 -0.00136998 0.0138893
9 35 19 0.00176656 0.012052 -0.00280389 0.0124994
10 35 19 0.0015672 0.0104387 -0.00444582 0.0114537
11 35 19 0.00139141 0.00889636 -0.00659321 0.0111603
12 35 19 0.00122048 0.0074086 -0.00908046 0.0117827
13 35 19 0.00104651 0.00600429 -0.0120712 0.0135226
14 35 19 0.00086932 0.00467336 -0.0155178 0.0162295
15 35 19 0.000706403 0.00343358 -0.0192168 0.0195339
16 35 19 0.000574952 0.00229528 -0.0231248 0.0232455
17 35 19 0.000486391 0.00129425 -0.0269098 0.0269453
18 35 19 0.000430426 0.00047203 -0.0303364 0.0303431
19 35 19 0.000376347 -0.000228269 -0.0329371 0.03294
20 35 19 0.000332813 -0.000765453 -0.0341948 0.034205
21 35 19 0.000325577 -0.00108818 -0.0339623 0.0339813
22 35 19 0.000346493 -0.00123723 -0.0317952 0.0318212
23 35 19 0.000370331 -0.00120456 -0.0277791 0.0278076
24 35 19 0.000361314 -0.00100775 -0.0223184 0.0223441
25 35 19 0.00032047 -0.000627479 -0.015797 0.0158127
26 35 19 0.000265574 -8.07799e-05 -0.00914454 0.00914875
27 35 19 0.000201023 0.000578779 -0.0032815 0.00333821
28 35 19 0.000123754 0.00135785 0.000945447 0.0016592
29 35 19 2.57289e-05 0.00224301 0.00281108 0.00359638
30 35 19 -0.000107885 0.00319311 0.00282513 0.00426486
31 35 19 -0.00023904 0.00419163 0.00183251 0.00458094
32 35 19 -0.000187357 0.00516129 0.00100703 0.00526195
33 35 19 0.00135044 0.00590135 0.000675233 0.00609143
34 35 19 0.00308305 0.0052399 0.000561536 0.0061055
35 35 19 0.0051771 0.00364557 -0.000315127 0.0063397
36 35 19 0.00741669 0.00131208 -0.00381858 0.00844455
37 35 19 -0.00227998 -0.0016754 0.000478969 0.00286962
38 35 19 0.000998492 0.00047281 2.13694e-06 0.00110478
39 35 19 0 -8.92101e-05 0.00139201 0.00139486
1 36 19 -0.00324553 0.000551664 -0.00037865 0.00331379
2 36 19 -0.000103987 0.000895459 -0.000264604 0.000939508
3 36 19 -0.000417874 0.000746638 -0.000456641 0.000969849
4 36 19 0.00250388 0.00198081 -0.0029339 0.00433599
5 36 19 0.0024083 0.000573161 -0.0060441 0.00653143
6 36 19 0.00138983 -0.00112963 -0.00739383 0.00760766
7 36 19 0.000997578 -0.00200337 -0.00631631 0.00670108
8 36 19 0.00100889 -0.00241898 -0.0042622 0.00500357
9 36 19 0.00100431 -0.00276005 -0.00176401 0.00342611
10 36 19 0.000959339 -0.00304617 0.00116341 0.00339897
11 36 19 0.000896607 -0.00325146 0.00426515 0.00543759
12 36 19 0.000820401 -0.00339661 0.00751691 0.00828939
13 36 19 0.000733788 -0.00347453 0.0107137 0.0112869
14 36 19 0.000628109 -0.0034918 0.0136582 0.0141114
15 36 19 0.000501691 -0.00346297 0.0162505 0.0166229
16 36 19 0.00035556 -0.00342173 0.0182786 0.0185996
17 36 19 0.000201552 -0.00335294 0.0196837 0.0199682
18 36 19 5.42244e-05 -0.00321458 0.0202729 0.0205263
19 36 19 -0.00010566 -0.00305821 0.0199599 0.0201931
20 36 19 -0.000272571 -0.0028946 0.0189172 0.0191393
21 36 19 -0.000418996 -0.00270939 0.0172282 0.017445
22 36 19 -0.000551995 -0.00251229 0.0151148 0.0153321
23 36 19 -0.000681021 -0.00226364 0.01265 0.012869
24 36 19 -0.000806295 -0.00196669 0.0100511 0.0102734
25 36 19 -0.000912931 -0.00163057 0.00773686 0.00795935
26 36 19 -0.000994883 -0.00125261 0.00575773 0.00597581
27 36 19 -0.00106785 -0.000814304 0.00415747 0.00436898
28 36 19 -0.00114217 -0.000282491 0.00308155 0.00329853
29 36 19 -0.00121523 0.000341681 0.00231883 0.00264017
30 36 19 -0.00128102 0.00105959 0.00175809 0.00241964
31 36 19 -0.00131702 0.00188486 0.00129977 0.00264133
32 36 19 -0.00131154 0.00279752 0.000933491 0.00322764
33 36 19 -0.00107291 0.00379219 0.000595681 0.00398581
34 36 19 -6.63562e-07 0.00464906 0.000108673 0.00465033
35 36 19 0.00222117 0.00448174 -0.000528471 0.00502979
36 36 19 0.00417347 0.00237851 -0.00165965 0.00508228
37 36 19 -0.000638309 -0.000825392 0.000164355 0.00105628
38 36 19 0.000697998 0.000257434 0.00027365 0.000792691
39 36 19 0 -5.17918e-05 0.00131207 0.00131309
1 37 19 -0.00322114 0.000504911 -0.000377237 0.00328223
2 37 19 -0.000464888 0.000533007 -0.000104934 0.000715002
3 37 19 0.000506123 -0.000252128 0.000777928 0.000961718
4 37 19 0.000567192 -0.00124744 0.00220042 0.00259223
5 37 19 -7.0209e-06 -0.00201185 0.00333163 0.00389196
6 37 19 -0.000361334 -0.00212831 0.0032551 0.00390588
7 37 19 -0.000521324 -0.00195748 0.00250684 0.00322301
8 37 19 -0.000612935 -0.00171199 0.00159815 0.00242089
9 37 19 -0.000681934 -0.00145972 0.000675131 0.00174689
10 37 19 -0.000741407 -0.00121339 -0.000156473 0.00143056
11 37 19 -0.000789575 -0.000959075 -0.00093229 0.0015532
12 37 19 -0.000828831 -0.000710076 -0.0015932 0.00193118
13 37 19 -0.000853397 -0.000471252 -0.0021164 0.00233013
14 37 19 -0.000862278 -0.000236741 -0.00251365 0.00266796
15 37 19 -0.000856558 -2.04063e-06 -0.00276282 0.00289255
16 37 19 -0.000846295 0.000208171 -0.0029094 0.00303713
17 37 19 -0.000833733 0.00039627 -0.00289286 0.00303657
18 37 19 -0.000805893 0.000597891 -0.00272255 0.00290159
19 37 19 -0.000772768 0.000795387 -0.0024998 0.00273474
20 37 19 -0.000736902 0.000975819 -0.00223175 0.00254479
21 37 19 -0.000693813 0.00114024 -0.00196173 0.00237274
22 37 19 -0.00065743 0.00129257 -0.00170482 0.00223816
23 37 19 -0.000625347 0.00145834 -0.00150212 0.00218499
24 37 19 -0.000589045 0.00161642 -0.00134028 0.00218085
25 37 19 -0.000547164 0.00174608 -0.00115291 0.00216272
26 37 19 -0.000504466 0.00185931 -0.00103299 0.002186
27 37 19 -0.000466806 0.00197137 -0.00103383 0.00227442
28 37 19 -0.000428596 0.00207808 -0.0010084 0.00234925
29 37 19 -0.000382191 0.0021655 -0.000961871 0.00240014
30 37 19 -0.000328499 0.00224254 -0.000938185 0.00245297
31 37 19 -0.000268381 0.00231247 -0.000903679 0.00249723
32 37 19 -0.000215819 0.00236047 -0.000841154 0.00251514
33 37 19 -0.000211143 0.00239464 -0.000786022 0.00252917
34 37 19 -0.000251412 0.0023787 -0.000680988 0.002487
35 37 19 -2.98718e-06 0.00215451 -0.00045866 0.00220279
36 37 19 0.000887363 0.00140486 -0.000277177 0.0016846
37 37 19 0.000154466 -5.16128e-05 0.000293925 0.000336029
38 37 19 0.000572659 -0.000107092 0.000600567 0.000836712
39 37 19 0 -0.000169322 0.00128743 0.00129852
1 38 19 -0.00344024 0.000317826 -0.000427659 0.00348126
2 38 19 -0.0013372 0.000352409 -0.000479913 0.00146377
3 38 19 -0.000458108 0.000251073 -0.000633064 0.000820774
4 38 19 -5.74614e-05 0.000317157 -0.000870458 0.000928217
5 38 19 0.00015713 0.000477532 -0.000947773 0.00107285
6 38 19 0.000234798 0.000616626 -0.00085661 0.00108127
7 38 19 0.000234248 0.000707314 -0.000704956 0.00102573
8 38 19 0.000221887 0.000780741 -0.000560503 0.000986385
9 38 19 0.000213464 0.000841318 -0.000463841 0.00098414
10 38 19 0.00020656 0.000880405 -0.000385155 0.000982917
11 38 19 0.000202956 0.000903295 -0.000340205 0.000986343
12 38 19 0.000198121 0.000905359 -0.000327002 0.000982781
13 38 19 0.000191592 0.000878029 -0.000330726 0.000957613
14 38 19 0.000185353 0.000820404 -0.000349834 0.000910935
15 38 19 0.000183093 0.000738448 -0.000363673 0.00084326
16 38 19 0.000180684 0.000623245 -0.000399219 0.000761877
17 38 19 0.000175799 0.000473305 -0.000444634 0.000672772
18 38 19 0.000175038 0.000304217 -0.000460896 0.00057932
19 38 19 0.000173448 0.000110663 -0.000462741 0.000506418
20 38 19 0.000173309 -0.000114119 -0.000445154 0.000491143
21 38 19 0.000178333 -0.000370025 -0.00041584 0.000584503
22 38 19 0.000180204 -0.000651342 -0.000372489 0.000771666
23 38 19 0.000183534 -0.000948101 -0.000296923 0.00101032
24 38 19 0.000192453 -0.00127522 -0.000206429 0.00130608
25 38 19 0.000201389 -0.00163982 -0.000105828 0.00165553
26 38 19 0.00020835 -0.00202981 7.35408e-06 0.00204049
27 38 19 0.000216115 -0.00244012 0.000108742 0.00245209
28 38 19 0.000227956 -0.00287729 0.000228129 0.00289531
29 38 19 0.00024189 -0.00334018 0.000361661 0.0033684
30 38 19 0.000253872 -0.00381517 0.00048602 0.00385437
31 38 19 0.0002642 -0.00430122 0.000625786 0.00435453
32 38 19 0.000265743 -0.00480185 0.000773728 0.00487104
33 38 19 0.00019096 -0.00529854 0.000918235 0.00538091
34 38 19 -6.055e-05 -0.00564103 0.00106911 0.00574176
35 38 19 -0.000407781 -0.00545298 0.00115507 0.00558887
36 38 19 -0.000380348 -0.00438613 0.00111306 0.00454111
37 38 19 9.83004e-05 -0.00274748 0.00103911 0.00293906
38 38 19 0.000642417 -0.00124355 0.00108234 0.00176935
39 38 19 0 -0.00052329 0.00140248 0.00149693
1 39 19 -0.00352989 0 -0.000618769 0.00358371
2 39 19 -0.00146127 0 -0.000753799 0.00164424
3 39 19 -0.000376277 0 -0.000941558 0.00101396
4 39 19 9.17045e-05 0 -0.00107174 0.00107566
5 39 19 0.000243683 0 -0.0011141 0.00114044
6 39 19 0.000256535 0 -0.00109139 0.00112114
7 39 19 0.000218899 0 -0.00102854 0.00105158
8 39 19 0.000175281 0 -0.000921568 0.000938089
9 39 19 0.000132611 0 -0.000795224 0.000806205
10 39 19 8.97349e-05 0 -0.000643438 0.000649665
11 39 19 4.98944e-05 0 -0.000469498 0.000472142
12 39 19 1.19367e-05 0 -0.000283713 0.000283964
13 39 19 -2.57952e-05 0 -8.88608e-05 9.25291e-05
14 39 19 -6.33777e-05 0 0.000103626 0.000121471
15 39 19 -9.87055e-05 0 0.000304236 0.000319847
16 39 19 -0.000133044 0 0.000504824 0.000522061
17 39 19 -0.000166198 0 0.000687521 0.000707323
18 39 19 -0.000195705 0 0.000859784 0.000881776
19 39 19 -0.000226579 0 0.00101567 0.00104064
20 39 19 -0.000255507 0 0.00115791 0.00118577
21 39 19 -0.000278149 0 0.00128085 0.0013107
22 39 19 -0.000299976 0 0.00137728 0.00140957
23 39 19 -0.000318756 0 0.00146514 0.00149942
24 39 19 -0.000332273 0 0.0015261 0.00156185
25 39 19 -0.000344535 0 0.00154999 0.00158782
26 39 19 -0.000354378 0 0.00157044 0.00160993
27 39 19 -0.000358204 0 0.00157907 0.00161919
28 39 19 -0.000356564 0 0.00156629 0.00160636
29 39 19 -0.000352606 0 0.00153783 0.00157773
30 39 19 -0.000345998 0 0.00149787 0.00153731
31 39 19 -0.000333556 0 0.00146182 0.00149939
32 39 19 -0.000313197 0 0.00142077 0.00145488
33 39 19 -0.000211404 0 0.00137762 0.00139374
34 39 19 0.000102002 0 0.00135215 0.00135599
35 39 19 0.000657067 0 0.00133646 0.00148925
36 39 19 0.00127983 0 0.00135275 0.00186223
37 39 19 0.00163882 0 0.00140081 0.00215592
38 39 19 0.0014338 0 0.00148327 0.00206298
39 39 19 0 0 0.00161261 0.00161261
