1 1 38 0.000561251 -0.000346485 8.85736e-05 0.000665507
2 1 38 0.000422307 -0.00103526 0.000119398 0.00112444
3 1 38 0.000260645 -0.00141809 0.000106451 0.00144577
4 1 38 9.80089e-05 -0.00157872 8.00788e-05 0.00158378
5 1 38 -9.09478e-05 -0.001526 6.09716e-05 0.00152993
6 1 38 -0.00018997 -0.00122157 6.02476e-05 0.00123772
7 1 38 -0.000261997 -0.000765154 4.28861e-05 0.000809902
8 1 38 -0.000329107 -0.000197946 1.36584e-05 0.000384292
9 1 38 -0.00038473 0.000464632 -3.08615e-05 0.00060403
10 1 38 -0.000429987 0.0012017 -9.34427e-05 0.00127973
11 1 38 -0.000465315 0.00199708 -0.000169773 0.00205759
12 1 38 -0.000491254 0.00283707 -0.000252749 0.00289036
13 1 38 -0.000508775 0.00370822 -0.000336771 0.00375808
14 1 38 -0.000518286 0.00459657 -0.000417817 0.00464453
15 1 38 -0.000519817 0.00548852 -0.000493838 0.00553516
16 1 38 -0.000513091 0.00637175 -0.000563044 0.00641712
17 1 38 -0.000498395 0.00723509 -0.000624954 0.00727911
18 1 38 -0.000476285 0.00806814 -0.000679302 0.00811068
19 1 38 -0.000447536 0.00886102 -0.000726343 0.008902
20 1 38 -0.000413379 0.00960444 -0.000767562 0.00964393
21 1 38 -0.000374088 0.0102898 -0.000802204 0.0103278
22 1 38 -0.000330991 0.0109098 -0.000831774 0.0109465
23 1 38 -0.000285226 0.0114574 -0.000859112 0.0114931
24 1 38 -0.000235958 0.0119273 -0.00088181 0.0119622
25 1 38 -0.000184435 0.0123154 -0.00090035 0.0123497
26 1 38 -0.000132121 0.0126182 -0.000918797 0.0126523
27 1 38 -7.82432e-05 0.0128338 -0.000935799 0.0128682
28 1 38 -2.32281e-05 0.0129616 -0.000950086 0.0129964
29 1 38 3.19313e-05 0.0130001 -0.000961828 0.0130356
30 1 38 8.7402e-05 0.0129491 -0.000969272 0.0129857
31 1 38 0.000143448 0.0128086 -0.000970965 0.0128461
32 1 38 0.000199933 0.0125746 -0.000964572 0.0126131
33 1 38 0.000260199 0.0122388 -0.000944739 0.012278
34 1 38 0.00039347 0.011782 -0.000898753 0.0118227
35 1 38 0.000595171 0.0111284 -0.000816327 0.0111742
36 1 38 0.000683623 0.010265 -0.00074137 0.0103144
37 1 38 0.000704539 0.00941731 -0.000700899 0.00946961
38 1 38 0.000577486 0.00888967 -0.000698827 0.00893578
39 1 38 0 0.0090521 -0.000751399 0.00908323
1 2 38 0.000254574 -0.00022803 8.70336e-05 0.000352676
2 2 38 0.000342073 -0.000628628 0.000706805 0.00100586
3 2 38 0.000301382 -0.00102451 0.000971284 0.00144355
4 2 38 0.000257227 -0.00131512 0.00103181 0.00169126
5 2 38 0.000234767 -0.00142731 0.000942739 0.00172658
6 2 38 0.000213086 -0.00137426 0.000761385 0.00158547
7 2 38 0.000185116 -0.00120715 0.000537949 0.00133449
8 2 38 0.000153749 -0.000948192 0.000296482 0.00100529
9 2 38 0.000119441 -0.000603469 3.89373e-05 0.000616407
10 2 38 8.5723e-05 -0.000180216 -0.000230107 0.000304591
11 2 38 5.63953e-05 0.00031259 -0.00049877 0.000591324
12 2 38 3.19798e-05 0.000862135 -0.000758353 0.00114865
13 2 38 1.14793e-05 0.00145358 -0.00100511 0.00176728
14 2 38 -5.06027e-06 0.00207193 -0.00123553 0.00241235
15 2 38 -1.75384e-05 0.00270392 -0.00144682 0.00306672
16 2 38 -2.52933e-05 0.00333885 -0.00163395 0.00371731
17 2 38 -2.88365e-05 0.00396703 -0.00179396 0.0043539
18 2 38 -2.84817e-05 0.00457911 -0.00192375 0.00496688
19 2 38 -2.43206e-05 0.00516588 -0.00202132 0.00554731
20 2 38 -1.73753e-05 0.0057183 -0.00208775 0.00608752
21 2 38 -6.12455e-06 0.00622804 -0.00211949 0.00657881
22 2 38 7.91919e-06 0.00668772 -0.00211935 0.00701551
23 2 38 2.40019e-05 0.00708981 -0.00209134 0.00739186
24 2 38 4.45965e-05 0.00742793 -0.00203043 0.00770057
25 2 38 6.64511e-05 0.00769649 -0.00194109 0.00793777
26 2 38 8.87791e-05 0.00788972 -0.0018305 0.00809977
27 2 38 0.000114659 0.00800483 -0.00169516 0.00818315
28 2 38 0.000141836 0.00803909 -0.00153747 0.00818601
29 2 38 0.000167495 0.007989 -0.00136304 0.00810618
30 2 38 0.000190583 0.00785426 -0.00117406 0.00794381
31 2 38 0.000209342 0.00763858 -0.00097629 0.00770356
32 2 38 0.000220889 0.00734508 -0.000779968 0.00738968
33 2 38 0.000215589 0.00697466 -0.000599822 0.00700372
34 2 38 0.000206425 0.0065581 -0.000447952 0.00657662
35 2 38 0.000256259 0.00615053 -0.000337785 0.00616513
36 2 38 0.000424797 0.00576892 -0.000294559 0.00579204
37 2 38 0.000825424 0.00532945 -0.000343308 0.00540391
38 2 38 0.00129979 0.00496027 -0.000608522 0.00516373
39 2 38 0 0.00516078 -0.0011722 0.00529223
1 3 38 0.000175481 -0.000179371 8.96932e-05 0.000266482
2 3 38 0.000232419 -0.000376387 0.00118835 0.00126801
3 3 38 0.000232046 -0.000735472 0.00182611 0.00198228
4 3 38 0.000283386 -0.00107676 0.00216321 0.00243293
5 3 38 0.000343318 -0.00125767 0.00217372 0.00253469
6 3 38 0.00036706 -0.00127039 0.00192575 0.00233605
7 3 38 0.000368915 -0.00118755 0.00153921 0.00197877
8 3 38 0.000361965 -0.00104304 0.00109712 0.00155648
9 3 38 0.000346681 -0.000838669 0.000626131 0.00110254
10 3 38 0.000329927 -0.000576683 0.000142265 0.000679451
11 3 38 0.000316036 -0.000264022 -0.000338834 0.000533287
12 3 38 0.000302796 8.81033e-05 -0.000812472 0.000871527
13 3 38 0.000288671 0.000469008 -0.00127564 0.00138944
14 3 38 0.000274878 0.00086939 -0.00171998 0.00194672
15 3 38 0.000262042 0.00128182 -0.0021373 0.00250595
16 3 38 0.000251159 0.00170043 -0.00251651 0.00304751
17 3 38 0.000241114 0.00211849 -0.00285183 0.00356076
18 3 38 0.000231885 0.00252896 -0.00313689 0.00403602
19 3 38 0.000224062 0.00292482 -0.00336651 0.00446522
20 3 38 0.000216564 0.00329924 -0.00354048 0.00484427
21 3 38 0.000212715 0.00364624 -0.00365037 0.00516386
22 3 38 0.000210174 0.00396057 -0.00369904 0.00542339
23 3 38 0.000208803 0.00423676 -0.00368826 0.00562112
24 3 38 0.000211638 0.00447009 -0.0036092 0.00574916
25 3 38 0.000212267 0.00465585 -0.00347113 0.00581126
26 3 38 0.000212227 0.00478884 -0.00328039 0.00580853
27 3 38 0.000214419 0.00486703 -0.00303247 0.00573845
28 3 38 0.000212588 0.00488852 -0.00273736 0.00560678
29 3 38 0.000204784 0.00485099 -0.00240524 0.00541841
30 3 38 0.000191149 0.00475429 -0.0020407 0.00517729
31 3 38 0.000171409 0.00460512 -0.00165098 0.00489512
32 3 38 0.000148301 0.00441345 -0.00124609 0.00458838
33 3 38 0.000143554 0.00417812 -0.000850821 0.00426629
34 3 38 0.000190398 0.003898 -0.000508247 0.0039356
35 3 38 0.000312488 0.00357674 -0.000267014 0.00360028
36 3 38 0.000477375 0.00322415 -0.000170417 0.00326375
37 3 38 0.0010629 0.00280317 -0.000188493 0.00300384
38 3 38 0.00206659 0.00241451 -0.000574141 0.0032296
39 3 38 0 0.00253042 -0.00160337 0.00299563
1 4 38 0.000273187 -0.000129117 9.16155e-05 0.000315746
2 4 38 0.000140574 -0.000284654 0.00148654 0.00152006
3 4 38 9.93416e-05 -0.000530317 0.00239846 0.00245839
4 4 38 0.000231056 -0.000757283 0.00300155 0.00310422
5 4 38 0.000384442 -0.000849051 0.003131 0.00326677
6 4 38 0.000451716 -0.000831908 0.00283137 0.00298542
7 4 38 0.000469173 -0.000772008 0.00230054 0.00247156
8 4 38 0.000475051 -0.000679036 0.00168463 0.00187743
9 4 38 0.000474768 -0.000550819 0.00102485 0.00125663
10 4 38 0.00047503 -0.000395189 0.00033932 0.000704958
11 4 38 0.000475546 -0.000217931 -0.000357084 0.000633361
12 4 38 0.00047046 -2.33102e-05 -0.00105874 0.00115879
13 4 38 0.00046056 0.000186059 -0.00175322 0.00182223
14 4 38 0.000449564 0.000406244 -0.00242251 0.00249714
15 4 38 0.00043857 0.000633178 -0.00305412 0.00314974
16 4 38 0.000428725 0.000863344 -0.00363426 0.00375993
17 4 38 0.000418013 0.00109197 -0.0041581 0.00431936
18 4 38 0.000406691 0.00131471 -0.0046177 0.00481841
19 4 38 0.000395673 0.00152767 -0.00500515 0.00524803
20 4 38 0.00038306 0.00172713 -0.00531942 0.00560588
21 4 38 0.000373536 0.0019101 -0.00554669 0.00587825
22 4 38 0.000363301 0.00207387 -0.00569008 0.00606712
23 4 38 0.000352845 0.0022158 -0.00574761 0.00617003
24 4 38 0.000345494 0.0023339 -0.00570607 0.0061746
25 4 38 0.000332247 0.0024263 -0.00557752 0.00609147
26 4 38 0.000318366 0.00249072 -0.00536207 0.00592088
27 4 38 0.000305709 0.00252751 -0.00505327 0.00565838
28 4 38 0.000286562 0.00253785 -0.00466529 0.00531862
29 4 38 0.000262815 0.00252208 -0.00420842 0.00491333
30 4 38 0.00023457 0.00247558 -0.00369301 0.00445217
31 4 38 0.000200926 0.00239721 -0.00313231 0.00394948
32 4 38 0.000163061 0.00229757 -0.00253081 0.00342205
33 4 38 0.000152862 0.00217904 -0.00190554 0.00289874
34 4 38 0.000207734 0.00202533 -0.00131838 0.00242554
35 4 38 0.000343812 0.00180922 -0.000847628 0.00202731
36 4 38 0.000474203 0.001534 -0.000549224 0.00169696
37 4 38 0.00122829 0.00121727 -0.000355721 0.0017655
38 4 38 0.00274341 0.000889012 -0.000681769 0.00296335
39 4 38 0 0.000851952 -0.00205954 0.0022288
1 5 38 0.000400832 -7.22874e-05 8.33767e-05 0.000415744
2 5 38 0.000142054 -0.000275387 0.00161144 0.00164096
3 5 38 5.22907e-05 -0.000356297 0.00260581 0.00263058
4 5 38 0.000236262 -0.000412308 0.00328928 0.00332343
5 5 38 0.000429567 -0.000397844 0.00339331 0.00344345
6 5 38 0.000500645 -0.00033677 0.00297556 0.00303611
7 5 38 0.000518844 -0.00026701 0.0023038 0.00237655
8 5 38 0.000530601 -0.00018561 0.00154678 0.00164575
9 5 38 0.000536922 -9.64376e-05 0.000735284 0.000915548
10 5 38 0.000542686 -7.6705e-06 -0.000111414 0.000554057
11 5 38 0.000544276 8.31774e-05 -0.000972565 0.0011176
12 5 38 0.00053677 0.000178674 -0.00183584 0.00192103
13 5 38 0.000526055 0.000277983 -0.00268174 0.00274695
14 5 38 0.000516428 0.000376645 -0.0034926 0.00355061
15 5 38 0.000506742 0.000471903 -0.00426015 0.00431606
16 5 38 0.00049708 0.000562939 -0.00497087 0.00502728
17 5 38 0.000484287 0.000648471 -0.00562026 0.00567824
18 5 38 0.000469445 0.000728088 -0.00619666 0.00625692
19 5 38 0.000454464 0.000801182 -0.00668769 0.00675083
20 5 38 0.000437003 0.000866811 -0.00709164 0.00715777
21 5 38 0.000423631 0.000924281 -0.00739015 0.00745976
22 5 38 0.000409544 0.00097257 -0.00758874 0.00766176
23 5 38 0.000395867 0.00101089 -0.00768478 0.00776108
24 5 38 0.000386237 0.00103848 -0.00766391 0.00774359
25 5 38 0.000368972 0.00105452 -0.00754276 0.00762505
26 5 38 0.000351807 0.00105761 -0.00731628 0.00740069
27 5 38 0.000334751 0.0010477 -0.00697736 0.00706352
28 5 38 0.000310283 0.00102789 -0.00653917 0.00662674
29 5 38 0.00028287 0.00100485 -0.0060037 0.00609378
30 5 38 0.000250699 0.000976417 -0.00538061 0.00547423
31 5 38 0.000214986 0.000934094 -0.00469242 0.00478932
32 5 38 0.000174008 0.000883223 -0.00395009 0.00405137
33 5 38 0.000158888 0.000832351 -0.00315596 0.00326775
34 5 38 0.000209144 0.000768244 -0.00236022 0.0024909
35 5 38 0.000358097 0.00066368 -0.00165709 0.00182062
36 5 38 0.000505196 0.000509937 -0.00113342 0.0013416
37 5 38 0.001385 0.000310308 -0.000723985 0.00159332
38 5 38 0.00325336 8.37804e-05 -0.000927491 0.00338403
39 5 38 0 -9.22237e-05 -0.00249337 0.00249508
1 6 38 0.000467616 -0.0001234 7.543e-05 0.000489471
2 6 38 0.000272316 -0.000303713 0.00155668 0.00160924
3 6 38 0.000121317 -0.000273638 0.00244312 0.00246139
4 6 38 0.00028694 -0.000210119 0.00301734 0.00303823
5 6 38 0.000465303 -0.000122534 0.00298618 0.0030247
6 6 38 0.000523239 -2.52937e-05 0.00242603 0.00248195
7 6 38 0.000540361 6.48111e-05 0.00163423 0.00172247
8 6 38 0.00055095 0.000150822 0.000763199 0.000953292
9 6 38 0.000552146 0.000224293 -0.000167147 0.000618959
10 6 38 0.000551411 0.000283202 -0.00112307 0.00128278
11 6 38 0.000545704 0.00033742 -0.00207742 0.00217424
12 6 38 0.000532487 0.000388222 -0.00302158 0.00309261
13 6 38 0.000520179 0.000431368 -0.00394021 0.00399774
14 6 38 0.000510237 0.000463295 -0.00482112 0.00487013
15 6 38 0.000498509 0.000486082 -0.00565803 0.00570071
16 6 38 0.000485533 0.000502536 -0.00643266 0.0064705
17 6 38 0.000468515 0.000513611 -0.00713795 0.00717173
18 6 38 0.000449947 0.000520216 -0.00775865 0.00778908
19 6 38 0.000432619 0.000521958 -0.00827981 0.00830751
20 6 38 0.000412719 0.000518486 -0.0087019 0.0087271
21 6 38 0.000397728 0.000510172 -0.0090039 0.00902711
22 6 38 0.00038177 0.000497341 -0.00919428 0.00921563
23 6 38 0.000366444 0.000481323 -0.00927135 0.00929106
24 6 38 0.000356858 0.000463026 -0.00922042 0.00923893
25 6 38 0.000339496 0.000443083 -0.00906345 0.00908062
26 6 38 0.000323109 0.000420539 -0.00879476 0.00881074
27 6 38 0.000305994 0.000392428 -0.00841128 0.00842599
28 6 38 0.000281938 0.000357714 -0.00792899 0.00794206
29 6 38 0.000256533 0.000324784 -0.0073433 0.00735495
30 6 38 0.000224016 0.00029856 -0.00665231 0.00666277
31 6 38 0.000190273 0.00026959 -0.00587464 0.0058839
32 6 38 0.00015656 0.000233892 -0.00503696 0.00504482
33 6 38 0.000151364 0.000200822 -0.004145 0.00415262
34 6 38 0.000221531 0.00016941 -0.00322728 0.00323931
35 6 38 0.000414075 0.000120918 -0.00238006 0.00241884
36 6 38 0.000608518 3.9685e-05 -0.00172261 0.00182736
37 6 38 0.00158878 -9.82402e-05 -0.00117853 0.00198061
38 6 38 0.00361815 -0.000249414 -0.00128414 0.00384737
39 6 38 0 -0.000519108 -0.0029017 0.00294776
1 7 38 0.000565587 -0.000184947 0.000105362 0.000604314
2 7 38 0.000508421 -0.000318077 0.00143453 0.00155485
3 7 38 0.000291791 -0.000246035 0.00213846 0.00217226
4 7 38 0.000387003 -0.000134896 0.00251999 0.0025531
5 7 38 0.000515538 -1.95768e-05 0.00230973 0.00236664
6 7 38 0.000551137 8.98449e-05 0.00159762 0.0016924
7 7 38 0.00055993 0.000185054 0.000677624 0.000898299
8 7 38 0.000558985 0.000266163 -0.000320495 0.000697155
9 7 38 0.000548244 0.00032629 -0.00136516 0.00150688
10 7 38 0.000539892 0.0003726 -0.00240335 0.00249126
11 7 38 0.000528417 0.000414502 -0.00341967 0.003485
12 7 38 0.000510681 0.000446706 -0.00441946 0.00447123
13 7 38 0.000495106 0.000465003 -0.00538786 0.00543051
14 7 38 0.000480689 0.000471256 -0.00630953 0.00634533
15 7 38 0.000462551 0.000471954 -0.00717565 0.00720602
16 7 38 0.000443817 0.000469216 -0.00796456 0.00799071
17 7 38 0.000422696 0.000462149 -0.00867145 0.00869404
18 7 38 0.000402227 0.000450283 -0.00928347 0.00930308
19 7 38 0.000385368 0.000432016 -0.00978729 0.0098044
20 7 38 0.000365865 0.000407082 -0.0101885 0.0102032
21 7 38 0.000351142 0.000376392 -0.0104643 0.0104769
22 7 38 0.000334194 0.000340972 -0.0106244 0.0106351
23 7 38 0.000316402 0.000303516 -0.0106671 0.0106761
24 7 38 0.000305424 0.000266415 -0.0105745 0.0105822
25 7 38 0.000287425 0.000232509 -0.0103693 0.0103759
26 7 38 0.000271468 0.000203834 -0.0100441 0.0100498
27 7 38 0.000254713 0.00017807 -0.00959703 0.00960206
28 7 38 0.00023281 0.000149218 -0.00904999 0.00905421
29 7 38 0.00021312 0.000120482 -0.00840594 0.00840951
30 7 38 0.000183054 0.000100908 -0.00765758 0.00766044
31 7 38 0.00014686 8.62864e-05 -0.00680603 0.00680817
32 7 38 0.000115232 6.70607e-05 -0.00588098 0.00588249
33 7 38 0.0001254 4.82073e-05 -0.0049061 0.00490794
34 7 38 0.000229149 3.41615e-05 -0.00390351 0.00391038
35 7 38 0.000477779 7.57901e-06 -0.00296203 0.00300032
36 7 38 0.000724319 -5.26361e-05 -0.00223061 0.00234585
37 7 38 0.00180516 -0.000180955 -0.00161215 0.00242702
38 7 38 0.00387591 -0.000311201 -0.00166775 0.00423095
39 7 38 0 -0.000642244 -0.00326723 0.00332975
1 8 38 0.000729995 -0.000249246 0.000144236 0.000784742
2 8 38 0.000795501 -0.000337713 0.00126448 0.0015316
3 8 38 0.000506004 -0.000270317 0.00173413 0.00182655
4 8 38 0.00050321 -0.000159826 0.00187853 0.00195131
5 8 38 0.000565693 -4.33344e-05 0.00147104 0.00157665
6 8 38 0.000573246 6.96228e-05 0.000611489 0.000841057
7 8 38 0.000567661 0.000169035 -0.00042292 0.000727786
8 8 38 0.000554052 0.000253095 -0.00151942 0.00163697
9 8 38 0.000538829 0.000318007 -0.00263236 0.0027057
10 8 38 0.000530365 0.000372754 -0.00371394 0.00377009
11 8 38 0.000515828 0.000419101 -0.00477373 0.00481977
12 8 38 0.000493942 0.000449523 -0.00581632 0.00585454
13 8 38 0.000474614 0.000465958 -0.00681336 0.00684575
14 8 38 0.000455626 0.000474054 -0.00774473 0.00777259
15 8 38 0.000431753 0.000479089 -0.00860577 0.0086299
16 8 38 0.000408039 0.00047933 -0.00937791 0.00939901
17 8 38 0.000382833 0.000472691 -0.0100609 0.0100793
18 8 38 0.00035858 0.000459404 -0.0106448 0.0106608
19 8 38 0.000338834 0.000438681 -0.0111161 0.0111299
20 8 38 0.000315998 0.000411471 -0.0114842 0.0114959
21 8 38 0.00029819 0.000379087 -0.011725 0.0117349
22 8 38 0.000278418 0.000342182 -0.0118488 0.011857
23 8 38 0.000256943 0.000302792 -0.0118567 0.0118633
24 8 38 0.000243714 0.000262378 -0.0117285 0.011734
25 8 38 0.000225254 0.000223279 -0.0114878 0.0114922
26 8 38 0.000209989 0.000189334 -0.0111268 0.0111304
27 8 38 0.00019359 0.000162065 -0.0106381 0.0106411
28 8 38 0.000172054 0.000135572 -0.0100406 0.010043
29 8 38 0.000158133 0.000107542 -0.00934855 0.00935051
30 8 38 0.000137257 8.63831e-05 -0.00856347 0.008565
31 8 38 0.000103591 7.43978e-05 -0.00767305 0.00767411
32 8 38 7.26196e-05 6.19274e-05 -0.0066933 0.00669398
33 8 38 9.82159e-05 4.8907e-05 -0.00566307 0.00566414
34 8 38 0.000234055 4.1612e-05 -0.00461032 0.00461644
35 8 38 0.00052853 2.37385e-05 -0.00359862 0.0036373
36 8 38 0.00081762 -3.45062e-05 -0.0027874 0.00290505
37 8 38 0.00198815 -0.000166472 -0.00207605 0.00287931
38 8 38 0.00406116 -0.000292126 -0.00205916 0.00456273
39 8 38 0 -0.000663526 -0.00358878 0.00364961
1 9 38 0.000947042 -0.000313988 0.000158891 0.00101031
2 9 38 0.00106463 -0.000361079 0.00105005 0.00153832
3 9 38 0.000688202 -0.000290651 0.00130068 0.00149995
4 9 38 0.000586105 -0.000169378 0.00125893 0.00139897
5 9 38 0.000596242 -3.98568e-05 0.000711837 0.000929411
6 9 38 0.000589382 8.26847e-05 -0.000247561 0.000644589
7 9 38 0.000579424 0.000188199 -0.00136229 0.0014923
8 9 38 0.000562828 0.000275444 -0.00253414 0.00261046
9 9 38 0.000549441 0.00034282 -0.00371021 0.0037663
10 9 38 0.000538568 0.000398 -0.00485425 0.00490023
11 9 38 0.000516304 0.000439711 -0.00597899 0.00601732
12 9 38 0.000489357 0.000465342 -0.00706788 0.00710006
13 9 38 0.000466837 0.000480588 -0.00808735 0.00811506
14 9 38 0.000443562 0.000487733 -0.00902742 0.00905146
15 9 38 0.000413795 0.000488669 -0.00989309 0.00991379
16 9 38 0.000384322 0.000481004 -0.0106661 0.0106838
17 9 38 0.000353938 0.000465183 -0.0113445 0.0113595
18 9 38 0.000324056 0.000443814 -0.0119172 0.0119299
19 9 38 0.000299171 0.0004172 -0.012368 0.0123786
20 9 38 0.000271051 0.000387072 -0.0127085 0.0127173
21 9 38 0.000248508 0.000354693 -0.0129147 0.012922
22 9 38 0.000225524 0.000320368 -0.0129964 0.0130023
23 9 38 0.000200316 0.00028566 -0.0129593 0.012964
24 9 38 0.000184251 0.000251186 -0.0127835 0.0127873
25 9 38 0.000165006 0.000217403 -0.0124944 0.0124974
26 9 38 0.000150684 0.000186835 -0.0120911 0.0120935
27 9 38 0.000136338 0.000162834 -0.0115637 0.0115656
28 9 38 0.000113953 0.0001421 -0.0109201 0.0109216
29 9 38 0.000100281 0.000120176 -0.0101758 0.010177
30 9 38 8.84864e-05 0.000102169 -0.0093446 0.00934558
31 9 38 6.28569e-05 9.45248e-05 -0.00841523 0.00841599
32 9 38 3.46771e-05 9.09329e-05 -0.00738757 0.00738821
33 9 38 7.72928e-05 8.66386e-05 -0.00630941 0.00631047
34 9 38 0.000248837 8.53209e-05 -0.0052312 0.00523781
35 9 38 0.000582111 7.05465e-05 -0.00419155 0.00423237
36 9 38 0.000909691 4.71398e-06 -0.00332808 0.00345017
37 9 38 0.00214801 -0.000143031 -0.00254198 0.00333107
38 9 38 0.0042092 -0.000269835 -0.00244671 0.00487612
39 9 38 0 -0.000677905 -0.00388019 0.00393897
1 10 38 0.00121804 -0.000372954 0.000156174 0.0012834
2 10 38 0.00133186 -0.000374471 0.000842828 0.00162001
3 10 38 0.000866113 -0.000291724 0.000915886 0.00129387
4 10 38 0.00067474 -0.000163832 0.00071869 0.000999315
5 10 38 0.000644969 -3.52561e-05 3.62369e-05 0.000646947
6 10 38 0.00062813 8.21893e-05 -0.00103331 0.00121204
7 10 38 0.000610394 0.000183162 -0.00224647 0.00233511
8 10 38 0.000583587 0.00026614 -0.00351526 0.0035733
9 10 38 0.000562293 0.000330464 -0.00477499 0.00481932
10 10 38 0.00054133 0.000383695 -0.00598823 0.00602488
11 10 38 0.0005114 0.000424721 -0.00715949 0.00719028
12 10 38 0.000482642 0.00045193 -0.00826791 0.0082943
13 10 38 0.000456452 0.000467338 -0.00929983 0.00932275
14 10 38 0.000426483 0.000470257 -0.0102556 0.0102752
15 10 38 0.00038989 0.000465029 -0.0111367 0.0111532
16 10 38 0.000355549 0.00045203 -0.0119171 0.011931
17 10 38 0.000322524 0.000433115 -0.0125914 0.012603
18 10 38 0.000290052 0.00041028 -0.0131511 0.0131607
19 10 38 0.000263075 0.00038268 -0.0135801 0.013588
20 10 38 0.000232807 0.000351555 -0.0138936 0.0139
21 10 38 0.0002079 0.000317775 -0.0140699 0.014075
22 10 38 0.000184039 0.000281765 -0.0141163 0.0141203
23 10 38 0.000156782 0.00024564 -0.0140424 0.0140454
24 10 38 0.000137594 0.00021111 -0.0138271 0.0138294
25 10 38 0.000115613 0.000178735 -0.0134923 0.013494
26 10 38 9.88511e-05 0.00015026 -0.0130467 0.0130479
27 10 38 8.5962e-05 0.000128708 -0.0124861 0.012487
28 10 38 6.39433e-05 0.000111907 -0.0118116 0.0118123
29 10 38 4.50887e-05 9.55703e-05 -0.0110329 0.0110334
30 10 38 3.34514e-05 8.08961e-05 -0.0101664 0.0101667
31 10 38 1.06981e-05 7.48655e-05 -0.00920665 0.00920696
32 10 38 -2.20326e-05 7.68822e-05 -0.00813756 0.00813795
33 10 38 2.52853e-05 8.26579e-05 -0.00699961 0.00700014
34 10 38 0.000224911 9.49242e-05 -0.00586827 0.00587335
35 10 38 0.000590735 9.69907e-05 -0.00477448 0.00481187
36 10 38 0.000959673 4.09548e-05 -0.00383013 0.00394874
37 10 38 0.00225977 -0.000114025 -0.00295975 0.00372555
38 10 38 0.00431131 -0.000243223 -0.00279338 0.00514291
39 10 38 0 -0.000686627 -0.00412911 0.00418581
1 11 38 0.00155359 -0.000430322 0.000141191 0.00161825
2 11 38 0.00161283 -0.000391288 0.00064088 0.00177906
3 11 38 0.0010397 -0.000301736 0.000537093 0.00120851
4 11 38 0.000752728 -0.00017694 0.000175393 0.000792887
5 11 38 0.000681656 -5.06004e-05 -0.000637057 0.000934375
6 11 38 0.000652224 7.16178e-05 -0.00179143 0.00190781
7 11 38 0.000622845 0.000181254 -0.00307335 0.00314106
8 11 38 0.000584969 0.000272146 -0.00440674 0.00445372
9 11 38 0.000559926 0.000344247 -0.00570964 0.00574735
10 11 38 0.000537942 0.000404568 -0.00694571 0.00697824
11 11 38 0.000508323 0.000449727 -0.00812936 0.00815764
12 11 38 0.00047795 0.000475547 -0.0092534 0.00927793
13 11 38 0.000443907 0.00048469 -0.0103137 0.0103346
14 11 38 0.000406701 0.000482475 -0.0112947 0.0113123
15 11 38 0.000367075 0.000477149 -0.0121851 0.0122
16 11 38 0.000331817 0.000467067 -0.0129592 0.0129719
17 11 38 0.000298345 0.000451326 -0.0136154 0.0136262
18 11 38 0.000263027 0.000430204 -0.0141527 0.0141617
19 11 38 0.000231907 0.000402669 -0.0145558 0.0145632
20 11 38 0.000197218 0.000370566 -0.0148413 0.0148473
21 11 38 0.000167568 0.00033511 -0.0149906 0.0149952
22 11 38 0.00014204 0.000296905 -0.0150068 0.0150104
23 11 38 0.000114034 0.000257968 -0.0149036 0.0149063
24 11 38 9.38956e-05 0.00022073 -0.0146613 0.0146633
25 11 38 7.16631e-05 0.000186194 -0.0142916 0.014293
26 11 38 5.17107e-05 0.000157086 -0.0138078 0.0138088
27 11 38 3.88956e-05 0.00013694 -0.0132147 0.0132154
28 11 38 2.25427e-05 0.000122943 -0.0125143 0.012515
29 11 38 6.04189e-06 0.000111343 -0.0117165 0.0117171
30 11 38 -9.95203e-07 0.000100061 -0.0108377 0.0108381
31 11 38 -1.44625e-05 9.224e-05 -0.00988121 0.00988165
32 11 38 -4.60292e-05 8.99402e-05 -0.00882135 0.00882193
33 11 38 5.6194e-07 9.08619e-05 -0.00767723 0.00767776
34 11 38 0.000213989 9.88538e-05 -0.00653176 0.00653601
35 11 38 0.000591601 0.000102577 -0.0054045 0.00543775
36 11 38 0.000980967 5.49126e-05 -0.00436341 0.00447265
37 11 38 0.00231899 -9.6829e-05 -0.0033674 0.0040898
38 11 38 0.00435884 -0.00022061 -0.00309963 0.00535311
39 11 38 0 -0.000691587 -0.00432552 0.00438046
1 12 38 0.00194185 -0.000486075 0.000107858 0.00200467
2 12 38 0.00188692 -0.000409268 0.000433005 0.00197876
3 12 38 0.00118388 -0.000306244 0.000170357 0.00123465
4 12 38 0.000806591 -0.000174112 -0.000311945 0.000882165
5 12 38 0.00070897 -3.8764e-05 -0.00119107 0.00138665
6 12 38 0.000677487 9.19707e-05 -0.00238387 0.00247997
7 12 38 0.000642958 0.00020329 -0.00372074 0.00378136
8 12 38 0.000601434 0.000290623 -0.00511981 0.0051632
9 12 38 0.000579431 0.000358214 -0.00647228 0.00650803
10 12 38 0.000557591 0.000411671 -0.00775177 0.0077827
11 12 38 0.000521199 0.000445762 -0.00898869 0.00901481
12 12 38 0.000480861 0.000458658 -0.0101709 0.0101926
13 12 38 0.000438569 0.000460351 -0.0112773 0.0112952
14 12 38 0.00040035 0.000459244 -0.0122766 0.0122917
15 12 38 0.000362662 0.000456828 -0.0131662 0.0131791
16 12 38 0.000326232 0.000445322 -0.0139344 0.0139454
17 12 38 0.00028877 0.000424465 -0.0145818 0.0145909
18 12 38 0.000245782 0.000397021 -0.0151099 0.0151171
19 12 38 0.000205535 0.000364002 -0.0154998 0.0155054
20 12 38 0.000162446 0.000328169 -0.0157654 0.0157697
21 12 38 0.000124189 0.000290924 -0.0158927 0.0158958
22 12 38 9.41641e-05 0.000252664 -0.0158798 0.0158821
23 12 38 6.45142e-05 0.000214433 -0.0157455 0.0157471
24 12 38 4.38084e-05 0.000178389 -0.015478 0.0154791
25 12 38 2.46623e-05 0.000144115 -0.0150788 0.0150795
26 12 38 3.23472e-06 0.000114625 -0.0145599 0.0145604
27 12 38 -1.55474e-05 9.64154e-05 -0.0139298 0.0139301
28 12 38 -3.40846e-05 8.73684e-05 -0.0131895 0.0131899
29 12 38 -5.29869e-05 8.50535e-05 -0.0123508 0.0123512
30 12 38 -6.03737e-05 8.7058e-05 -0.0114308 0.0114313
31 12 38 -6.59116e-05 9.20897e-05 -0.0104458 0.0104464
32 12 38 -9.03532e-05 0.000101247 -0.00937554 0.00937652
33 12 38 -3.94438e-05 0.000112129 -0.00822463 0.00822548
34 12 38 0.000190073 0.000124671 -0.00708025 0.0070839
35 12 38 0.000583114 0.000126506 -0.00595805 0.00598786
36 12 38 0.000991367 7.63576e-05 -0.00486443 0.00496501
37 12 38 0.00234575 -7.83538e-05 -0.00375618 0.00442917
38 12 38 0.00436186 -0.000200099 -0.00337068 0.00551609
39 12 38 0 -0.000693426 -0.00447237 0.00452581
1 13 38 0.00237296 -0.000537096 5.489e-05 0.00243361
2 13 38 0.00215637 -0.000423415 0.000228416 0.00220939
3 13 38 0.00131857 -0.000303913 -0.000155058 0.001362
4 13 38 0.000866607 -0.000166736 -0.000714445 0.00113545
5 13 38 0.000750604 -3.11572e-05 -0.00163998 0.00180386
6 13 38 0.000711886 9.53723e-05 -0.0028904 0.00297831
7 13 38 0.000664544 0.000199213 -0.00431393 0.00436936
8 13 38 0.000615093 0.000282884 -0.00579294 0.00583236
9 13 38 0.000590524 0.000351344 -0.00719651 0.00722924
10 13 38 0.000560089 0.000404542 -0.00852062 0.00854859
11 13 38 0.000511372 0.000437241 -0.00980357 0.00982663
12 13 38 0.000466252 0.000452666 -0.011012 0.0110311
13 13 38 0.000426968 0.000463458 -0.0121181 0.0121345
14 13 38 0.00039361 0.000470472 -0.0131043 0.0131186
15 13 38 0.000356397 0.000466757 -0.0139852 0.0139975
16 13 38 0.000315338 0.000448229 -0.0147513 0.0147614
17 13 38 0.000272955 0.00042191 -0.015393 0.0154012
18 13 38 0.000224289 0.000392181 -0.0159118 0.0159182
19 13 38 0.000178297 0.00035901 -0.0162873 0.0162922
20 13 38 0.000130997 0.000323607 -0.016531 0.0165347
21 13 38 8.68804e-05 0.000286813 -0.0166364 0.0166391
22 13 38 5.33759e-05 0.000249335 -0.0165963 0.0165983
23 13 38 2.2459e-05 0.000211933 -0.0164311 0.0164325
24 13 38 -3.47792e-07 0.000177919 -0.0161422 0.0161432
25 13 38 -1.52487e-05 0.000145159 -0.0157259 0.0157266
26 13 38 -3.05792e-05 0.00011326 -0.0151918 0.0151922
27 13 38 -4.90359e-05 9.03573e-05 -0.0145513 0.0145517
28 13 38 -6.93686e-05 7.62404e-05 -0.0138026 0.013803
29 13 38 -9.31681e-05 6.98843e-05 -0.0129547 0.0129552
30 13 38 -0.000107898 7.08599e-05 -0.0120195 0.0120202
31 13 38 -0.000115923 7.58616e-05 -0.0110168 0.0110177
32 13 38 -0.000141859 8.56981e-05 -0.00993361 0.00993499
33 13 38 -9.85012e-05 0.000102232 -0.00876219 0.00876334
34 13 38 0.00013208 0.000125654 -0.00758843 0.00759062
35 13 38 0.000538109 0.00013782 -0.00644457 0.00646846
36 13 38 0.000974384 9.45438e-05 -0.00530302 0.00539262
37 13 38 0.00233916 -5.79162e-05 -0.00410007 0.00472077
38 13 38 0.00432677 -0.00017906 -0.00359711 0.00562958
39 13 38 0 -0.000690606 -0.00457117 0.00462305
1 14 38 0.00284366 -0.000580937 -1.35736e-05 0.00290243
2 14 38 0.00242989 -0.000433333 3.93788e-05 0.00246854
3 14 38 0.00145028 -0.00030135 -0.000427743 0.00154178
4 14 38 0.000921132 -0.00016262 -0.00103901 0.00139803
5 14 38 0.00077644 -2.51527e-05 -0.00200575 0.00215094
6 14 38 0.000720911 0.000104348 -0.00331537 0.00339444
7 14 38 0.000661901 0.000212212 -0.00480568 0.00485568
8 14 38 0.000611855 0.000302939 -0.0063247 0.00636145
9 14 38 0.000589232 0.000375996 -0.00774605 0.00777752
10 14 38 0.000554163 0.000426651 -0.00909397 0.00912083
11 14 38 0.000502262 0.000454836 -0.0104013 0.0104234
12 14 38 0.000462789 0.00046838 -0.0116158 0.0116345
13 14 38 0.000427596 0.000476832 -0.0127239 0.01274
14 14 38 0.000390864 0.000474444 -0.0137228 0.0137366
15 14 38 0.000347747 0.000457476 -0.0146189 0.0146302
16 14 38 0.000301707 0.000432108 -0.0153925 0.0154015
17 14 38 0.000257189 0.000406046 -0.01603 0.0160372
18 14 38 0.000205991 0.000377961 -0.0165395 0.0165451
19 14 38 0.000156203 0.000345461 -0.0169027 0.016907
20 14 38 0.000106457 0.00030916 -0.0171259 0.017129
21 14 38 5.71473e-05 0.000270521 -0.0172112 0.0172134
22 14 38 1.92108e-05 0.000231617 -0.0171471 0.0171487
23 14 38 -1.33294e-05 0.000192852 -0.0169487 0.0169498
24 14 38 -4.14166e-05 0.000160271 -0.0166304 0.0166312
25 14 38 -5.91583e-05 0.000133953 -0.0161888 0.0161895
26 14 38 -7.07165e-05 0.00010923 -0.01563 0.0156305
27 14 38 -8.35559e-05 9.18681e-05 -0.0149697 0.0149703
28 14 38 -9.77636e-05 8.22099e-05 -0.01421 0.0142106
29 14 38 -0.000117122 7.9296e-05 -0.0133626 0.0133633
30 14 38 -0.000131052 8.42579e-05 -0.0124355 0.0124365
31 14 38 -0.000136675 9.15784e-05 -0.0114467 0.0114479
32 14 38 -0.000158732 9.81452e-05 -0.010388 0.0103897
33 14 38 -0.000123433 0.000108881 -0.00923725 0.00923872
34 14 38 9.0503e-05 0.000129739 -0.00805746 0.00805902
35 14 38 0.000485089 0.000143239 -0.00688629 0.00690484
36 14 38 0.000932664 0.000104251 -0.00568721 0.00576412
37 14 38 0.00229251 -4.1513e-05 -0.00438972 0.00495247
38 14 38 0.00425341 -0.000158713 -0.00376849 0.00568491
39 14 38 0 -0.000682458 -0.00462095 0.00467107
1 15 38 0.00335012 -0.000617285 -9.42205e-05 0.00340782
2 15 38 0.00270622 -0.000440931 -0.000131502 0.00274506
3 15 38 0.00156903 -0.000299506 -0.000651612 0.00172516
4 15 38 0.000955712 -0.000154336 -0.00129156 0.0016141
5 15 38 0.000782883 -7.26221e-06 -0.00228193 0.0024125
6 15 38 0.000720672 0.000127168 -0.00363306 0.00370603
7 15 38 0.000665081 0.000232661 -0.00516812 0.00521593
8 15 38 0.000623054 0.000315919 -0.00671765 0.00675387
9 15 38 0.000601341 0.000375166 -0.00817218 0.00820286
10 15 38 0.000560162 0.000408986 -0.00956666 0.00959177
11 15 38 0.000505784 0.000425564 -0.010914 0.010934
12 15 38 0.000467512 0.000433041 -0.012153 0.0121697
13 15 38 0.000426257 0.000435484 -0.0132879 0.0133019
14 15 38 0.000380617 0.000426286 -0.0143128 0.0143242
15 15 38 0.000335172 0.000408016 -0.0152165 0.0152257
16 15 38 0.000288614 0.000387654 -0.0159879 0.0159952
17 15 38 0.000242657 0.000364473 -0.0166211 0.0166269
18 15 38 0.000188159 0.000334296 -0.0171254 0.0171297
19 15 38 0.000133247 0.00029878 -0.0174814 0.0174845
20 15 38 8.10117e-05 0.000260209 -0.0176866 0.0176887
21 15 38 2.73484e-05 0.000220094 -0.0177525 0.0177539
22 15 38 -1.5871e-05 0.000181182 -0.0176698 0.0176708
23 15 38 -4.90073e-05 0.000140781 -0.0174446 0.0174452
24 15 38 -7.94392e-05 0.000104144 -0.0170993 0.0170998
25 15 38 -0.000103294 7.66509e-05 -0.016636 0.0166365
26 15 38 -0.000120675 5.434e-05 -0.0160561 0.0160567
27 15 38 -0.000137201 4.08697e-05 -0.0153716 0.0153723
28 15 38 -0.000152462 3.70359e-05 -0.0145864 0.0145872
29 15 38 -0.00017091 4.20832e-05 -0.013717 0.0137181
30 15 38 -0.000183951 5.94815e-05 -0.0127737 0.0127751
31 15 38 -0.000185142 8.33681e-05 -0.0117771 0.0117789
32 15 38 -0.000194575 0.00010402 -0.0107297 0.010732
33 15 38 -0.000152888 0.000122272 -0.00960857 0.00961057
34 15 38 4.98495e-05 0.000144669 -0.00844661 0.00844799
35 15 38 0.000424014 0.000154664 -0.00726306 0.00727707
36 15 38 0.000866338 0.000111324 -0.00601087 0.006074
37 15 38 0.00220273 -3.04951e-05 -0.00462078 0.00511904
38 15 38 0.00414197 -0.000141083 -0.00388082 0.00567773
39 15 38 0 -0.000670172 -0.00462226 0.00467059
1 16 38 0.00388561 -0.000645595 -0.000182825 0.00394312
2 16 38 0.00297951 -0.000445041 -0.00028051 0.00302559
3 16 38 0.00166977 -0.000293641 -0.000822956 0.00188457
4 16 38 0.000974074 -0.000136984 -0.0014633 0.00176319
5 16 38 0.000783329 1.8514e-05 -0.0024561 0.00257806
6 16 38 0.000723909 0.000148625 -0.00383674 0.00390726
7 16 38 0.000673874 0.000241284 -0.00541128 0.00545841
8 16 38 0.000632146 0.000310929 -0.00699692 0.00703229
9 16 38 0.000601086 0.000358797 -0.00849402 0.00852281
10 16 38 0.0005508 0.000387702 -0.0099288 0.00995162
11 16 38 0.000494462 0.000407962 -0.0112968 0.011315
12 16 38 0.000455283 0.000421474 -0.012543 0.0125583
13 16 38 0.000408925 0.000427509 -0.0136853 0.0136981
14 16 38 0.000361931 0.000421833 -0.0147088 0.0147193
15 16 38 0.000320499 0.000408518 -0.015599 0.0156076
16 16 38 0.000272784 0.000389044 -0.0163647 0.0163716
17 16 38 0.000223141 0.000360098 -0.0169945 0.0169998
18 16 38 0.000166463 0.000323749 -0.0174879 0.0174917
19 16 38 0.000108077 0.000285825 -0.017832 0.0178347
20 16 38 5.52687e-05 0.000247024 -0.0180184 0.0180201
21 16 38 7.26779e-07 0.000207213 -0.018064 0.0180652
22 16 38 -4.71898e-05 0.000171426 -0.0179672 0.0179681
23 16 38 -8.21417e-05 0.000135666 -0.0177261 0.0177269
24 16 38 -0.000110607 9.94843e-05 -0.0173622 0.0173629
25 16 38 -0.000132857 6.92326e-05 -0.0168857 0.0168863
26 16 38 -0.000151209 4.34192e-05 -0.0163021 0.0163029
27 16 38 -0.000169779 2.50265e-05 -0.015618 0.015619
28 16 38 -0.00018762 1.57281e-05 -0.0148347 0.0148359
29 16 38 -0.000209392 1.52759e-05 -0.013967 0.0139686
30 16 38 -0.000228355 3.03524e-05 -0.0130234 0.0130254
31 16 38 -0.000236591 5.93984e-05 -0.0120239 0.0120263
32 16 38 -0.000244076 9.11199e-05 -0.0109791 0.0109822
33 16 38 -0.000196345 0.000122598 -0.00987821 0.00988092
34 16 38 2.48808e-06 0.000156773 -0.00873691 0.00873832
35 16 38 0.000361983 0.000171223 -0.00755143 0.00756204
36 16 38 0.000793835 0.000123386 -0.00626055 0.00631189
37 16 38 0.00208759 -1.90961e-05 -0.00479132 0.00522639
38 16 38 0.00400205 -0.000124689 -0.00393632 0.00561485
39 16 38 0 -0.0006543 -0.00457694 0.00462347
1 17 38 0.00444177 -0.000665756 -0.000277591 0.00449996
2 17 38 0.00324535 -0.000444964 -0.000407679 0.00330098
3 17 38 0.00175498 -0.000283315 -0.00094234 0.00201202
4 17 38 0.000984508 -0.000117082 -0.00155606 0.00184507
5 17 38 0.000782983 3.80523e-05 -0.00253595 0.00265435
6 17 38 0.000725855 0.00015534 -0.00394072 0.00401002
7 17 38 0.000675541 0.000233075 -0.005552 0.0055978
8 17 38 0.000628199 0.000292418 -0.00717193 0.00720532
9 17 38 0.000588507 0.000334923 -0.00870506 0.00873135
10 17 38 0.000537528 0.000363667 -0.010164 0.0101847
11 17 38 0.000485993 0.000385827 -0.0115404 0.0115571
12 17 38 0.000448148 0.000396814 -0.0127935 0.0128075
13 17 38 0.000400653 0.000396002 -0.013945 0.0139564
14 17 38 0.000354608 0.000383462 -0.0149734 0.0149825
15 17 38 0.000313025 0.000361961 -0.0158675 0.0158747
16 17 38 0.000259649 0.000330523 -0.0166426 0.0166479
17 17 38 0.000206369 0.000291142 -0.0172712 0.0172749
18 17 38 0.000149175 0.00024971 -0.0177516 0.017754
19 17 38 8.56202e-05 0.000208474 -0.0180903 0.0180917
20 17 38 2.80544e-05 0.000167001 -0.0182691 0.0182699
21 17 38 -2.83722e-05 0.00012501 -0.0182979 0.0182984
22 17 38 -8.09115e-05 9.01135e-05 -0.0181843 0.0181847
23 17 38 -0.000122486 6.23355e-05 -0.0179276 0.0179281
24 17 38 -0.000154965 3.73209e-05 -0.0175423 0.017543
25 17 38 -0.000177518 1.75458e-05 -0.0170408 0.0170417
26 17 38 -0.000195078 1.05837e-06 -0.0164376 0.0164388
27 17 38 -0.000210968 -1.07901e-05 -0.0157414 0.0157428
28 17 38 -0.00022506 -1.63658e-05 -0.0149565 0.0149582
29 17 38 -0.000243411 -1.66592e-05 -0.0140958 0.014098
30 17 38 -0.000262073 -3.93977e-06 -0.0131642 0.0131668
31 17 38 -0.000276778 2.51841e-05 -0.0121767 0.0121799
32 17 38 -0.000289634 6.18616e-05 -0.0111424 0.0111463
33 17 38 -0.000243752 0.000103536 -0.0100606 0.0100641
34 17 38 -5.11854e-05 0.000152462 -0.00893949 0.00894094
35 17 38 0.000296833 0.000179775 -0.00775558 0.00776334
36 17 38 0.000717287 0.000134864 -0.00643641 0.00647765
37 17 38 0.00195405 -7.30836e-06 -0.00490195 0.00527707
38 17 38 0.00383786 -0.000108913 -0.00393719 0.00549932
39 17 38 0 -0.000635247 -0.0044857 0.00453046
1 18 38 0.00500997 -0.000677656 -0.000377662 0.00506968
2 18 38 0.0035012 -0.00044025 -0.00051256 0.0035658
3 18 38 0.00182797 -0.000269149 -0.00100852 0.002105
4 18 38 0.000989475 -9.80699e-05 -0.00156992 0.00185832
5 18 38 0.00077854 5.16415e-05 -0.0025226 0.00264051
6 18 38 0.000720058 0.000157493 -0.00394253 0.00401083
7 18 38 0.000666453 0.000226218 -0.0055815 0.0056257
8 18 38 0.000614216 0.000279895 -0.00722716 0.00725861
9 18 38 0.000570964 0.000318072 -0.00878667 0.00881095
10 18 38 0.000525216 0.000343985 -0.0102592 0.0102784
11 18 38 0.000478888 0.000362346 -0.011641 0.0116565
12 18 38 0.00043981 0.000365734 -0.012904 0.0129166
13 18 38 0.00039091 0.000356597 -0.0140637 0.0140737
14 18 38 0.00034305 0.000337879 -0.0150989 0.0151066
15 18 38 0.000297602 0.000309444 -0.0159993 0.0160051
16 18 38 0.000240564 0.000270311 -0.0167766 0.0167805
17 18 38 0.000185827 0.00022703 -0.0173994 0.0174018
18 18 38 0.000127286 0.000182648 -0.0178734 0.0178748
19 18 38 5.86649e-05 0.00013604 -0.0182125 0.0182131
20 18 38 -3.60023e-06 9.3942e-05 -0.0183851 0.0183853
21 18 38 -6.06037e-05 5.58055e-05 -0.0183931 0.0183933
22 18 38 -0.00011246 2.30258e-05 -0.0182537 0.0182541
23 18 38 -0.000156437 -1.71799e-06 -0.0179784 0.0179791
24 18 38 -0.000194015 -2.10437e-05 -0.0175797 0.0175808
25 18 38 -0.000221719 -3.40588e-05 -0.0170638 0.0170653
26 18 38 -0.000244492 -4.28691e-05 -0.0164472 0.0164491
27 18 38 -0.000262377 -4.7173e-05 -0.0157388 0.015741
28 18 38 -0.000274805 -4.53644e-05 -0.014949 0.0149516
29 18 38 -0.000288386 -4.00431e-05 -0.0140922 0.0140952
30 18 38 -0.000300698 -2.52991e-05 -0.0131723 0.0131758
31 18 38 -0.00031482 4.72892e-06 -0.0122031 0.0122072
32 18 38 -0.000332377 4.28033e-05 -0.0111881 0.0111931
33 18 38 -0.000294799 8.69162e-05 -0.0101325 0.0101371
34 18 38 -0.000116478 0.000142049 -0.00903812 0.00903998
35 18 38 0.000216748 0.000179007 -0.0078627 0.00786773
36 18 38 0.000624927 0.000140994 -0.00652608 0.00655744
37 18 38 0.00180002 3.21297e-06 -0.00494327 0.0052608
38 18 38 0.00365093 -9.37264e-05 -0.00388273 0.00533044
39 18 38 0 -0.000614029 -0.00435098 0.00439409
1 19 38 0.00558229 -0.000680514 -0.000480139 0.00564407
2 19 38 0.00374587 -0.000429626 -0.000589979 0.0038163
3 19 38 0.00189024 -0.000251895 -0.00101587 0.00216066
4 19 38 0.000986718 -8.31562e-05 -0.00150336 0.00180018
5 19 38 0.000765262 5.72118e-05 -0.00241759 0.00253647
6 19 38 0.000704449 0.000153565 -0.00384364 0.00391068
7 19 38 0.000649059 0.00021588 -0.00550173 0.00554409
8 19 38 0.000595104 0.000263461 -0.0071662 0.00719569
9 19 38 0.000551652 0.000294395 -0.00874538 0.00876771
10 19 38 0.000512601 0.000313628 -0.0102247 0.0102424
11 19 38 0.00046939 0.000324901 -0.0116089 0.0116229
12 19 38 0.000427311 0.000320156 -0.0128793 0.0128903
13 19 38 0.000377944 0.000304323 -0.0140409 0.0140493
14 19 38 0.000327291 0.000280971 -0.0150788 0.015085
15 19 38 0.000277606 0.000247774 -0.0159804 0.0159847
16 19 38 0.000219239 0.000204399 -0.0167514 0.0167541
17 19 38 0.000160752 0.000158661 -0.0173713 0.0173727
18 19 38 9.86178e-05 0.000110432 -0.0178438 0.0178445
19 19 38 3.12467e-05 5.89119e-05 -0.0181715 0.0181716
20 19 38 -2.96563e-05 1.82405e-05 -0.0183277 0.0183277
21 19 38 -8.84307e-05 -1.37411e-05 -0.0183227 0.0183229
22 19 38 -0.000141664 -4.35345e-05 -0.0181681 0.0181687
23 19 38 -0.000186575 -6.79016e-05 -0.0178784 0.0178795
24 19 38 -0.000226266 -8.64281e-05 -0.0174696 0.0174712
25 19 38 -0.000257159 -9.80744e-05 -0.0169456 0.0169479
26 19 38 -0.00028502 -0.000104366 -0.016324 0.0163268
27 19 38 -0.000306667 -0.000104919 -0.0156116 0.0156149
28 19 38 -0.000320997 -9.70893e-05 -0.0148237 0.0148275
29 19 38 -0.000334264 -8.43637e-05 -0.0139747 0.013979
30 19 38 -0.000343098 -6.35704e-05 -0.0130684 0.0130731
31 19 38 -0.000356784 -2.77307e-05 -0.0121191 0.0121244
32 19 38 -0.000378637 1.62192e-05 -0.0111241 0.0111305
33 19 38 -0.000349426 6.43662e-05 -0.0100937 0.0100999
34 19 38 -0.000186033 0.000123564 -0.00902732 0.00903008
35 19 38 0.00013127 0.000167955 -0.00786568 0.00786857
36 19 38 0.0005243 0.000140017 -0.00652253 0.00654507
37 19 38 0.001636 1.21027e-05 -0.00491023 0.00517562
38 19 38 0.00344852 -7.85757e-05 -0.0037756 0.00511406
39 19 38 0 -0.00059122 -0.0041773 0.00421893
1 20 38 0.0061514 -0.00067513 -0.000585688 0.00621599
2 20 38 0.00397805 -0.000415177 -0.000643364 0.00405107
3 20 38 0.00194123 -0.000235121 -0.00097289 0.00218408
4 20 38 0.000972635 -7.43719e-05 -0.00137098 0.0016826
5 20 38 0.000739941 5.61205e-05 -0.00223708 0.00235694
6 20 38 0.000678893 0.000146112 -0.00365812 0.00372345
7 20 38 0.000624311 0.000204474 -0.00532523 0.0053656
8 20 38 0.00057001 0.000246836 -0.00700116 0.00702866
9 20 38 0.00052675 0.000270471 -0.00859399 0.00861436
10 20 38 0.000494138 0.000281927 -0.0100748 0.0100909
11 20 38 0.00045325 0.000284676 -0.0114582 0.0114707
12 20 38 0.000408359 0.000271801 -0.0127337 0.0127432
13 20 38 0.000360158 0.00024939 -0.013894 0.0139009
14 20 38 0.00030718 0.000220345 -0.0149326 0.0149374
15 20 38 0.000253667 0.000182808 -0.0158333 0.0158364
16 20 38 0.000195287 0.000137283 -0.0165946 0.0165963
17 20 38 0.000132796 9.03731e-05 -0.0172109 0.0172116
18 20 38 6.79412e-05 4.25761e-05 -0.0176761 0.0176763
19 20 38 4.82653e-06 -7.28714e-06 -0.01798 0.01798
20 20 38 -5.46547e-05 -4.86697e-05 -0.0181201 0.0181202
21 20 38 -0.000118703 -8.33504e-05 -0.0181182 0.0181188
22 20 38 -0.000177223 -0.000113541 -0.0179634 0.0179646
23 20 38 -0.000225474 -0.000134654 -0.0176637 0.0176656
24 20 38 -0.00026766 -0.000147763 -0.0172409 0.0172436
25 20 38 -0.000300493 -0.000153791 -0.0167021 0.0167055
26 20 38 -0.000330807 -0.000154868 -0.0160696 0.0160737
27 20 38 -0.000353382 -0.000150792 -0.0153502 0.0153551
28 20 38 -0.000367357 -0.00013742 -0.0145637 0.014569
29 20 38 -0.000378036 -0.000117984 -0.0137236 0.0137293
30 20 38 -0.000380648 -9.20787e-05 -0.0128341 0.01284
31 20 38 -0.000390647 -5.22648e-05 -0.0119096 0.0119162
32 20 38 -0.000413868 -4.80502e-06 -0.0109404 0.0109483
33 20 38 -0.000391273 4.44126e-05 -0.00994138 0.00994917
34 20 38 -0.000243266 0.000103065 -0.00891106 0.00891498
35 20 38 5.3346e-05 0.000149656 -0.00777297 0.0077746
36 20 38 0.000421416 0.000131037 -0.00643461 0.00644973
37 20 38 0.00146716 1.71736e-05 -0.00480832 0.00502721
38 20 38 0.0032328 -6.43371e-05 -0.00362197 0.00485528
39 20 38 0 -0.000567189 -0.00396883 0.00400915
1 21 38 0.00670902 -0.000661153 -0.000691499 0.00677689
2 21 38 0.0041945 -0.000396438 -0.000668434 0.00426589
3 21 38 0.00197933 -0.000217415 -0.000874129 0.00217465
4 21 38 0.000945333 -6.71028e-05 -0.00116619 0.00150272
5 21 38 0.000702633 5.39379e-05 -0.00197174 0.00209389
6 21 38 0.000646276 0.000138283 -0.00337337 0.0034375
7 21 38 0.000595951 0.000193005 -0.00503664 0.00507544
8 21 38 0.000541404 0.000231391 -0.00671435 0.00674012
9 21 38 0.000496534 0.000249599 -0.00831356 0.00833211
10 21 38 0.000468713 0.00025374 -0.00978978 0.00980428
11 21 38 0.000429994 0.000247151 -0.0111656 0.0111766
12 21 38 0.000382744 0.000226606 -0.0124398 0.0124477
13 21 38 0.00033662 0.000198584 -0.0135921 0.0135977
14 21 38 0.000282795 0.000163595 -0.0146247 0.0146284
15 21 38 0.000225856 0.00012225 -0.0155208 0.0155229
16 21 38 0.000167397 7.60083e-05 -0.0162721 0.0162732
17 21 38 0.000103474 2.73105e-05 -0.0168821 0.0168824
18 21 38 3.81205e-05 -1.96285e-05 -0.0173385 0.0173385
19 21 38 -2.45399e-05 -6.41062e-05 -0.0176267 0.0176269
20 21 38 -8.59123e-05 -0.000105142 -0.0177568 0.0177573
21 21 38 -0.000149863 -0.000143325 -0.0177477 0.0177489
22 21 38 -0.000205813 -0.000172562 -0.0175788 0.0175809
23 21 38 -0.000254058 -0.000191322 -0.0172678 0.0172707
24 21 38 -0.000299035 -0.000203706 -0.0168403 0.0168442
25 21 38 -0.00033527 -0.000209007 -0.0162997 0.0163045
26 21 38 -0.000368884 -0.000208037 -0.0156687 0.0156744
27 21 38 -0.000393699 -0.000200822 -0.0149531 0.0149597
28 21 38 -0.000410135 -0.000182318 -0.0141749 0.014182
29 21 38 -0.000421969 -0.000155168 -0.0133466 0.0133542
30 21 38 -0.000423632 -0.000122492 -0.0124748 0.0124826
31 21 38 -0.000435722 -7.8483e-05 -0.0115738 0.0115823
32 21 38 -0.000462688 -2.85842e-05 -0.0106278 0.0106379
33 21 38 -0.000443463 2.13148e-05 -0.00965965 0.00966985
34 21 38 -0.000304878 7.96455e-05 -0.00866946 0.00867519
35 21 38 -2.67932e-05 0.000127417 -0.00756487 0.00756599
36 21 38 0.000310697 0.000117097 -0.0062474 0.00625622
37 21 38 0.00129301 1.84835e-05 -0.00462927 0.00480649
38 21 38 0.00300304 -5.22421e-05 -0.00342195 0.0045531
39 21 38 0 -0.000543305 -0.00372755 0.00376694
1 22 38 0.00724635 -0.000638356 -0.000795197 0.00731775
2 22 38 0.00439054 -0.000373434 -0.000664978 0.00445628
3 22 38 0.00200231 -0.000198844 -0.000723264 0.0021382
4 22 38 0.00090254 -5.97203e-05 -0.000897295 0.00127408
5 22 38 0.000649442 5.15407e-05 -0.00163536 0.00176035
6 22 38 0.00060187 0.00012782 -0.00300802 0.0030703
7 22 38 0.000560265 0.000176369 -0.00465693 0.00469382
8 22 38 0.000507421 0.000211059 -0.00632711 0.00635093
9 22 38 0.000459993 0.000227189 -0.00792688 0.00794346
10 22 38 0.000435297 0.000227321 -0.00939562 0.00940845
11 22 38 0.000399832 0.000212424 -0.0107585 0.010768
12 22 38 0.000351877 0.000184783 -0.0120252 0.0120317
13 22 38 0.000308838 0.000152142 -0.0131645 0.013169
14 22 38 0.000257393 0.000111199 -0.014182 0.0141848
15 22 38 0.000198966 6.59772e-05 -0.0150658 0.0150672
16 22 38 0.000138753 2.14067e-05 -0.0158042 0.0158049
17 22 38 7.4015e-05 -2.64562e-05 -0.0164002 0.0164003
18 22 38 9.57284e-06 -7.34732e-05 -0.0168424 0.0168425
19 22 38 -5.58447e-05 -0.000114499 -0.017124 0.0171244
20 22 38 -0.000120949 -0.000153356 -0.0172484 0.0172495
21 22 38 -0.00018266 -0.000189742 -0.0172221 0.0172241
22 22 38 -0.000237121 -0.000215752 -0.0170357 0.0170387
23 22 38 -0.000289051 -0.000236164 -0.0167217 0.0167258
24 22 38 -0.000338192 -0.000252367 -0.016297 0.0163025
25 22 38 -0.000376588 -0.000257929 -0.0157575 0.0157641
26 22 38 -0.000410273 -0.00025343 -0.0151294 0.0151371
27 22 38 -0.000434095 -0.000241125 -0.0144196 0.0144282
28 22 38 -0.00045052 -0.000216724 -0.0136509 0.01366
29 22 38 -0.000461202 -0.00018232 -0.0128356 0.0128452
30 22 38 -0.000461239 -0.00014488 -0.0119834 0.0119931
31 22 38 -0.000475492 -0.00010108 -0.0111065 0.0111171
32 22 38 -0.000503593 -5.35542e-05 -0.0101859 0.0101985
33 22 38 -0.000483126 -4.71369e-06 -0.0092544 0.009267
34 22 38 -0.000351078 5.43137e-05 -0.00831106 0.00831865
35 22 38 -9.36105e-05 0.000103696 -0.00724794 0.00724928
36 22 38 0.000205389 0.000100382 -0.00596554 0.00596992
37 22 38 0.00112611 1.65289e-05 -0.00437757 0.00452012
38 22 38 0.00276507 -4.19584e-05 -0.00318161 0.00421545
39 22 38 0 -0.000518595 -0.00345725 0.00349593
1 23 38 0.00775564 -0.000607371 -0.000896566 0.00783088
2 23 38 0.00456253 -0.00034787 -0.000638456 0.0046201
3 23 38 0.00201198 -0.000182595 -0.000530341 0.0020887
4 23 38 0.000849487 -5.45794e-05 -0.00057562 0.00102759
5 23 38 0.000583441 4.79418e-05 -0.00124092 0.00137208
6 23 38 0.000544936 0.000114431 -0.00257735 0.00263682
7 23 38 0.000515719 0.000152674 -0.00420103 0.00423532
8 23 38 0.000468582 0.000180074 -0.00585065 0.00587215
9 23 38 0.000418929 0.000194786 -0.00744203 0.00745636
10 23 38 0.000394068 0.000195522 -0.00890152 0.00891238
11 23 38 0.000360899 0.000176566 -0.010248 0.0102558
12 23 38 0.000312433 0.000143979 -0.0115027 0.0115078
13 23 38 0.000270895 0.000108039 -0.0126291 0.0126325
14 23 38 0.000223621 6.07314e-05 -0.0136276 0.0136296
15 23 38 0.000167927 7.08398e-06 -0.0144927 0.0144937
16 23 38 0.000107365 -4.06009e-05 -0.0152167 0.0152171
17 23 38 4.25e-05 -8.75442e-05 -0.0157939 0.0157942
18 23 38 -1.98092e-05 -0.000134636 -0.0162144 0.016215
19 23 38 -8.63356e-05 -0.000175873 -0.0164857 0.0164869
20 23 38 -0.000152761 -0.000215025 -0.0166028 0.0166049
21 23 38 -0.000214058 -0.00025038 -0.0165653 0.0165686
22 23 38 -0.000272611 -0.000275214 -0.0163785 0.0163831
23 23 38 -0.00032845 -0.000296157 -0.0160702 0.0160763
24 23 38 -0.00037644 -0.00030839 -0.0156423 0.0156499
25 23 38 -0.000412253 -0.000305547 -0.0150969 0.0151057
26 23 38 -0.000443269 -0.000292753 -0.01447 0.0144797
27 23 38 -0.000465763 -0.000274504 -0.0137679 0.0137785
28 23 38 -0.000483502 -0.000246693 -0.0130107 0.0130221
29 23 38 -0.000495185 -0.000209752 -0.01221 0.0122218
30 23 38 -0.000497052 -0.000173177 -0.0113776 0.0113898
31 23 38 -0.000514855 -0.000134117 -0.0105226 0.0105361
32 23 38 -0.00054012 -8.94908e-05 -0.00962809 0.00964364
33 23 38 -0.000513302 -3.77677e-05 -0.00873784 0.00875299
34 23 38 -0.000386221 2.63822e-05 -0.00784338 0.00785293
35 23 38 -0.0001504 7.87124e-05 -0.00682443 0.00682654
36 23 38 0.000108296 8.06734e-05 -0.00559106 0.00559269
37 23 38 0.000973761 1.0275e-05 -0.00405932 0.00417449
38 23 38 0.00252245 -3.46265e-05 -0.00291005 0.00385127
39 23 38 0 -0.000493761 -0.00316486 0.00320315
1 24 38 0.00822766 -0.000566518 -0.00099106 0.00830647
2 24 38 0.00470204 -0.000316908 -0.000586447 0.00474906
3 24 38 0.00200424 -0.000166401 -0.0002932 0.0020324
4 24 38 0.000788166 -4.97876e-05 -0.000194063 0.000813231
5 24 38 0.000506729 4.69391e-05 -0.000777372 0.000929131
6 24 38 0.000473141 0.000106478 -0.00207106 0.00212708
7 24 38 0.000457259 0.000133211 -0.0036601 0.00369096
8 24 38 0.000422106 0.000146879 -0.00527253 0.00529144
9 24 38 0.000375802 0.000153863 -0.00683841 0.00685046
10 24 38 0.000350766 0.00015523 -0.00828115 0.00829003
11 24 38 0.000319724 0.000137706 -0.0096049 0.00961121
12 24 38 0.000271698 0.000106981 -0.010838 0.010842
13 24 38 0.00022895 7.62252e-05 -0.011948 0.0119505
14 24 38 0.000183111 3.37171e-05 -0.0129249 0.0129262
15 24 38 0.000131002 -2.12427e-05 -0.0137641 0.0137648
16 24 38 7.21147e-05 -7.2942e-05 -0.0144687 0.0144691
17 24 38 7.84628e-06 -0.000120315 -0.0150269 0.0150273
18 24 38 -5.35426e-05 -0.000166058 -0.0154253 0.0154263
19 24 38 -0.000120453 -0.000205925 -0.0156804 0.0156822
20 24 38 -0.000185201 -0.000243283 -0.0157809 0.0157838
21 24 38 -0.000245215 -0.000276873 -0.0157316 0.0157359
22 24 38 -0.000305289 -0.000301474 -0.0155469 0.0155529
23 24 38 -0.000358302 -0.000321493 -0.0152386 0.0152462
24 24 38 -0.000402352 -0.000329312 -0.0148063 0.0148155
25 24 38 -0.000439227 -0.000324573 -0.0142672 0.0142776
26 24 38 -0.000472615 -0.000313893 -0.0136553 0.0136671
27 24 38 -0.000498375 -0.000299402 -0.0129693 0.0129824
28 24 38 -0.000520652 -0.000276364 -0.012226 0.0122402
29 24 38 -0.000535219 -0.000243403 -0.0114396 0.0114547
30 24 38 -0.000539804 -0.000211236 -0.0106263 0.0106421
31 24 38 -0.000558186 -0.000175096 -0.00979344 0.0098109
32 24 38 -0.000575029 -0.000126757 -0.00893192 0.00895131
33 24 38 -0.000541061 -6.61068e-05 -0.00809153 0.00810986
34 24 38 -0.000422756 3.58012e-06 -0.00724703 0.00725935
35 24 38 -0.000208566 5.51984e-05 -0.00627558 0.00627928
36 24 38 1.62331e-05 5.87416e-05 -0.00511184 0.0051122
37 24 38 0.000836741 7.49472e-07 -0.00367136 0.0037655
38 24 38 0.00227391 -2.94906e-05 -0.00260888 0.0034609
39 24 38 0 -0.000468733 -0.0028521 0.00289036
1 25 38 0.0086561 -0.000515619 -0.00107439 0.00873775
2 25 38 0.00480328 -0.000279556 -0.000512381 0.00483862
3 25 38 0.00197486 -0.000150726 -2.73103e-05 0.00198079
4 25 38 0.000720459 -5.02729e-05 0.00022487 0.000756409
5 25 38 0.000425034 3.99859e-05 -0.000270396 0.000505338
6 25 38 0.000389037 9.79373e-05 -0.00152193 0.00157392
7 25 38 0.000379681 0.000120041 -0.00307961 0.00310524
8 25 38 0.000356823 0.000120157 -0.00464827 0.00466349
9 25 38 0.000319745 0.000110825 -0.00617175 0.00618102
10 25 38 0.000298115 0.000102306 -0.00758673 0.00759327
11 25 38 0.000271633 7.91448e-05 -0.00888245 0.00888696
12 25 38 0.000228537 4.449e-05 -0.0100858 0.0100885
13 25 38 0.000186809 1.40245e-05 -0.0111755 0.0111771
14 25 38 0.000140947 -2.12169e-05 -0.0121337 0.0121346
15 25 38 9.04124e-05 -6.81725e-05 -0.0129485 0.012949
16 25 38 3.37168e-05 -0.000117675 -0.0136304 0.0136309
17 25 38 -2.78248e-05 -0.000164927 -0.0141676 0.0141686
18 25 38 -8.79501e-05 -0.000211043 -0.0145481 0.0145499
19 25 38 -0.000155209 -0.000251271 -0.0147902 0.0147932
20 25 38 -0.000218465 -0.000286734 -0.0148757 0.0148801
21 25 38 -0.000278408 -0.00031768 -0.0148176 0.0148236
22 25 38 -0.000338824 -0.000340755 -0.0146312 0.0146391
23 25 38 -0.000388869 -0.000358738 -0.0143157 0.0143255
24 25 38 -0.000434142 -0.000365779 -0.0138817 0.0138933
25 25 38 -0.000475629 -0.000365606 -0.013352 0.0133654
26 25 38 -0.000508959 -0.000359647 -0.0127473 0.0127625
27 25 38 -0.000532829 -0.00034764 -0.0120651 0.0120819
28 25 38 -0.000552807 -0.000326433 -0.0113268 0.011345
29 25 38 -0.000562657 -0.00029298 -0.0105532 0.0105723
30 25 38 -0.000562643 -0.000257952 -0.00976269 0.0097823
31 25 38 -0.000574374 -0.000214369 -0.00895952 0.00898047
32 25 38 -0.00058049 -0.000154233 -0.00814129 0.00816342
33 25 38 -0.000546454 -8.53565e-05 -0.0073522 0.00737298
34 25 38 -0.000444783 -1.83397e-05 -0.0065476 0.00656271
35 25 38 -0.000249779 2.58946e-05 -0.00562227 0.00562787
36 25 38 -4.88321e-05 3.0132e-05 -0.00454817 0.00454853
37 25 38 0.000730614 -1.24998e-05 -0.00323074 0.00331234
38 25 38 0.002025 -2.52998e-05 -0.00228694 0.00305473
39 25 38 0 -0.000441731 -0.00252139 0.0025598
1 26 38 0.00903826 -0.000455774 -0.0011438 0.00912174
2 26 38 0.00486499 -0.000235038 -0.00042064 0.0048888
3 26 38 0.00192001 -0.000131493 0.0002529 0.00194105
4 26 38 0.00064454 -5.20508e-05 0.000664192 0.00092698
5 26 38 0.000345125 2.49267e-05 0.000273508 0.000441066
6 26 38 0.00030699 7.99478e-05 -0.000922698 0.000975708
7 26 38 0.000296887 0.000106183 -0.0024494 0.00246961
8 26 38 0.000278646 0.000106297 -0.00397581 0.00398698
9 26 38 0.000248741 8.86427e-05 -0.00544412 0.00545052
10 26 38 0.00023025 7.03869e-05 -0.00681345 0.0068177
11 26 38 0.00020744 3.92127e-05 -0.00806677 0.00806953
12 26 38 0.000171044 -4.06806e-06 -0.00922282 0.0092244
13 26 38 0.000134761 -4.56866e-05 -0.010273 0.010274
14 26 38 9.23446e-05 -8.78768e-05 -0.0112008 0.0112015
15 26 38 4.31341e-05 -0.000134134 -0.0119881 0.011989
16 26 38 -1.26045e-05 -0.000181426 -0.0126444 0.0126457
17 26 38 -7.01803e-05 -0.000226817 -0.0131542 0.0131564
18 26 38 -0.000126012 -0.000273385 -0.0135106 0.013514
19 26 38 -0.000189475 -0.000316333 -0.0137346 0.0137396
20 26 38 -0.000248266 -0.000352767 -0.0138046 0.0138113
21 26 38 -0.000306529 -0.000383127 -0.0137405 0.0137493
22 26 38 -0.000365261 -0.000404853 -0.0135519 0.0135628
23 26 38 -0.000413056 -0.000420136 -0.0132314 0.0132445
24 26 38 -0.000460774 -0.000425598 -0.0128022 0.0128175
25 26 38 -0.000502488 -0.000424256 -0.0122808 0.0122984
26 26 38 -0.000530449 -0.000412564 -0.0116797 0.0116991
27 26 38 -0.000551739 -0.000393703 -0.011008 0.0110288
28 26 38 -0.000571145 -0.000366662 -0.0102898 0.0103122
29 26 38 -0.000579802 -0.000325953 -0.00954694 0.00957008
30 26 38 -0.000580867 -0.000282921 -0.00879406 0.00881777
31 26 38 -0.00059276 -0.000230863 -0.00802928 0.00805444
32 26 38 -0.000597293 -0.000166595 -0.00725482 0.00728128
33 26 38 -0.000570868 -0.000103573 -0.00650459 0.00653041
34 26 38 -0.000480394 -4.91166e-05 -0.00572745 0.00574777
35 26 38 -0.00028509 -1.12366e-05 -0.00485932 0.00486769
36 26 38 -8.69408e-05 -8.70853e-07 -0.00390648 0.00390745
37 26 38 0.000655475 -2.54964e-05 -0.00274787 0.00282508
38 26 38 0.0017762 -2.20167e-05 -0.00195299 0.00263999
39 26 38 0 -0.000413951 -0.00217958 0.00221854
1 27 38 0.00936903 -0.000387048 -0.00119387 0.00945272
2 27 38 0.00488584 -0.000182599 -0.000305121 0.00489877
3 27 38 0.00183498 -0.000104297 0.000548502 0.00191804
4 27 38 0.000546764 -4.50149e-05 0.00111407 0.00124182
5 27 38 0.000252267 1.13681e-05 0.000842578 0.000879605
6 27 38 0.000221472 4.9698e-05 -0.000271445 0.000353839
7 27 38 0.000215143 7.02872e-05 -0.00175292 0.00176748
8 27 38 0.000199293 7.28115e-05 -0.00324154 0.00324847
9 27 38 0.00017335 5.6805e-05 -0.00465962 0.00466319
10 27 38 0.000155767 3.83675e-05 -0.00598146 0.00598361
11 27 38 0.000132685 8.7907e-06 -0.00719074 0.00719197
12 27 38 9.80084e-05 -3.02402e-05 -0.00829621 0.00829684
13 27 38 6.57484e-05 -7.15516e-05 -0.00929391 0.00929442
14 27 38 3.05648e-05 -0.000118535 -0.0101708 0.0101715
15 27 38 -1.34322e-05 -0.000168785 -0.0109151 0.0109164
16 27 38 -6.76734e-05 -0.00021703 -0.011539 0.0115412
17 27 38 -0.000122322 -0.000258494 -0.0120195 0.0120229
18 27 38 -0.000173734 -0.000299776 -0.0123498 0.0123546
19 27 38 -0.000230613 -0.000339466 -0.0125504 0.0125571
20 27 38 -0.000281307 -0.000373002 -0.0126001 0.0126087
21 27 38 -0.000333912 -0.000401518 -0.0125261 0.0125369
22 27 38 -0.000386884 -0.000422552 -0.012331 0.0123443
23 27 38 -0.000430424 -0.000437624 -0.0120078 0.0120235
24 27 38 -0.000477284 -0.000443776 -0.0115889 0.0116072
25 27 38 -0.000514238 -0.000441073 -0.0110801 0.0111008
26 27 38 -0.000537152 -0.000426178 -0.0104948 0.0105172
27 27 38 -0.000560525 -0.000407895 -0.00985114 0.0098755
28 27 38 -0.00058251 -0.000382597 -0.00916436 0.00919082
29 27 38 -0.000592514 -0.000342525 -0.00845462 0.00848228
30 27 38 -0.000597769 -0.000301397 -0.00773258 0.0077615
31 27 38 -0.000612278 -0.000252874 -0.00699318 0.00702449
32 27 38 -0.000616873 -0.000196678 -0.00624729 0.00628075
33 27 38 -0.000594421 -0.000143775 -0.00552291 0.00555667
34 27 38 -0.000502143 -9.30399e-05 -0.00477843 0.00480564
35 27 38 -0.000293324 -4.72752e-05 -0.00399571 0.00400674
36 27 38 -9.14056e-05 -2.38494e-05 -0.00319443 0.00319583
37 27 38 0.00060623 -3.20315e-05 -0.00222339 0.00230478
38 27 38 0.00152524 -1.83284e-05 -0.00160703 0.00221568
39 27 38 0 -0.000386108 -0.00183093 0.0018712
1 28 38 0.00964258 -0.000311667 -0.00122224 0.00972473
2 28 38 0.00487234 -0.000129628 -0.000164539 0.00487684
3 28 38 0.00173683 -8.18751e-05 0.000855175 0.00193768
4 28 38 0.000437099 -3.75024e-05 0.00154781 0.00160878
5 28 38 0.000142649 5.43023e-06 0.00138061 0.00138797
6 28 38 0.000120402 2.62525e-05 0.000363576 0.000383893
7 28 38 0.000125017 3.0041e-05 -0.00104377 0.00105166
8 28 38 0.000117767 2.29674e-05 -0.0024768 0.00247971
9 28 38 9.95475e-05 2.18903e-06 -0.00383992 0.00384121
10 28 38 8.69617e-05 -2.04901e-05 -0.00511254 0.00511332
11 28 38 6.66378e-05 -5.37291e-05 -0.00628042 0.006281
12 28 38 3.09776e-05 -9.02561e-05 -0.0073491 0.00734972
13 28 38 -3.78229e-06 -0.000123081 -0.00831278 0.00831369
14 28 38 -3.43305e-05 -0.000162533 -0.00914747 0.00914898
15 28 38 -7.0007e-05 -0.000210417 -0.00984574 0.00984824
16 28 38 -0.000118575 -0.000260438 -0.0104318 0.0104357
17 28 38 -0.000168927 -0.000301072 -0.0108833 0.0108888
18 28 38 -0.000217456 -0.000338393 -0.0111937 0.0112009
19 28 38 -0.000270438 -0.000374346 -0.0113777 0.0113871
20 28 38 -0.000316364 -0.00040465 -0.0114124 0.0114239
21 28 38 -0.000365802 -0.000431888 -0.0113288 0.0113429
22 28 38 -0.000414552 -0.000453334 -0.0111235 0.0111404
23 28 38 -0.000455217 -0.000469486 -0.010794 0.0108138
24 28 38 -0.00050033 -0.000476642 -0.0103781 0.0104011
25 28 38 -0.000532294 -0.000473498 -0.00987251 0.00989818
26 28 38 -0.000554352 -0.000461078 -0.00929472 0.00932264
27 28 38 -0.000582818 -0.000449446 -0.0086636 0.0086948
28 28 38 -0.000605557 -0.000427477 -0.00798482 0.00801915
29 28 38 -0.000613639 -0.000388873 -0.00728586 0.00732199
30 28 38 -0.000618194 -0.000350349 -0.00657567 0.00661395
31 28 38 -0.000627114 -0.000303368 -0.00585037 0.0058917
32 28 38 -0.000622518 -0.000247928 -0.00513293 0.00517649
33 28 38 -0.000594111 -0.000190713 -0.00444518 0.00448876
34 28 38 -0.000491489 -0.000129435 -0.00375544 0.00378967
35 28 38 -0.000268863 -7.23705e-05 -0.00307724 0.00308981
36 28 38 -6.51329e-05 -4.16116e-05 -0.00243132 0.00243255
37 28 38 0.000578316 -3.75361e-05 -0.00166157 0.00175973
38 28 38 0.00127378 -1.64298e-05 -0.0012511 0.0017855
39 28 38 0 -0.000358461 -0.00148055 0.00152333
1 29 38 0.00984658 -0.000229191 -0.00123096 0.00992587
2 29 38 0.00481745 -7.76705e-05 -5.58719e-06 0.00481808
3 29 38 0.00163551 -6.96803e-05 0.00117627 0.00201578
4 29 38 0.000333736 -3.88446e-05 0.00198001 0.00200832
5 29 38 3.11561e-05 2.10254e-06 0.00189375 0.001894
6 29 38 5.44489e-06 2.30922e-05 0.000963936 0.000964227
7 29 38 1.46038e-05 2.2738e-05 -0.000353947 0.000354977
8 29 38 1.51687e-05 9.81505e-06 -0.00170315 0.00170325
9 29 38 5.35063e-06 -1.51162e-05 -0.00298454 0.00298459
10 29 38 1.1134e-06 -4.11631e-05 -0.00418129 0.0041815
11 29 38 -7.51136e-06 -8.22718e-05 -0.00527618 0.00527683
12 29 38 -3.54457e-05 -0.000129624 -0.00628198 0.00628342
13 29 38 -7.1757e-05 -0.000166944 -0.00720527 0.00720756
14 29 38 -0.000101941 -0.000202145 -0.00800653 0.00800973
15 29 38 -0.000131548 -0.000244982 -0.00866542 0.00866988
16 29 38 -0.000172629 -0.000296207 -0.00920928 0.00921566
17 29 38 -0.000215719 -0.000340058 -0.0096217 0.00963013
18 29 38 -0.000259703 -0.000379068 -0.00990234 0.00991299
19 29 38 -0.000309118 -0.000416186 -0.0100622 0.0100755
20 29 38 -0.000352145 -0.000446996 -0.0100774 0.0100934
21 29 38 -0.000399685 -0.000474716 -0.00998015 0.00999943
22 29 38 -0.000444705 -0.000495742 -0.00976228 0.00978497
23 29 38 -0.000482504 -0.000509616 -0.00942646 0.00945255
24 29 38 -0.000524653 -0.000512804 -0.00901178 0.0090416
25 29 38 -0.000552354 -0.000505622 -0.00850733 0.00854022
26 29 38 -0.00057595 -0.000493579 -0.00793484 0.00797101
27 29 38 -0.000607505 -0.00048197 -0.00731202 0.00735303
28 29 38 -0.000625559 -0.000453312 -0.00664513 0.00668988
29 29 38 -0.000628246 -0.000409301 -0.00597254 0.00601942
30 29 38 -0.000629821 -0.000368528 -0.00529456 0.00534461
31 29 38 -0.000631505 -0.000318741 -0.00460858 0.00466256
32 29 38 -0.000620289 -0.000261563 -0.00394604 0.00400305
33 29 38 -0.000591081 -0.00020287 -0.0033134 0.00337182
34 29 38 -0.000482086 -0.000144099 -0.00268458 0.00273133
35 29 38 -0.000244159 -9.44952e-05 -0.00210168 0.00211793
36 29 38 -2.40018e-05 -6.69517e-05 -0.00160422 0.0016058
37 29 38 0.000571141 -4.99981e-05 -0.00106316 0.0012079
38 29 38 0.00102845 -1.9036e-05 -0.000894023 0.00136285
39 29 38 0 -0.000331693 -0.00113736 0.00118474
1 30 38 0.00996745 -0.000136547 -0.00122013 0.0100428
2 30 38 0.00470225 -2.16276e-05 0.000158727 0.00470498
3 30 38 0.00151923 -5.77336e-05 0.00149822 0.0021345
4 30 38 0.000236376 -4.52753e-05 0.00241797 0.00242992
5 30 38 -6.69601e-05 -1.46789e-05 0.00241312 0.0024141
6 30 38 -9.90466e-05 4.13749e-06 0.00155802 0.00156117
7 30 38 -9.36804e-05 6.04535e-06 0.000314689 0.000328393
8 30 38 -9.26377e-05 -5.85777e-06 -0.000956454 0.000960948
9 30 38 -0.000101739 -3.01906e-05 -0.0021569 0.00215951
10 30 38 -0.000107506 -5.1216e-05 -0.00327887 0.00328103
11 30 38 -0.000109157 -8.69908e-05 -0.00429044 0.00429271
12 30 38 -0.000124577 -0.000138256 -0.00520134 0.00520467
13 30 38 -0.000155678 -0.00018468 -0.0060458 0.00605063
14 30 38 -0.000184056 -0.000222156 -0.00679104 0.00679716
15 30 38 -0.000209394 -0.000260203 -0.007404 0.00741153
16 30 38 -0.000243672 -0.00030914 -0.00790215 0.00791195
17 30 38 -0.000277849 -0.000354063 -0.00826878 0.00828102
18 30 38 -0.000313251 -0.000393727 -0.00850931 0.00852418
19 30 38 -0.00035379 -0.000430516 -0.00863397 0.00865193
20 30 38 -0.000388446 -0.000459558 -0.00862189 0.00864287
21 30 38 -0.000428281 -0.000484497 -0.00850662 0.00853116
22 30 38 -0.000464652 -0.000501665 -0.008277 0.0083052
23 30 38 -0.000495613 -0.000510892 -0.00793949 0.00797133
24 30 38 -0.000531166 -0.000510592 -0.00753081 0.00756676
25 30 38 -0.000552788 -0.000503582 -0.00703486 0.00707449
26 30 38 -0.000574923 -0.000495638 -0.00647679 0.00652112
27 30 38 -0.000601959 -0.000483741 -0.00587547 0.005926
28 30 38 -0.000608746 -0.000450266 -0.00524221 0.00529661
29 30 38 -0.000605654 -0.000408108 -0.00461479 0.00467222
30 30 38 -0.00060727 -0.000372399 -0.00397699 0.00404028
31 30 38 -0.000607799 -0.000326075 -0.00333241 0.00340304
32 30 38 -0.000601452 -0.000274071 -0.00271674 0.00279599
33 30 38 -0.000581636 -0.000222386 -0.00211749 0.00220715
34 30 38 -0.000467791 -0.000173516 -0.00152583 0.00160533
35 30 38 -0.000202726 -0.000129965 -0.00102747 0.00105531
36 30 38 5.45384e-05 -9.50118e-05 -0.000700427 0.000708943
37 30 38 0.000602243 -5.98424e-05 -0.000441907 0.000749373
38 30 38 0.000799307 -2.05901e-05 -0.000548567 0.00096966
39 30 38 0 -0.000303314 -0.000807174 0.000862282
1 31 38 0.0100025 -3.60719e-05 -0.00118515 0.0100726
2 31 38 0.0045285 3.11365e-05 0.000318867 0.00453982
3 31 38 0.00138728 -4.6165e-05 0.00178437 0.00226067
4 31 38 0.000133399 -4.3821e-05 0.00280643 0.00280994
5 31 38 -0.00016522 -2.27181e-05 0.00289856 0.00290336
6 31 38 -0.000195286 -1.51953e-05 0.00214298 0.00215191
7 31 38 -0.000189621 -1.75587e-05 0.000985457 0.00100369
8 31 38 -0.000185345 -3.17007e-05 -0.000205466 0.000278521
9 31 38 -0.000190174 -6.18055e-05 -0.00132439 0.0013394
10 31 38 -0.000200459 -8.62248e-05 -0.00238458 0.00239454
11 31 38 -0.000204996 -0.000116342 -0.00334319 0.00335149
12 31 38 -0.000214135 -0.000162637 -0.00418176 0.00419039
13 31 38 -0.000239238 -0.000213485 -0.00494498 0.00495536
14 31 38 -0.000264158 -0.000255479 -0.00562153 0.00563353
15 31 38 -0.000285356 -0.000289608 -0.00618196 0.00619531
16 31 38 -0.000314117 -0.000332775 -0.00663569 0.00665145
17 31 38 -0.000341368 -0.000375022 -0.00696282 0.00698127
18 31 38 -0.00036906 -0.000413027 -0.0071697 0.00719107
19 31 38 -0.000400197 -0.000448378 -0.00726415 0.00728897
20 31 38 -0.000425608 -0.000475764 -0.00722861 0.00725674
21 31 38 -0.000457146 -0.00049919 -0.00709606 0.00712827
22 31 38 -0.000485819 -0.00051561 -0.00685317 0.00688968
23 31 38 -0.00051156 -0.000525184 -0.00650825 0.00654942
24 31 38 -0.000542412 -0.000528005 -0.00609519 0.00614202
25 31 38 -0.000561236 -0.000526918 -0.00559707 0.00564977
26 31 38 -0.000584036 -0.000522987 -0.00504266 0.00510323
27 31 38 -0.000608447 -0.000507167 -0.00445399 0.00452388
28 31 38 -0.00061178 -0.000469742 -0.00384321 0.00391984
29 31 38 -0.000614526 -0.000432146 -0.00323557 0.00332164
30 31 38 -0.000623235 -0.000400089 -0.00260686 0.00271002
31 31 38 -0.000624518 -0.000354493 -0.00197947 0.00210571
32 31 38 -0.000620979 -0.000305579 -0.00138885 0.00155174
33 31 38 -0.000598168 -0.000257104 -0.000808439 0.00103802
34 31 38 -0.000457475 -0.000208777 -0.000262376 0.000567197
35 31 38 -0.000138352 -0.000157846 0.000120505 0.000242029
36 31 38 0.000172794 -0.00010833 0.000230987 0.000308136
37 31 38 0.000665273 -6.20625e-05 0.000165749 0.000688413
38 31 38 0.000581779 -2.19737e-05 -0.000225157 0.000624216
39 31 38 0 -0.000274259 -0.000491127 0.000562515
1 32 38 0.00994615 6.64861e-05 -0.00111944 0.0100092
2 32 38 0.00431122 6.76218e-05 0.000489126 0.00433941
3 32 38 0.00126277 -4.96059e-05 0.00204624 0.00240503
4 32 38 3.68126e-05 -4.75979e-05 0.00312891 0.00312949
5 32 38 -0.000273121 -1.77842e-05 0.00329984 0.00331117
6 32 38 -0.000303956 -1.2703e-05 0.00266382 0.00268114
7 32 38 -0.000297618 -1.6935e-05 0.00162164 0.00164881
8 32 38 -0.000291054 -2.87862e-05 0.000534854 0.000609598
9 32 38 -0.000286172 -6.08475e-05 -0.000469607 0.000553288
10 32 38 -0.000291589 -9.52264e-05 -0.00142792 0.0014605
11 32 38 -0.000296078 -0.000131241 -0.00231517 0.00233771
12 32 38 -0.000300832 -0.000177369 -0.00308751 0.0031072
13 32 38 -0.00032025 -0.000235159 -0.003774 0.00379486
14 32 38 -0.000341236 -0.000290078 -0.00437509 0.00439795
15 32 38 -0.000357601 -0.000330642 -0.00487108 0.00489537
16 32 38 -0.000380153 -0.000374031 -0.00526915 0.00529607
17 32 38 -0.000401725 -0.000416371 -0.00554945 0.00557953
18 32 38 -0.000424389 -0.000454834 -0.00571723 0.00575098
19 32 38 -0.000449511 -0.000491132 -0.0057764 0.00581464
20 32 38 -0.00046917 -0.000519466 -0.00571152 0.00575426
21 32 38 -0.00049503 -0.000543514 -0.00555291 0.00560137
22 32 38 -0.000517803 -0.000560599 -0.0052874 0.00534219
23 32 38 -0.000538118 -0.000570023 -0.00492565 0.00498763
24 32 38 -0.000562729 -0.000572305 -0.00450069 0.00457169
25 32 38 -0.000576733 -0.000568478 -0.00399877 0.00407994
26 32 38 -0.000595283 -0.000555022 -0.00345055 0.00354524
27 32 38 -0.000612229 -0.000524862 -0.0028798 0.00299058
28 32 38 -0.000610662 -0.000480598 -0.00229301 0.00242111
29 32 38 -0.000614783 -0.000443411 -0.00170215 0.0018633
30 32 38 -0.000620581 -0.000406823 -0.00109291 0.00132101
31 32 38 -0.00061485 -0.000356191 -0.000506501 0.000872615
32 32 38 -0.00060979 -0.000307183 3.67051e-05 0.000683778
33 32 38 -0.000577998 -0.000258698 0.000570745 0.000852499
34 32 38 -0.000407936 -0.000209679 0.00103465 0.00113176
35 32 38 -3.43937e-05 -0.000157073 0.0012753 0.0012854
36 32 38 0.000322717 -0.000107886 0.00115418 0.00120329
37 32 38 0.000746402 -6.47804e-05 0.00075827 0.00106597
38 32 38 0.000371719 -2.7826e-05 8.45735e-05 0.000382233
39 32 38 0 -0.000244956 -0.000188745 0.000309238
1 33 38 0.00977622 0.000162135 -0.00103088 0.00983175
2 33 38 0.00404793 6.26361e-05 0.000662479 0.00410226
3 33 38 0.00115485 -6.62794e-05 0.00230027 0.00257474
4 33 38 -2.72655e-05 -7.03564e-05 0.00342119 0.00342202
5 33 38 -0.000364033 -3.9893e-05 0.00363225 0.00365066
6 33 38 -0.000403594 -3.39832e-05 0.00309605 0.00312243
7 33 38 -0.000398027 -3.67893e-05 0.00216667 0.00220323
8 33 38 -0.000397013 -3.66122e-05 0.001173 0.00123891
9 33 38 -0.000391857 -4.82527e-05 0.000271808 0.000479332
10 33 38 -0.000393722 -6.87456e-05 -0.000568202 0.000694692
11 33 38 -0.000396453 -9.3678e-05 -0.00135259 0.0014126
12 33 38 -0.000396521 -0.000121447 -0.00203873 0.00208048
13 33 38 -0.000409341 -0.000164414 -0.00263695 0.00267359
14 33 38 -0.000426265 -0.000215742 -0.0031492 0.00318523
15 33 38 -0.00043805 -0.000253891 -0.00356333 0.00359912
16 33 38 -0.000453097 -0.000289803 -0.0038858 0.00392285
17 33 38 -0.000467224 -0.000322744 -0.00410029 0.00413942
18 33 38 -0.000483555 -0.000351361 -0.00421203 0.00425423
19 33 38 -0.000502614 -0.000377962 -0.00422305 0.00426961
20 33 38 -0.000517012 -0.000395867 -0.00412089 0.00417202
21 33 38 -0.000536682 -0.000408028 -0.0039324 0.00398978
22 33 38 -0.000552397 -0.000413069 -0.00364723 0.00371188
23 33 38 -0.000565397 -0.000410197 -0.0032774 0.00335102
24 33 38 -0.000582654 -0.000400875 -0.00285401 0.00294033
25 33 38 -0.00059156 -0.000385221 -0.00236582 0.00246889
26 33 38 -0.000604094 -0.000358967 -0.00183952 0.00196916
27 33 38 -0.000613992 -0.000322734 -0.00129657 0.00147046
28 33 38 -0.000610335 -0.000286539 -0.000735997 0.000998151
29 33 38 -0.000614268 -0.000260545 -0.000164934 0.000687322
30 33 38 -0.00061528 -0.000230473 0.00041051 0.000774729
31 33 38 -0.000607014 -0.000192476 0.000946783 0.00114101
32 33 38 -0.000604551 -0.000161458 0.00144823 0.00157763
33 33 38 -0.000564162 -0.000127428 0.00194017 0.00202455
34 33 38 -0.00036472 -9.20975e-05 0.00232899 0.00235917
35 33 38 6.83982e-05 -5.93264e-05 0.00244627 0.00244795
36 33 38 0.00047813 -4.76005e-05 0.00209829 0.0021526
37 33 38 0.000838632 -4.73739e-05 0.00135577 0.00159489
38 33 38 0.000176617 -4.4083e-05 0.00038165 0.00042284
39 33 38 0 -0.000202818 8.89046e-05 0.000221448
1 34 38 0.00945067 0.000348412 -0.000925545 0.00950228
2 34 38 0.00375124 3.32949e-05 0.000788273 0.00383331
3 34 38 0.00103682 -2.43662e-05 0.00247537 0.00268385
4 34 38 -8.76723e-05 -5.85425e-06 0.00364357 0.00364463
5 34 38 -0.000449082 1.32464e-05 0.00390873 0.00393447
6 34 38 -0.000501072 8.20011e-06 0.00347946 0.00351536
7 34 38 -0.000490005 -6.52898e-06 0.0026822 0.0027266
8 34 38 -0.000489398 -9.09202e-06 0.00179061 0.0018563
9 34 38 -0.000487845 -3.27773e-06 0.000969165 0.00108503
10 34 38 -0.000490954 1.02517e-06 0.000217701 0.000537058
11 34 38 -0.000495032 3.16329e-06 -0.000479277 0.000689037
12 34 38 -0.000493094 1.52627e-05 -0.00109206 0.00119832
13 34 38 -0.000499313 1.95295e-05 -0.00161832 0.00169371
14 34 38 -0.000511953 9.12799e-06 -0.00205782 0.00212057
15 34 38 -0.000521217 6.20434e-06 -0.00240358 0.00245945
16 34 38 -0.000531114 6.93922e-06 -0.00266087 0.00271337
17 34 38 -0.00053856 1.21531e-05 -0.00281758 0.00286862
18 34 38 -0.000547233 2.12529e-05 -0.00287938 0.002931
19 34 38 -0.000558301 3.0067e-05 -0.00284937 0.00290371
20 34 38 -0.000565639 4.50478e-05 -0.00271969 0.00277825
21 34 38 -0.000577347 6.34382e-05 -0.00251279 0.00257904
22 34 38 -0.000585564 8.45296e-05 -0.0022209 0.00229836
23 34 38 -0.000591739 0.000108904 -0.00185325 0.00194848
24 34 38 -0.000602778 0.000134722 -0.0014358 0.00156302
25 34 38 -0.000607361 0.00016224 -0.000959662 0.00114724
26 34 38 -0.000613155 0.000193884 -0.000444563 0.000781784
27 34 38 -0.000617566 0.000222314 8.99993e-05 0.000662504
28 34 38 -0.000614277 0.000239846 0.00064562 0.000922869
29 34 38 -0.000616792 0.00025116 0.00121052 0.00138162
30 34 38 -0.000614107 0.000267704 0.00176251 0.00188553
31 34 38 -0.000606402 0.000281525 0.00227202 0.00236834
32 34 38 -0.000602269 0.000287013 0.00275578 0.00283539
33 34 38 -0.000547363 0.000298817 0.0032104 0.00327041
34 34 38 -0.000319082 0.000304323 0.00352585 0.00355332
35 34 38 0.000162893 0.000281749 0.00352408 0.00353907
36 34 38 0.000621798 0.000185635 0.00295085 0.00302136
37 34 38 0.000927367 4.36404e-05 0.00187875 0.00209562
38 34 38 3.06143e-05 -7.06718e-05 0.000638458 0.000643087
39 34 38 0 -0.00013697 0.00031899 0.000347153
1 35 38 0.00885465 0.000612977 -0.000801917 0.00891199
2 35 38 0.00350179 6.7333e-05 0.000812955 0.00359555
3 35 38 0.000934817 0.000131137 0.00242082 0.00259835
4 35 38 -0.000156605 0.000238147 0.00356994 0.0035813
5 35 38 -0.00053673 0.000292313 0.00389577 0.00394342
6 35 38 -0.000606521 0.000295747 0.0035844 0.00364736
7 35 38 -0.000591547 0.000266855 0.00294533 0.00301598
8 35 38 -0.000584789 0.000240501 0.00220185 0.00229084
9 35 38 -0.000582457 0.000239388 0.00149163 0.00161911
10 35 38 -0.000585182 0.000253507 0.000836218 0.00105165
11 35 38 -0.000591022 0.000275442 0.000226475 0.000690265
12 35 38 -0.000590061 0.000321713 -0.000319324 0.000744069
13 35 38 -0.000590573 0.000375636 -0.000790512 0.00105583
14 35 38 -0.000596506 0.000419641 -0.00118201 0.00138891
15 35 38 -0.000601583 0.000467113 -0.001489 0.00167249
16 35 38 -0.000606976 0.000516838 -0.00171458 0.00189086
17 35 38 -0.000609373 0.000571539 -0.0018493 0.00202926
18 35 38 -0.000611247 0.000629682 -0.00189608 0.00208931
19 35 38 -0.000614404 0.00068459 -0.00185732 0.00207263
20 35 38 -0.000614476 0.000740382 -0.00172826 0.00197804
21 35 38 -0.000617908 0.000793742 -0.00152573 0.00182748
22 35 38 -0.000619158 0.000842659 -0.00124518 0.00162601
23 35 38 -0.000618792 0.000888564 -0.000892738 0.00140336
24 35 38 -0.000622636 0.00093002 -0.000490667 0.00122203
25 35 38 -0.000621143 0.000966274 -3.59132e-05 0.00114926
26 35 38 -0.000618316 0.000996606 0.000458359 0.00125922
27 35 38 -0.00061645 0.00101128 0.000973636 0.00153319
28 35 38 -0.000611561 0.00101027 0.00150547 0.0019134
29 35 38 -0.000607913 0.00100743 0.00203738 0.00235274
30 35 38 -0.000598004 0.00100336 0.00254607 0.00280122
31 35 38 -0.000586065 0.000983375 0.00301919 0.00322893
32 35 38 -0.000574702 0.000952856 0.00346534 0.00363961
33 35 38 -0.000512081 0.000923874 0.00385746 0.00399947
34 35 38 -0.000285066 0.000875914 0.0041034 0.00420551
35 35 38 0.000181899 0.000767034 0.00402877 0.00410517
36 35 38 0.000643009 0.000520418 0.00335566 0.00345611
37 35 38 0.000914495 0.000179333 0.00216 0.00235246
38 35 38 -3.9201e-05 -0.000104869 0.000836839 0.000844295
39 35 38 0 -5.72219e-05 0.00048751 0.000490857
1 36 38 0.00796921 0.000647666 -0.000704689 0.00802648
2 36 38 0.00334206 0.000295589 0.00071249 0.00342993
3 36 38 0.000905924 0.000474652 0.00208352 0.002321
4 36 38 -0.000198161 0.000703474 0.00308813 0.00317343
5 36 38 -0.000618417 0.000833114 0.00343336 0.00358671
6 36 38 -0.000727404 0.000852636 0.00322847 0.00341748
7 36 38 -0.000722294 0.000799836 0.00274122 0.00294546
8 36 38 -0.000705152 0.00072538 0.00215924 0.00238448
9 36 38 -0.000693142 0.000670854 0.00158022 0.00185137
10 36 38 -0.000686849 0.000638202 0.0010293 0.00139231
11 36 38 -0.000687574 0.000621245 0.000506991 0.00105629
12 36 38 -0.0006858 0.000635574 2.42828e-05 0.000935343
13 36 38 -0.000682184 0.000672441 -0.000404864 0.00103994
14 36 38 -0.000681144 0.000714924 -0.000770351 0.0012524
15 36 38 -0.000679864 0.000764647 -0.00106578 0.00147742
16 36 38 -0.000678872 0.00081592 -0.00129121 0.00167147
17 36 38 -0.000675698 0.000870946 -0.00144009 0.00181355
18 36 38 -0.000671503 0.000928245 -0.00151234 0.0018973
19 36 38 -0.000668087 0.000980632 -0.00150806 0.00191891
20 36 38 -0.000662212 0.00103022 -0.00142322 0.00187761
21 36 38 -0.000657915 0.00107384 -0.00126831 0.00178734
22 36 38 -0.000651992 0.00110939 -0.00104236 0.001656
23 36 38 -0.000644098 0.00113917 -0.000749285 0.00150798
24 36 38 -0.000639342 0.00116196 -0.000406902 0.00138725
25 36 38 -0.000631787 0.00117616 -1.68914e-05 0.00133521
26 36 38 -0.00062199 0.0011815 0.000414971 0.00139822
27 36 38 -0.000614168 0.00117228 0.000873115 0.00158549
28 36 38 -0.00060618 0.00115418 0.00134592 0.00187379
29 36 38 -0.000596832 0.00114101 0.00181694 0.00222697
30 36 38 -0.000583031 0.00112577 0.00227162 0.00260145
31 36 38 -0.000569484 0.00109727 0.00270646 0.00297544
32 36 38 -0.000554592 0.00106853 0.00311583 0.00334032
33 36 38 -0.00049592 0.00104545 0.00347095 0.00365874
34 36 38 -0.000311216 0.00100167 0.00370872 0.00385419
35 36 38 5.36696e-05 0.000890505 0.00367565 0.00378236
36 36 38 0.00044724 0.000636124 0.00313546 0.00323044
37 36 38 0.000715619 0.000263933 0.00213617 0.00226825
38 36 38 -2.13606e-05 -9.46878e-05 0.00098039 0.000985184
39 36 38 0 2.52009e-05 0.000582154 0.0005827
1 37 38 0.00719364 0.000658713 -0.00062746 0.00725094
2 37 38 0.00322134 0.000785134 0.000411653 0.0033411
3 37 38 0.000941891 0.00120119 0.00142309 0.00208691
4 37 38 -0.00020412 0.0016667 0.00217048 0.00274418
5 37 38 -0.000718634 0.00202261 0.00247269 0.00327439
6 37 38 -0.000904767 0.0022415 0.00238191 0.00339359
7 37 38 -0.00092989 0.00236572 0.00207758 0.00328294
8 37 38 -0.000909972 0.00243238 0.00169297 0.00310011
9 37 38 -0.000889735 0.00246708 0.00128775 0.00292171
10 37 38 -0.000871778 0.00247363 0.00088182 0.00276703
11 37 38 -0.000859788 0.00244791 0.000483226 0.00263913
12 37 38 -0.000848741 0.00240281 0.000100178 0.00255028
13 37 38 -0.00083705 0.00234392 -0.000255908 0.00250202
14 37 38 -0.000827892 0.00227074 -0.000574431 0.00248428
15 37 38 -0.000819607 0.00218674 -0.000845461 0.00248363
16 37 38 -0.000811679 0.00209001 -0.00106298 0.00248131
17 37 38 -0.00080207 0.00198758 -0.00122053 0.00246647
18 37 38 -0.000790559 0.00188398 -0.00131557 0.00243004
19 37 38 -0.000778588 0.00177859 -0.00134695 0.00236302
20 37 38 -0.000764234 0.00167678 -0.00131171 0.00226191
21 37 38 -0.000749753 0.00157957 -0.00121526 0.00212933
22 37 38 -0.000734331 0.00148757 -0.00105883 0.00196805
23 37 38 -0.000717086 0.00140457 -0.00084379 0.00178858
24 37 38 -0.000701635 0.00133066 -0.000581572 0.00161281
25 37 38 -0.00068536 0.00126524 -0.000277514 0.00146546
26 37 38 -0.000666 0.00121098 6.47406e-05 0.00138355
27 37 38 -0.00064677 0.0011669 0.000432912 0.00140264
28 37 38 -0.000628333 0.00113623 0.000814077 0.00153249
29 37 38 -0.000609024 0.00112454 0.00119704 0.00175169
30 37 38 -0.000587511 0.00112411 0.00157487 0.00202213
31 37 38 -0.000565322 0.00113111 0.00194301 0.00231825
32 37 38 -0.000538806 0.00115673 0.00228742 0.00261928
33 37 38 -0.000485277 0.00119846 0.00258811 0.00289312
34 37 38 -0.000363188 0.00122059 0.00280674 0.00308213
35 37 38 -0.000133778 0.00115983 0.00283455 0.00306558
36 37 38 0.000149141 0.000929419 0.00251674 0.00268701
37 37 38 0.000392285 0.000538374 0.00185763 0.00197346
38 37 38 4.7343e-05 0.000124023 0.00102024 0.00102884
39 37 38 0 0.000132732 0.00058574 0.000600591
1 38 38 0.00678642 0.000532274 -0.000596956 0.00683339
2 38 38 0.00312686 0.00134733 -0.000139633 0.00340765
3 38 38 0.000916366 0.00220863 0.000367604 0.00241928
4 38 38 -0.000301549 0.00292942 0.000693839 0.00302553
5 38 38 -0.000918869 0.00338681 0.000750357 0.00358857
6 38 38 -0.00117969 0.00362181 0.000580117 0.00385302
7 38 38 -0.00124522 0.00373493 0.000289797 0.00394769
8 38 38 -0.00124672 0.00379795 -3.3061e-05 0.00399747
9 38 38 -0.00124294 0.00384079 -0.000350522 0.00405209
10 38 38 -0.00123641 0.00386476 -0.000650468 0.00410953
11 38 38 -0.00122991 0.00386573 -0.000923794 0.00416052
12 38 38 -0.00122192 0.00384841 -0.00116432 0.00420226
13 38 38 -0.00121132 0.00381853 -0.00136713 0.00423291
14 38 38 -0.00119974 0.00377961 -0.00152915 0.00425008
15 38 38 -0.00118616 0.0037334 -0.00164638 0.00424922
16 38 38 -0.0011703 0.0036783 -0.00171636 0.00422438
17 38 38 -0.00115102 0.00361782 -0.00173834 0.00417556
18 38 38 -0.00112726 0.00355333 -0.00171338 0.00410275
19 38 38 -0.00109993 0.00348288 -0.00164407 0.0040054
20 38 38 -0.00106832 0.00340741 -0.00153223 0.00388581
21 38 38 -0.00103384 0.00332529 -0.00138313 0.00374692
22 38 38 -0.000997419 0.00323439 -0.00120136 0.00359157
23 38 38 -0.000958125 0.00313484 -0.000988976 0.00342393
24 38 38 -0.000917747 0.00302511 -0.000752989 0.00324969
25 38 38 -0.000876518 0.00290361 -0.000500539 0.00307405
26 38 38 -0.000832771 0.00277228 -0.000235898 0.00290425
27 38 38 -0.000788388 0.00263191 3.39818e-05 0.00274767
28 38 38 -0.000744803 0.0024834 0.000302593 0.00261028
29 38 38 -0.000700764 0.00232838 0.00056534 0.00249641
30 38 38 -0.000655633 0.00216488 0.000817512 0.00240518
31 38 38 -0.000609946 0.00199548 0.00105226 0.00233693
32 38 38 -0.000562247 0.00182805 0.00125887 0.00228968
33 38 38 -0.000520357 0.00166312 0.00143033 0.00225446
34 38 38 -0.00048546 0.0015029 0.00156039 0.00222018
35 38 38 -0.000420948 0.00134166 0.00161598 0.00214211
36 38 38 -0.000280225 0.00113048 0.001536 0.00192764
37 38 38 -5.45452e-05 0.000820987 0.00127767 0.00151968
38 38 38 -7.33658e-07 0.000443601 0.000848573 0.000957527
39 38 38 0 0.00026057 0.000503644 0.000567057
1 39 38 0.00714759 0 -0.000604076 0.00717308
2 39 38 0.00355491 0 -0.000881392 0.00366254
3 39 38 0.0012238 0 -0.0010233 0.00159525
4 39 38 -0.00023459 0 -0.00119252 0.00121538
5 39 38 -0.00106453 0 -0.00141082 0.00176739
6 39 38 -0.0014539 0 -0.00166691 0.00221188
7 39 38 -0.00157884 0 -0.00193825 0.00249991
8 39 38 -0.00160942 0 -0.00220225 0.00272766
9 39 38 -0.00162856 0 -0.00244805 0.00294027
10 39 38 -0.00163901 0 -0.00267086 0.00313366
11 39 38 -0.00164213 0 -0.00286517 0.00330239
12 39 38 -0.00163782 0 -0.0030269 0.00344159
13 39 38 -0.00162543 0 -0.00315355 0.00354781
14 39 38 -0.00160571 0 -0.00324453 0.00362013
15 39 38 -0.00157887 0 -0.00329864 0.00365703
16 39 38 -0.00154635 0 -0.00331546 0.00365834
17 39 38 -0.00150892 0 -0.00329594 0.00362493
18 39 38 -0.00146634 0 -0.0032411 0.00355737
19 39 38 -0.00141963 0 -0.00315297 0.00345783
20 39 38 -0.00136879 0 -0.00303321 0.00332775
21 39 38 -0.0013145 0 -0.0028846 0.00316999
22 39 38 -0.001258 0 -0.00271092 0.00298859
23 39 38 -0.00119848 0 -0.00251357 0.00278467
24 39 38 -0.00113654 0 -0.0022955 0.00256145
25 39 38 -0.00107352 0 -0.00206134 0.00232413
26 39 38 -0.00100899 0 -0.00181411 0.00207583
27 39 38 -0.000943651 0 -0.00155721 0.00182082
28 39 38 -0.000877931 0 -0.00129356 0.00156335
29 39 38 -0.000810857 0 -0.00102608 0.00130779
30 39 38 -0.000742716 0 -0.000759805 0.00106251
31 39 38 -0.000674621 0 -0.000501128 0.000840382
32 39 38 -0.00060616 0 -0.000255941 0.000657978
33 39 38 -0.000545825 0 -2.75086e-05 0.000546518
34 39 38 -0.000511128 0 0.000178256 0.00054132
35 39 38 -0.000503037 0 0.000349245 0.000612387
36 39 38 -0.000487432 0 0.00047225 0.000678682
37 39 38 -0.000384894 0 0.000524573 0.000650631
38 39 38 -0.000190041 0 0.000467719 0.000504853
39 39 38 0 0 0.000342923 0.000342923
