0 1 26 0 0 0 0
1 1 26 -0.000105813 0.000337969 0.000151643 0.000385247
2 1 26 4.26484e-05 0.00126289 0.000170479 0.00127506
3 1 26 6.03461e-05 0.00166328 0.000100885 0.00166743
4 1 26 1.99958e-05 0.00231399 6.09895e-07 0.00231408
5 1 26 -1.98678e-05 0.00276743 -8.47651e-05 0.0027688
6 1 26 -6.59463e-05 0.00297552 -0.000111328 0.00297833
7 1 26 -8.72444e-05 0.00302647 -0.000112832 0.00302983
8 1 26 -0.000106466 0.00302138 -0.000110705 0.00302528
9 1 26 -0.000129804 0.00302026 -9.90857e-05 0.00302467
10 1 26 -0.000138341 0.00298352 -8.90359e-05 0.00298805
11 1 26 -0.000136358 0.00291701 -8.61587e-05 0.00292147
12 1 26 -0.000142215 0.0028652 -7.3781e-05 0.00286968
13 1 26 -0.000151054 0.00281509 -5.58709e-05 0.00281969
14 1 26 -0.000151529 0.00274079 -4.1013e-05 0.00274528
15 1 26 -0.000143612 0.00265339 -3.85671e-05 0.00265755
16 1 26 -0.000132597 0.00257476 -3.80318e-05 0.00257845
17 1 26 -0.000119984 0.00250746 -4.01527e-05 0.00251065
18 1 26 -0.000104338 0.00244766 -4.89886e-05 0.00245037
19 1 26 -8.56329e-05 0.00239769 -5.88601e-05 0.00239994
20 1 26 -6.50994e-05 0.00235895 -7.65538e-05 0.00236109
21 1 26 -4.37447e-05 0.00233157 -9.10897e-05 0.00233375
22 1 26 -2.14211e-05 0.00231196 -0.000112767 0.00231481
23 1 26 -3.36882e-07 0.00229537 -0.00013996 0.00229963
24 1 26 2.08157e-05 0.00227675 -0.000148139 0.00228166
25 1 26 4.26862e-05 0.0022559 -0.000180854 0.00226354
26 1 26 5.84699e-05 0.00222386 -0.000220727 0.00223555
27 1 26 6.96519e-05 0.00215612 -0.000230845 0.00216956
28 1 26 8.63513e-05 0.00204741 -0.00026374 0.00206613
29 1 26 0.000109404 0.00192012 -0.000289544 0.0019449
30 1 26 0.000123813 0.00177467 -0.000297997 0.00180377
31 1 26 0.000127814 0.00157238 -0.000315328 0.00160877
32 1 26 0.000136003 0.00131453 -0.000318362 0.00135936
33 1 26 0.000112221 0.0010363 -0.000319503 0.00109023
34 1 26 -2.3841e-07 0.000773202 -0.00031546 0.000835079
35 1 26 -8.74873e-05 0.000688237 -0.000318022 0.000763193
36 1 26 0.000107806 0.000798134 -0.0003215 0.00086718
37 1 26 0.00033728 0.000542073 -0.000350996 0.00072856
38 1 26 0.000367091 2.33115e-05 -0.000370663 0.000522198
39 1 26 0 0.00025071 -0.000561456 0.000614889
0 2 26 0 0 0 0
1 2 26 0.00075116 0.000415231 0.00028721 0.000905068
2 2 26 0.000473179 0.00127945 0.000395064 0.0014202
3 2 26 0.000782588 0.000339308 0.000519695 0.000998828
4 2 26 0.000604403 -0.000361175 0.000808234 0.00107191
5 2 26 0.000363329 -0.00014019 0.00111507 0.00118112
6 2 26 0.000245374 0.000452861 0.00133128 0.00142745
7 2 26 0.000237094 0.00096396 0.00139459 0.00171182
8 2 26 0.000262128 0.00147986 0.0013872 0.00204525
9 2 26 0.000283344 0.00210792 0.0013629 0.00252608
10 2 26 0.000313932 0.00275379 0.00129984 0.00306129
11 2 26 0.000340745 0.00344612 0.00120421 0.00366632
12 2 26 0.000350343 0.00421579 0.00110329 0.00437183
13 2 26 0.000356884 0.00497608 0.000978016 0.00508382
14 2 26 0.000367721 0.00568703 0.000836506 0.00575997
15 2 26 0.000377537 0.00636834 0.000683248 0.006416
16 2 26 0.000385016 0.00701229 0.000546843 0.00704411
17 2 26 0.000394644 0.00757966 0.000415628 0.0076013
18 2 26 0.000411372 0.00805015 0.000289854 0.00806587
19 2 26 0.00043381 0.00842696 0.000187988 0.00844021
20 2 26 0.000457853 0.00871002 9.34541e-05 0.00872255
21 2 26 0.000481633 0.00890094 3.51353e-05 0.00891403
22 2 26 0.000503605 0.00900115 -1.78521e-05 0.00901525
23 2 26 0.000517523 0.00901378 -5.70728e-05 0.00902881
24 2 26 0.00052975 0.00894011 -4.90974e-05 0.00895593
25 2 26 0.000547425 0.00880535 -7.74214e-05 0.00882269
26 2 26 0.00056029 0.00864391 -6.53535e-05 0.00866229
27 2 26 0.000566686 0.00844973 -1.41946e-05 0.00846872
28 2 26 0.000576209 0.00821133 -5.84341e-05 0.00823173
29 2 26 0.000597235 0.00797504 -6.33381e-05 0.00799762
30 2 26 0.000617671 0.00780081 -3.61427e-05 0.00782531
31 2 26 0.000626252 0.00765258 -4.53783e-05 0.0076783
32 2 26 0.000638086 0.00751386 -3.75966e-05 0.007541
33 2 26 0.000674313 0.00745069 -3.6892e-05 0.00748123
34 2 26 0.000752373 0.00698933 -2.38782e-05 0.00702975
35 2 26 0.000756191 0.00543152 -3.09327e-05 0.00548399
36 2 26 0.000436562 0.00346226 1.45903e-05 0.00348971
37 2 26 0.000342179 0.00124583 -6.11092e-05 0.00129342
38 2 26 0.00119786 -0.000305659 5.58573e-05 0.0012375
39 2 26 0 4.66027e-05 -0.000555686 0.000557637
0 3 26 0 0 0 0
1 3 26 0.00157957 0.000465778 0.000348151 0.00168321
2 3 26 -0.000427472 0.00149773 0.00038613 0.00160469
3 3 26 2.02716e-05 0.00110206 4.19864e-07 0.00110224
4 3 26 0.000529958 -0.00097617 -0.000600193 0.00126254
5 3 26 0.000339616 -0.00228951 -0.00156685 0.00279503
6 3 26 -6.41291e-05 -0.0053915 -0.00221491 0.00582908
7 3 26 -0.000297319 -0.00708842 -0.00247367 0.00751353
8 3 26 -0.000396504 -0.00794377 -0.0024915 0.00833476
9 3 26 -0.000479013 -0.0086835 -0.00240889 0.00902416
10 3 26 -0.000546316 -0.00943096 -0.00227917 0.00971782
11 3 26 -0.000614703 -0.0100895 -0.00208243 0.0103205
12 3 26 -0.000676635 -0.0106502 -0.00181267 0.0108246
13 3 26 -0.00071362 -0.0111992 -0.00151809 0.0113242
14 3 26 -0.000736206 -0.0116975 -0.00118142 0.0117801
15 3 26 -0.000751303 -0.0121157 -0.000833214 0.0121675
16 3 26 -0.000746711 -0.0124934 -0.000468628 0.0125245
17 3 26 -0.000717981 -0.0128586 -0.000141446 0.0128794
18 3 26 -0.000669611 -0.0131961 0.000150124 0.013214
19 3 26 -0.00061237 -0.0134876 0.000416555 0.0135079
20 3 26 -0.000552901 -0.0137371 0.000604303 0.0137615
21 3 26 -0.00048896 -0.013943 0.000763832 0.0139724
22 3 26 -0.000422869 -0.0140982 0.000835856 0.0141293
23 3 26 -0.000370483 -0.0141931 0.000858981 0.0142239
24 3 26 -0.000327484 -0.0142465 0.000876666 0.0142772
25 3 26 -0.000282198 -0.0142667 0.000782909 0.014291
26 3 26 -0.000240694 -0.014221 0.000748312 0.0142427
27 3 26 -0.000202242 -0.0141006 0.000715301 0.0141202
28 3 26 -0.000168793 -0.0139527 0.00057013 0.0139653
29 3 26 -0.000127536 -0.0138082 0.000564794 0.0138203
30 3 26 -7.37109e-05 -0.0136154 0.000552783 0.0136268
31 3 26 -2.843e-05 -0.0134166 0.000482055 0.0134253
32 3 26 -4.22723e-06 -0.0133209 0.000446111 0.0133284
33 3 26 -0.000379936 -0.01315 0.00041076 0.0131619
34 3 26 -0.00130047 -0.0110564 0.000486549 0.0111433
35 3 26 -0.00156801 -0.00547827 0.000578869 0.00572759
36 3 26 -0.00215473 0.000424919 0.000590716 0.00227428
37 3 26 -0.00106443 0.000345739 -5.71526e-05 0.00112063
38 3 26 0.00226528 -0.000458901 0.000586483 0.00238454
39 3 26 0 5.74135e-05 -0.000719572 0.000721859
0 4 26 0 0 0 0
1 4 26 0.0026299 0.000431238 0.000358979 0.00268909
2 4 26 -0.000627822 0.000889133 0.00050501 0.0011999
3 4 26 -0.00183828 0.00104113 0.000308921 0.0021351
4 4 26 -0.000531745 -0.0013163 0.00162367 0.00215678
5 4 26 -0.00238355 0.0115683 0.00271892 0.0121202
6 4 26 -0.0010744 0.0211747 0.00364525 0.021513
7 4 26 -0.000253998 0.0259188 0.00409068 0.0262409
8 4 26 -2.67739e-05 0.0278906 0.00439947 0.0282355
9 4 26 0.0001685 0.0296275 0.00466531 0.029993
10 4 26 0.000356409 0.0311545 0.00484434 0.0315309
11 4 26 0.000522877 0.0325678 0.00497413 0.0329497
12 4 26 0.000677934 0.0338016 0.00501373 0.0341781
13 4 26 0.000811469 0.0348084 0.00490742 0.035162
14 4 26 0.000897422 0.0356842 0.00468969 0.0360022
15 4 26 0.000942909 0.0364242 0.00430321 0.0366897
16 4 26 0.000961877 0.0370211 0.00380163 0.0372282
17 4 26 0.000938107 0.0375387 0.0031609 0.0376832
18 4 26 0.000861843 0.0380348 0.00245295 0.0381236
19 4 26 0.000736332 0.0385207 0.00173356 0.0385667
20 4 26 0.00057545 0.0389721 0.000978065 0.0389886
21 4 26 0.000405484 0.0393621 0.000344344 0.0393657
22 4 26 0.000246975 0.039645 -0.000207879 0.0396464
23 4 26 9.83435e-05 0.0397807 -0.000561003 0.0397848
24 4 26 -3.19404e-05 0.0396887 -0.000655296 0.0396941
25 4 26 -0.000137087 0.0392636 -0.000659189 0.0392694
26 4 26 -0.000216573 0.0384488 -0.000381229 0.0384513
27 4 26 -0.000246924 0.0372482 1.16005e-05 0.037249
28 4 26 -0.000240365 0.0356663 0.000402712 0.0356694
29 4 26 -0.000204366 0.0336661 0.000949906 0.0336801
30 4 26 -0.000122133 0.0313416 0.00133114 0.0313701
31 4 26 -1.44757e-05 0.0287979 0.0017154 0.0288489
32 4 26 0.000211418 0.0259808 0.00215492 0.0260709
33 4 26 0.00199901 0.0227849 0.00255675 0.0230148
34 4 26 0.00508982 0.0156748 0.00287421 0.0167292
35 4 26 0.00551184 0.0058185 0.002349 0.00835184
36 4 26 -0.00289623 0.00263279 0.00156521 0.0042154
37 4 26 -0.00179392 -4.90495e-05 -0.000683778 0.00192044
38 4 26 0.00367715 -0.00011794 0.00110542 0.00384152
39 4 26 0 -0.00012252 -0.000905173 0.000913427
0 5 26 0 0 0 0
1 5 26 0.00310533 0.000236774 0.000327702 0.00313154
2 5 26 -0.000271957 0.000279316 0.000547981 0.000672503
3 5 26 -0.00406525 0.000633277 0.000160472 0.00411741
4 5 26 0.0123482 -0.00290103 0.00231568 0.0128941
5 5 26 0.00708064 0.00374517 0.00259202 0.00841905
6 5 26 0.0035445 -0.00331978 0.00268466 0.00554903
7 5 26 0.00147024 -0.00431362 0.00289539 0.00539928
8 5 26 0.00137546 -0.00228049 0.00319762 0.0041614
9 5 26 0.00133104 -0.000158814 0.00347943 0.00372872
10 5 26 0.00125945 0.00194532 0.00375699 0.00441424
11 5 26 0.0011568 0.00418137 0.0040681 0.0059474
12 5 26 0.0010407 0.00649217 0.0043167 0.00786544
13 5 26 0.000911884 0.00889886 0.00449641 0.0100119
14 5 26 0.000794644 0.0114121 0.00468819 0.0123631
15 5 26 0.000726022 0.0138467 0.0048441 0.0146876
16 5 26 0.000704516 0.0160819 0.00510075 0.0168861
17 5 26 0.000703987 0.0180055 0.00541547 0.0188154
18 5 26 0.000727084 0.0194452 0.00585236 0.0203198
19 5 26 0.000773073 0.0202654 0.00643083 0.0212754
20 5 26 0.00082516 0.0204035 0.00704919 0.0216027
21 5 26 0.000870639 0.0198733 0.00781974 0.0213742
22 5 26 0.000899347 0.018722 0.00850385 0.0205825
23 5 26 0.00089638 0.0170826 0.00907874 0.019366
24 5 26 0.00086344 0.0151311 0.00946057 0.0178661
25 5 26 0.000782782 0.013026 0.00930985 0.0160301
26 5 26 0.000630153 0.0108841 0.00878287 0.014
27 5 26 0.000455565 0.00881037 0.007708 0.0117151
28 5 26 0.000283277 0.00691944 0.00621173 0.00930293
29 5 26 0.000107852 0.00515293 0.00470623 0.00697946
30 5 26 -3.92107e-05 0.00345098 0.00328619 0.00476548
31 5 26 -0.000164419 0.00185795 0.00269696 0.00327912
32 5 26 -0.000427632 0.000212011 0.00274298 0.0027842
33 5 26 -0.00277701 -0.00122762 0.00289867 0.00419776
34 5 26 -0.0024483 -0.000916583 0.00258177 0.00367421
35 5 26 0.00527076 0.00161011 0.0017129 0.00577126
36 5 26 -0.00661541 0.000994686 0.00282303 0.00726103
37 5 26 -0.00195034 -0.000570887 -0.00177868 0.00270064
38 5 26 0.00474501 0.000318499 0.00148893 0.00498332
39 5 26 0 -0.000345212 -0.00101488 0.00107199
0 6 26 0 0 0 0
1 6 26 0.00311155 9.17375e-05 0.00027711 0.00312522
2 6 26 0.000250893 -3.21457e-05 0.000553702 0.000608742
3 6 26 -0.00752206 0.000251548 5.68686e-05 0.00752648
4 6 26 0.0189772 -0.00119123 0.00264666 0.0191979
5 6 26 -8.48537e-05 0.00210983 0.00242168 0.00321296
6 6 26 0.00249849 -0.00145609 0.00232428 0.00371011
7 6 26 0.00336315 -0.00447975 0.00308294 0.00639402
8 6 26 0.00338322 -0.00524799 0.00389964 0.00736171
9 6 26 0.00334138 -0.0060189 0.00407166 0.00799815
10 6 26 0.00330142 -0.00681066 0.00408296 0.00859971
11 6 26 0.00325066 -0.00758638 0.00411148 0.00922086
12 6 26 0.00318575 -0.00847181 0.00408197 0.0099289
13 6 26 0.00308431 -0.00939717 0.00406067 0.0106915
14 6 26 0.0029437 -0.0103429 0.00410976 0.0115122
15 6 26 0.00272187 -0.0113441 0.00412136 0.0123727
16 6 26 0.00236327 -0.012258 0.00424274 0.013185
17 6 26 0.0018672 -0.0130278 0.00434508 0.0138596
18 6 26 0.00127864 -0.0136334 0.00447828 0.0144069
19 6 26 0.000627889 -0.0139884 0.00467265 0.0147615
20 6 26 -4.41283e-05 -0.0140532 0.00481393 0.0148549
21 6 26 -0.000672869 -0.0138125 0.00507954 0.0147323
22 6 26 -0.00121335 -0.0132947 0.0052129 0.0143316
23 6 26 -0.00164895 -0.0125387 0.00526737 0.0136998
24 6 26 -0.00195016 -0.0116008 0.00533364 0.0129162
25 6 26 -0.00213357 -0.0105178 0.0052623 0.0119528
26 6 26 -0.00229219 -0.00934965 0.00545588 0.0110651
27 6 26 -0.00244816 -0.00820332 0.00588335 0.0103876
28 6 26 -0.00259565 -0.00703718 0.00673066 0.0100777
29 6 26 -0.00275711 -0.0058609 0.00803778 0.0103227
30 6 26 -0.00290025 -0.00474499 0.00905525 0.0106266
31 6 26 -0.00300844 -0.00353694 0.00919355 0.0102996
32 6 26 -0.00296952 -0.00227927 0.00639777 0.00741246
33 6 26 -0.00362526 -0.00117575 0.0016306 0.00414533
34 6 26 0.000240555 0.000491192 0.00055928 0.00078226
35 6 26 0.00736125 0.0016942 0.000511206 0.00757097
36 6 26 -0.00899097 0.000318318 0.00489486 0.010242
37 6 26 -0.00152837 -0.00105802 -0.00278664 0.00334973
38 6 26 0.00533592 0.000591046 0.00167064 0.00562249
39 6 26 0 -0.000478384 -0.00102839 0.00113421
0 7 26 0 0 0 0
1 7 26 0.00289794 4.423e-05 0.000253616 0.00290936
2 7 26 0.000710605 -0.000125432 0.000565913 0.000917034
3 7 26 -0.00888307 0.000108367 4.85625e-05 0.00888386
4 7 26 0.0222598 -0.000360815 0.0026274 0.0224173
5 7 26 -0.00375099 0.000945262 0.00242234 0.00456412
6 7 26 -0.000568134 0.000818875 0.00153388 0.00182924
7 7 26 0.00251284 -0.000304599 -0.00120034 0.00280142
8 7 26 0.00260532 -0.000288734 0.000638832 0.002698
9 7 26 0.00251165 -0.000215275 0.00177238 0.00308157
10 7 26 0.00238668 -5.60883e-06 0.00248782 0.00344754
11 7 26 0.0022452 0.000282733 0.00290115 0.00367933
12 7 26 0.00213042 0.000539219 0.00305432 0.00376276
13 7 26 0.00204469 0.000855649 0.00316109 0.00386075
14 7 26 0.00197012 0.0011648 0.00329399 0.00401105
15 7 26 0.00182705 0.00142637 0.00333065 0.00405782
16 7 26 0.00159408 0.00171576 0.00346296 0.00418055
17 7 26 0.00131975 0.00191869 0.00352358 0.00422359
18 7 26 0.00100667 0.00202489 0.00357864 0.00423323
19 7 26 0.000610821 0.00211639 0.00366784 0.00427846
20 7 26 0.000174328 0.00212103 0.00364681 0.00422236
21 7 26 -0.000207823 0.00200166 0.00375533 0.00426056
22 7 26 -0.00050628 0.00183075 0.00374124 0.00419581
23 7 26 -0.000769751 0.00165542 0.00364018 0.00407233
24 7 26 -0.000992049 0.00143085 0.00355816 0.00396131
25 7 26 -0.00113133 0.00117202 0.00329866 0.00367895
26 7 26 -0.00124905 0.000966766 0.00318224 0.00355266
27 7 26 -0.00140172 0.000755127 0.00299463 0.00339159
28 7 26 -0.00158933 0.00058549 0.00275964 0.00323796
29 7 26 -0.00181743 0.000540026 0.00239845 0.00305733
30 7 26 -0.00202568 0.00050462 0.00128211 0.00244986
31 7 26 -0.00216337 0.000603002 -0.000139411 0.00225016
32 7 26 -0.00221653 0.000917214 -0.00118841 0.00267705
33 7 26 -0.00255467 0.00123377 0.00101547 0.00301326
34 7 26 0.00157037 0.00186034 -0.000876287 0.00258744
35 7 26 0.00801521 0.00172343 -0.000207199 0.00820102
36 7 26 -0.0103839 0.000570765 0.00692854 0.0124962
37 7 26 -0.000916574 -0.00143765 -0.00334405 0.00375361
38 7 26 0.00565519 0.000699862 0.00169743 0.00594577
39 7 26 0 -0.000533399 -0.000969257 0.00110633
0 8 26 0 0 0 0
1 8 26 0.00261871 9.13887e-06 0.000203943 0.00262666
2 8 26 0.001146 -0.000143286 0.000488461 0.00125397
3 8 26 -0.00930636 0.000116546 -4.30139e-05 0.00930718
4 8 26 0.0234767 -0.000186357 0.002429 0.0236028
5 8 26 -0.0040242 0.000882062 0.00249235 0.00481497
6 8 26 -0.00178099 0.000837927 0.00120864 0.00230973
7 8 26 0.00242146 -0.000350375 -0.00140307 0.00282043
8 8 26 0.00263659 -0.000296791 -0.000509939 0.0027018
9 8 26 0.00260301 -0.000148858 0.000222513 0.00261674
10 8 26 0.00252425 0.000174335 0.000837398 0.00266523
11 8 26 0.00244054 0.000537239 0.00123 0.00278527
12 8 26 0.00239932 0.000911663 0.00142305 0.00293478
13 8 26 0.00236193 0.00142129 0.00161627 0.00319548
14 8 26 0.00226621 0.00195087 0.00181351 0.0034972
15 8 26 0.0020432 0.00248289 0.00187634 0.00372291
16 8 26 0.0017446 0.00300992 0.00203343 0.00402965
17 8 26 0.00144499 0.0033369 0.00210106 0.00419969
18 8 26 0.00111132 0.00356928 0.00214946 0.00431219
19 8 26 0.000664977 0.00382737 0.00221057 0.00446963
20 8 26 0.000164423 0.00388802 0.00211689 0.00443
21 8 26 -0.00025559 0.00363943 0.00216028 0.00424
22 8 26 -0.000569165 0.00327829 0.00212132 0.00394602
23 8 26 -0.000860684 0.00296161 0.00200736 0.00367986
24 8 26 -0.00115453 0.00259678 0.00194081 0.00344136
25 8 26 -0.00137022 0.00210468 0.0017011 0.0030333
26 8 26 -0.0014937 0.00164988 0.0015905 0.0027355
27 8 26 -0.00157895 0.00123801 0.00135909 0.0024234
28 8 26 -0.00166115 0.000883115 0.00103391 0.00214669
29 8 26 -0.00177836 0.000736507 0.000726362 0.00205733
30 8 26 -0.00188836 0.000659676 -5.14018e-05 0.00200093
31 8 26 -0.0019261 0.000672201 -0.000724106 0.00216473
32 8 26 -0.00195035 0.000928159 -0.000959542 0.00236348
33 8 26 -0.00227249 0.00127401 -0.000728862 0.00270528
34 8 26 0.001535 0.00215459 -0.00238046 0.0035588
35 8 26 0.0083482 0.0017847 -0.000956627 0.00859027
36 8 26 -0.0113687 0.00100576 0.00864055 0.0143149
37 8 26 -0.00038278 -0.00168397 -0.00359027 0.00398401
38 8 26 0.00591851 0.000757273 0.00161254 0.00618082
39 8 26 0 -0.000562849 -0.000895152 0.0010574
0 9 26 0 0 0 0
1 9 26 0.00234067 -3.47984e-05 0.000190482 0.00234866
2 9 26 0.00160429 -0.000156011 0.000489012 0.00168441
3 9 26 -0.00957952 0.000131628 1.12179e-05 0.00958043
4 9 26 0.0245069 -6.7804e-05 0.00242049 0.0246262
5 9 26 -0.00411449 0.000788965 0.00280232 0.00504029
6 9 26 -0.00298961 0.000875155 0.000556337 0.00316436
7 9 26 0.00242653 -0.000352249 -0.00121026 0.00273438
8 9 26 0.00276947 -0.000269668 -0.00085805 0.00291186
9 9 26 0.00282186 -6.46721e-05 -0.000425382 0.00285447
10 9 26 0.00282443 0.000312529 -1.58062e-05 0.00284171
11 9 26 0.00283353 0.000697333 0.000220992 0.00292643
12 9 26 0.00287581 0.00116599 0.000366184 0.00312472
13 9 26 0.00286593 0.00183259 0.000549045 0.00344577
14 9 26 0.00273537 0.00253414 0.000700352 0.00379402
15 9 26 0.00245581 0.00327384 0.000690434 0.00415039
16 9 26 0.00209718 0.00396932 0.000773759 0.00455548
17 9 26 0.00173622 0.00435673 0.000779466 0.00475427
18 9 26 0.00135179 0.00469566 0.000753902 0.00494418
19 9 26 0.00079225 0.00512359 0.000709143 0.00523276
20 9 26 0.000136063 0.00525166 0.000564262 0.00528364
21 9 26 -0.000406807 0.00489607 0.000641981 0.00495471
22 9 26 -0.000782232 0.00434098 0.000699491 0.00446602
23 9 26 -0.00111852 0.00387831 0.000647145 0.00408793
24 9 26 -0.00144644 0.00343045 0.000658477 0.00378071
25 9 26 -0.00169315 0.00277714 0.000509064 0.00329217
26 9 26 -0.00181831 0.00213808 0.000482275 0.00284785
27 9 26 -0.00184616 0.00158861 0.000333124 0.00245825
28 9 26 -0.00182184 0.00109617 3.07698e-05 0.00212641
29 9 26 -0.00181016 0.000862348 -0.000121652 0.00200876
30 9 26 -0.00178781 0.000777416 -0.000589627 0.00203673
31 9 26 -0.00170105 0.000743894 -0.00108028 0.00214802
32 9 26 -0.00165189 0.000946854 -0.00130214 0.0023067
33 9 26 -0.00175633 0.00127933 -0.00155282 0.0026707
34 9 26 0.00108174 0.00228869 -0.00406603 0.00478966
35 9 26 0.0084286 0.00177122 -0.00196545 0.00883411
36 9 26 -0.0120051 0.00145162 0.0102434 0.0158479
37 9 26 -4.86047e-05 -0.00189459 -0.00357541 0.00404665
38 9 26 0.00620924 0.000809464 0.00151408 0.00644223
39 9 26 0 -0.000596015 -0.000791925 0.000991151
0 10 26 0 0 0 0
1 10 26 0.00202574 -6.0387e-05 0.000141887 0.0020316
2 10 26 0.00202035 -0.000145513 0.000390712 0.00206292
3 10 26 -0.00978466 0.000146697 -0.000109791 0.00978638
4 10 26 0.0253232 2.00468e-05 0.00215899 0.0254151
5 10 26 -0.00413863 0.000658151 0.00284358 0.00506432
6 10 26 -0.00437675 0.00108091 -0.000418246 0.00452761
7 10 26 0.00234203 -0.000132045 -0.00183442 0.00297786
8 10 26 0.00284609 -7.59274e-06 -0.00174461 0.00333826
9 10 26 0.00300517 0.000282474 -0.00151866 0.00337893
10 10 26 0.00310754 0.000746697 -0.00128794 0.00344574
11 10 26 0.00322334 0.00121083 -0.001146 0.00362896
12 10 26 0.00335731 0.00182471 -0.000975284 0.00394364
13 10 26 0.00340107 0.00265977 -0.000785523 0.00438847
14 10 26 0.0033066 0.00353809 -0.000697151 0.00489262
15 10 26 0.00304232 0.00452298 -0.000791617 0.00550815
16 10 26 0.00258328 0.00550422 -0.000780028 0.00613011
17 10 26 0.00216469 0.00591134 -0.000742066 0.0063388
18 10 26 0.00178024 0.00652567 -0.00075588 0.00680624
19 10 26 0.00098071 0.00710308 -0.000959708 0.0072344
20 10 26 2.02827e-05 0.00717395 -0.00115758 0.00726677
21 10 26 -0.000760284 0.00682321 -0.00105195 0.00694556
22 10 26 -0.00116091 0.00608944 -0.000903745 0.00626464
23 10 26 -0.0015302 0.00528297 -0.00101091 0.00559225
24 10 26 -0.00191745 0.00478649 -0.00102431 0.00525702
25 10 26 -0.00213269 0.00388269 -0.0011012 0.00456468
26 10 26 -0.00220371 0.00302089 -0.00104929 0.0038837
27 10 26 -0.00214973 0.00231579 -0.00109043 0.00334264
28 10 26 -0.00201125 0.00166994 -0.00140793 0.00296919
29 10 26 -0.0018757 0.00128945 -0.00152185 0.00273806
30 10 26 -0.00172521 0.00111849 -0.00169179 0.00266262
31 10 26 -0.00149133 0.00097826 -0.00198754 0.00267046
32 10 26 -0.00130584 0.00106492 -0.0022138 0.00278212
33 10 26 -0.000974773 0.00132557 -0.0026 0.0030769
34 10 26 0.00040778 0.00230886 -0.00600498 0.00644647
35 10 26 0.00828253 0.00168831 -0.00345533 0.00913181
36 10 26 -0.0123254 0.00190678 0.0115117 0.0169727
37 10 26 0.000110503 -0.00207288 -0.00342029 0.00400092
38 10 26 0.00653255 0.00086204 0.00135601 0.00672726
39 10 26 0 -0.00062174 -0.000689279 0.00092826
0 11 26 0 0 0 0
1 11 26 0.00170008 -7.98615e-05 0.000110326 0.00170553
2 11 26 0.00244659 -0.00013258 0.000349386 0.00247496
3 11 26 -0.00987868 0.000146604 -9.15459e-05 0.00988019
4 11 26 0.0259072 8.1642e-05 0.00215177 0.0259965
5 11 26 -0.00391435 0.000522764 0.0032385 0.00510718
6 11 26 -0.00582114 0.00137176 -0.000816714 0.00603609
7 11 26 0.00230367 0.000160106 -0.00245217 0.00336833
8 11 26 0.00300429 0.000338638 -0.00252633 0.0039399
9 11 26 0.00327713 0.00075185 -0.00245975 0.00416596
10 11 26 0.00348825 0.00134069 -0.00236909 0.00442469
11 11 26 0.00371787 0.00192811 -0.00230861 0.00478225
12 11 26 0.00395522 0.00270433 -0.00216498 0.00525778
13 11 26 0.00409002 0.00369928 -0.00207387 0.00589185
14 11 26 0.00409929 0.00475081 -0.0021493 0.00663279
15 11 26 0.00386867 0.00601409 -0.00240947 0.00754596
16 11 26 0.00300779 0.00754661 -0.00254646 0.00851367
17 11 26 0.00284644 0.00735912 -0.00229071 0.00821621
18 11 26 0.00244994 0.0094375 -0.00226949 0.010011
19 11 26 0.00109253 0.00823733 -0.00277828 0.00876162
20 11 26 -2.67456e-05 0.00693306 -0.00292972 0.00752671
21 11 26 -0.00128972 0.00797001 -0.00290475 0.00858033
22 11 26 -0.00175878 0.00893787 -0.00252687 0.00945325
23 11 26 -0.00186714 0.00659853 -0.00263246 0.00734551
24 11 26 -0.00258791 0.00660179 -0.00277712 0.00761533
25 11 26 -0.00276785 0.00523181 -0.00267106 0.00649364
26 11 26 -0.00273448 0.00411656 -0.00244839 0.00551526
27 11 26 -0.00256266 0.00323609 -0.00223558 0.00469439
28 11 26 -0.00227944 0.00242962 -0.00242351 0.00411975
29 11 26 -0.00199624 0.00188171 -0.00257828 0.00376475
30 11 26 -0.00171311 0.00157474 -0.00263278 0.0035137
31 11 26 -0.0013392 0.00127938 -0.00278287 0.00334285
32 11 26 -0.000993923 0.00118633 -0.00294932 0.00333073
33 11 26 -6.28461e-05 0.00131278 -0.00332593 0.00357619
34 11 26 -0.000337759 0.00217137 -0.00718779 0.0075162
35 11 26 0.00801904 0.00151756 -0.00483813 0.00948765
36 11 26 -0.0123375 0.0023741 0.0125917 0.0177877
37 11 26 0.000110605 -0.0022062 -0.00305794 0.00377234
38 11 26 0.00686333 0.000910001 0.00118239 0.00702363
39 11 26 0 -0.000643681 -0.0005777 0.000864906
0 12 26 0 0 0 0
1 12 26 0.00138739 -0.000109282 0.00011387 0.00139634
2 12 26 0.00287147 -0.00013582 0.000328678 0.00289341
3 12 26 -0.00991767 0.000127114 -0.000107287 0.00991906
4 12 26 0.0262436 0.000109772 0.00201774 0.0263213
5 12 26 -0.00327394 0.000392096 0.00333023 0.00468645
6 12 26 -0.00719338 0.00165205 -0.00144296 0.00752038
7 12 26 0.00239875 0.000444574 -0.00249156 0.00348705
8 12 26 0.0032809 0.000693253 -0.00266 0.00428024
9 12 26 0.00365472 0.00122829 -0.00266202 0.0046853
10 12 26 0.00397982 0.00193852 -0.00265253 0.00516069
11 12 26 0.00432192 0.00267327 -0.00268114 0.00574577
12 12 26 0.00466543 0.00362233 -0.00260468 0.00645538
13 12 26 0.00492113 0.00476195 -0.00261596 0.00733054
14 12 26 0.00511648 0.00589402 -0.00281618 0.00829751
15 12 26 0.00508901 0.00707135 -0.00324463 0.00929675
16 12 26 0.00262918 0.00916077 -0.00377588 0.0102513
17 12 26 0.00493231 0.00761393 -0.00266252 0.00945456
18 12 26 0.00145877 0.00399085 -0.00355592 0.00554071
19 12 26 -0.000216074 0.0038953 -0.00314938 0.00501384
20 12 26 0.00148351 0.0038691 -0.00206546 0.00463
21 12 26 -0.000132683 0.00345187 -0.00344169 0.00487629
22 12 26 -0.00378579 0.00333504 -0.00396829 0.00641888
23 12 26 -0.00153301 0.00679554 -0.0030487 0.00760421
24 12 26 -0.00363822 0.00802989 -0.00390581 0.00964215
25 12 26 -0.00363258 0.00617654 -0.00343905 0.0079481
26 12 26 -0.00341592 0.00513608 -0.00313876 0.00692096
27 12 26 -0.00310551 0.00415967 -0.00279994 0.00589802
28 12 26 -0.00268644 0.0032004 -0.00279573 0.00502749
29 12 26 -0.00226121 0.00247848 -0.0029159 0.00444505
30 12 26 -0.00183893 0.00201124 -0.00296629 0.0040281
31 12 26 -0.00134026 0.00156424 -0.00315184 0.00376526
32 12 26 -0.00087872 0.00129214 -0.00343695 0.0037755
33 12 26 0.000687394 0.00123922 -0.00394411 0.00419097
34 12 26 -0.00124134 0.00187902 -0.00801795 0.00832822
35 12 26 0.00759561 0.00121592 -0.00659922 0.0101352
36 12 26 -0.0121012 0.00281279 0.0130425 0.0180127
37 12 26 -2.54819e-05 -0.00229966 -0.00260594 0.00347564
38 12 26 0.00717795 0.000943752 0.00101495 0.00731053
39 12 26 0 -0.000670008 -0.000428616 0.000795375
0 13 26 0 0 0 0
1 13 26 0.00105133 -0.000127381 5.62729e-05 0.00106051
2 13 26 0.00321534 -0.00011299 0.000183945 0.00322257
3 13 26 -0.00997628 0.000143705 -0.000242405 0.00998026
4 13 26 0.0263621 0.000155642 0.00182069 0.0264253
5 13 26 -0.00222136 0.00035465 0.00339232 0.00407039
6 13 26 -0.00855973 0.00192019 -0.00180041 0.00895531
7 13 26 0.00250208 0.00071992 -0.0034597 0.00432992
8 13 26 0.00357626 0.00100679 -0.00361491 0.00518371
9 13 26 0.00410268 0.00161243 -0.00365576 0.00572683
10 13 26 0.00459338 0.00244208 -0.00374475 0.00640984
11 13 26 0.00506224 0.00338703 -0.00389382 0.00722911
12 13 26 0.00549574 0.00457223 -0.00388126 0.00813466
13 13 26 0.00583053 0.00591296 -0.00389785 0.00917341
14 13 26 0.00609184 0.00726543 -0.0040275 0.0103013
15 13 26 0.00680244 0.00856435 -0.00426227 0.0117383
16 13 26 0.000754019 0.00321562 -0.0052654 0.00621556
17 13 26 0.000977162 0.00371782 -0.00219891 0.00442857
18 13 26 0.0010853 0.003794 0.00368764 0.00540102
19 13 26 0.000787064 0.00376041 0.00383135 0.0054258
20 13 26 0.000591803 0.00372892 0.00344797 0.00511308
21 13 26 0.000463195 0.00331412 0.00309447 0.00455781
22 13 26 0.000250354 0.00311643 0.003124 0.00441975
23 13 26 0.000141895 0.00303637 -0.00268445 0.00405536
24 13 26 -0.00518601 0.00274852 -0.00529957 0.00790788
25 13 26 -0.00452235 0.00744236 -0.00433299 0.00972703
26 13 26 -0.00421278 0.00631683 -0.00420723 0.00868047
27 13 26 -0.00377917 0.00513575 -0.00399505 0.00752452
28 13 26 -0.00322898 0.00397567 -0.00391683 0.00644778
29 13 26 -0.00265971 0.003037 -0.00387978 0.00559912
30 13 26 -0.00205875 0.0023499 -0.00373012 0.00486563
31 13 26 -0.00137875 0.00174221 -0.00372761 0.0043395
32 13 26 -0.00079702 0.00133795 -0.0039071 0.00420604
33 13 26 0.00136977 0.00113108 -0.00437232 0.0047194
34 13 26 -0.0021452 0.00151846 -0.00838448 0.00878676
35 13 26 0.00708447 0.000835117 -0.00841682 0.0110331
36 13 26 -0.01164 0.00323965 0.0129771 0.017731
37 13 26 -0.000227108 -0.00232032 -0.0020357 0.00309508
38 13 26 0.00749392 0.000985533 0.000811548 0.00760189
39 13 26 0 -0.000688825 -0.000306969 0.000754128
0 14 26 0 0 0 0
1 14 26 0.000730265 -0.000139345 4.11839e-05 0.00074458
2 14 26 0.00356053 -7.93593e-05 0.000177001 0.00356581
3 14 26 -0.00995147 0.000154498 -0.000136095 0.0099536
4 14 26 0.026442 0.00016199 0.00188978 0.02651
5 14 26 -0.000805096 0.000366305 0.00364582 0.00375158
6 14 26 -0.00989641 0.00202341 -0.00191077 0.0102803
7 14 26 0.0026451 0.000824365 -0.00305934 0.00412743
8 14 26 0.00396431 0.00111208 -0.00333434 0.00529814
9 14 26 0.00470266 0.00175649 -0.00353356 0.00613892
10 14 26 0.0054077 0.00272356 -0.00378096 0.00713839
11 14 26 0.0060324 0.00394751 -0.00410867 0.00829782
12 14 26 0.00651745 0.005478 -0.00425677 0.0095187
13 14 26 0.00692341 0.0071083 -0.00430715 0.0108173
14 14 26 0.0072591 0.00874536 -0.00433866 0.0121655
15 14 26 0.0010208 0.00286335 -0.00424513 0.00522129
16 14 26 0.00113064 0.00344607 0.00305006 0.00473884
17 14 26 0.00110568 0.00375863 0.00292714 0.0048906
18 14 26 0.000880225 0.00328499 0.00281973 0.00441779
19 14 26 0.000792195 0.00288491 0.00251786 0.00391023
20 14 26 0.000815303 0.00258421 0.00234665 0.00358464
21 14 26 0.000559272 0.00251083 0.00212686 0.00333776
22 14 26 6.1325e-05 0.00268228 0.00220049 0.00346995
23 14 26 -5.93118e-05 0.003002 0.00214654 0.00369095
24 14 26 -0.000119018 0.00292033 0.00212238 0.00361206
25 14 26 -0.00554871 0.00250507 -0.00415939 0.0073732
26 14 26 -0.0051754 0.00754724 -0.00420088 0.0100694
27 14 26 -0.00463616 0.00614819 -0.00411021 0.00872858
28 14 26 -0.00397285 0.00471355 -0.00407178 0.00738786
29 14 26 -0.00325247 0.00349157 -0.00397387 0.00620977
30 14 26 -0.00246992 0.00253319 -0.0037502 0.00515573
31 14 26 -0.00159325 0.00173862 -0.00365735 0.00435172
32 14 26 -0.000877985 0.00121591 -0.00371565 0.00400691
33 14 26 0.00188128 0.00087856 -0.00403807 0.00454061
34 14 26 -0.00302968 0.00102688 -0.00784959 0.00847641
35 14 26 0.00646594 0.000320493 -0.00965028 0.0116206
36 14 26 -0.0111052 0.0035913 0.0126076 0.0171806
37 14 26 -0.000537126 -0.0022992 -0.0012916 0.0026913
38 14 26 0.00777083 0.00101942 0.000634605 0.00786306
39 14 26 0 -0.000707403 -0.00017484 0.000728689
0 15 26 0 0 0 0
1 15 26 0.000441134 -0.000155794 2.37174e-05 0.000468437
2 15 26 0.00388437 -6.12297e-05 0.0001079 0.00388635
3 15 26 -0.00995127 0.000135206 -0.000227865 0.0099548
4 15 26 0.026458 0.000113192 0.00163438 0.0265087
5 15 26 0.00067866 0.000414452 0.0035015 0.00359066
6 15 26 -0.0112541 0.00189201 -0.00236884 0.0116553
7 15 26 0.00276921 0.000732197 -0.00379701 0.00475625
8 15 26 0.00435706 0.00101518 -0.0041294 0.00608822
9 15 26 0.00533599 0.00164958 -0.00438143 0.00709865
10 15 26 0.00636646 0.00265642 -0.00467822 0.00833512
11 15 26 0.00734225 0.00405237 -0.00519645 0.00986577
12 15 26 0.00786684 0.0059949 -0.00567961 0.0114054
13 15 26 0.00821578 0.00874873 -0.00574733 0.0133068
14 15 26 0.00120585 0.00212905 -0.00528095 0.00582025
15 15 26 0.00106909 0.00283251 0.00267048 0.00403702
16 15 26 0.00120197 0.00353158 0.00200079 0.0042332
17 15 26 0.00127463 0.00331198 0.00177272 0.00396692
18 15 26 0.00114261 0.00252214 0.0012794 0.00305018
19 15 26 0.000866373 0.00200977 0.000806973 0.00233259
20 15 26 0.000763083 0.00178887 0.000242809 0.00195992
21 15 26 0.000301629 0.0017864 0.000553434 0.00189433
22 15 26 -3.49116e-05 0.00216044 0.000677358 0.00226441
23 15 26 -4.32634e-05 0.00263484 0.000992235 0.00281581
24 15 26 -0.000114016 0.00301342 0.00121356 0.0032506
25 15 26 -0.000408572 0.00242162 0.00190616 0.0031088
26 15 26 -0.00635801 0.00199244 -0.00479074 0.00820641
27 15 26 -0.005876 0.00755816 -0.00511594 0.0108548
28 15 26 -0.00508436 0.00514261 -0.00500976 0.00879744
29 15 26 -0.00403743 0.00357647 -0.00458808 0.00708113
30 15 26 -0.00296338 0.00243096 -0.00415249 0.00565105
31 15 26 -0.00187438 0.00154638 -0.00394718 0.00463517
32 15 26 -0.00105372 0.00096429 -0.00385872 0.00411459
33 15 26 0.00226928 0.000518557 -0.00394147 0.00457753
34 15 26 -0.00376085 0.000437708 -0.00738326 0.00829747
35 15 26 0.00590675 -0.000323763 -0.0107455 0.0122662
36 15 26 -0.0104746 0.00384436 0.0114059 0.0159559
37 15 26 -0.000894978 -0.00224063 -0.000711382 0.00251544
38 15 26 0.00800832 0.00104185 0.000422602 0.00808685
39 15 26 0 -0.000726843 -1.86562e-05 0.000727083
0 16 26 0 0 0 0
1 16 26 0.000172661 -0.000172248 -2.59083e-06 0.000243902
2 16 26 0.00415183 -4.51753e-05 4.21814e-05 0.00415229
3 16 26 -0.0100093 0.000111883 -0.000226516 0.0100125
4 16 26 0.0265916 2.90625e-05 0.0016285 0.0266415
5 16 26 0.00209415 0.000527985 0.00370665 0.00428993
6 16 26 -0.0125018 0.0015714 -0.00244851 0.0128359
7 16 26 0.00292803 0.000524645 -0.00411159 0.00507482
8 16 26 0.0047705 0.000784226 -0.00449228 0.00659949
9 16 26 0.00599837 0.00132079 -0.00484025 0.00782004
10 16 26 0.00747308 0.00215305 -0.00526648 0.00939246
11 16 26 0.00917239 0.00322778 -0.00611915 0.0114889
12 16 26 0.0105145 0.00375703 -0.00736255 0.0133745
13 16 26 0.00130795 0.00146565 -0.00839355 0.00862036
14 16 26 0.00135058 0.00222148 0.00240563 0.00354205
15 16 26 0.00147906 0.00285795 0.00151333 0.00355607
16 16 26 0.00164867 0.00296498 0.000951413 0.00352341
17 16 26 0.00144008 0.00253238 0.000188524 0.0029193
18 16 26 0.00105158 0.00177336 -0.0005264 0.00212784
19 16 26 0.000691927 0.00156647 -0.000910669 0.00193957
20 16 26 0.000605998 0.0015392 -0.00115398 0.00201694
21 16 26 0.000177105 0.00157782 -0.000909014 0.00182954
22 16 26 -9.36519e-05 0.00163177 -0.000918791 0.001875
23 16 26 -0.000362179 0.00214721 -0.000572108 0.00225144
24 16 26 -0.000373945 0.00266136 9.43484e-05 0.00268915
25 16 26 -0.000562025 0.00260098 0.000921628 0.00281609
26 16 26 -0.000715647 0.0021411 0.0020146 0.00302574
27 16 26 -0.00821243 0.00153419 -0.00719 0.0110224
28 16 26 -0.00662378 0.00340509 -0.0062797 0.00974186
29 16 26 -0.00496481 0.00292904 -0.00521948 0.00777635
30 16 26 -0.00348773 0.00197436 -0.00443116 0.00597474
31 16 26 -0.00217666 0.00119147 -0.00398571 0.00469503
32 16 26 -0.0012893 0.000650821 -0.00362064 0.00389807
33 16 26 0.00253127 0.000149241 -0.00335202 0.00420305
34 16 26 -0.00435937 -0.000139303 -0.0062855 0.00765056
35 16 26 0.00544569 -0.00105025 -0.0106508 0.0120083
36 16 26 -0.00980127 0.00397742 0.0100358 0.0145809
37 16 26 -0.00126886 -0.00214606 -1.36408e-05 0.00249314
38 16 26 0.0082068 0.00105723 0.000255836 0.00827857
39 16 26 0 -0.000746002 0.000131145 0.000757442
0 17 26 0 0 0 0
1 17 26 -6.30385e-05 -0.000187087 -1.55683e-05 0.000198034
2 17 26 0.0043855 -3.3367e-05 9.79641e-06 0.00438564
3 17 26 -0.0101081 6.8252e-05 -0.000217567 0.0101107
4 17 26 0.0269785 -0.000100015 0.00148196 0.0270193
5 17 26 0.00309095 0.000732662 0.00356167 0.00477244
6 17 26 -0.013729 0.00111419 -0.00304377 0.0141064
7 17 26 0.00298475 0.000213733 -0.00420849 0.00516389
8 17 26 0.00507734 0.000414008 -0.00462297 0.00687914
9 17 26 0.00646313 0.00088302 -0.00509013 0.00827413
10 17 26 0.00806262 0.00166532 -0.0055795 0.00994535
11 17 26 0.00924694 0.00322148 -0.00636791 0.0116805
12 17 26 0.00766216 0.007475 -0.007091 0.01284
13 17 26 0.00151372 0.00163384 -0.00552035 0.00595274
14 17 26 0.00135624 0.00243213 0.00136874 0.00310291
15 17 26 0.00144342 0.00252413 0.000697639 0.00299021
16 17 26 0.00149849 0.00245468 -0.000221616 0.00288445
17 17 26 0.00090608 0.00233897 -0.000741369 0.0026156
18 17 26 0.000365202 0.0018178 -0.00142638 0.0023393
19 17 26 0.00043749 0.00143035 -0.0018986 0.00241702
20 17 26 0.000562877 0.00160796 -0.00192264 0.00256883
21 17 26 0.000566523 0.00173896 -0.0017773 0.00255024
22 17 26 0.000186258 0.00190671 -0.00166713 0.00253959
23 17 26 -0.000437268 0.00229337 -0.00136169 0.00270277
24 17 26 -0.0004981 0.00244723 -0.000827271 0.00263085
25 17 26 -0.000668806 0.00254393 0.000273219 0.00264453
26 17 26 -0.0010839 0.00255455 0.00121274 0.00302842
27 17 26 -0.00581231 0.00191112 -0.00442279 0.0075496
28 17 26 -0.00675541 0.00629747 -0.00573982 0.0108738
29 17 26 -0.00550803 0.00294581 -0.00514826 0.00809449
30 17 26 -0.00392175 0.0015794 -0.00447042 0.00615299
31 17 26 -0.00250841 0.000825383 -0.00397343 0.00477091
32 17 26 -0.00157628 0.000312274 -0.00340824 0.00376806
33 17 26 0.0027185 -0.000200711 -0.00287641 0.00396286
34 17 26 -0.00482929 -0.000608479 -0.0053116 0.00720454
35 17 26 0.00512914 -0.00178367 -0.00972157 0.0111355
36 17 26 -0.00917463 0.00396626 0.00820116 0.0129292
37 17 26 -0.00168677 -0.00204117 0.000587207 0.00271226
38 17 26 0.00833743 0.00105992 9.56305e-05 0.00840508
39 17 26 0 -0.000764884 0.000270393 0.000811271
0 18 26 0 0 0 0
1 18 26 -0.000271358 -0.00019783 -3.7983e-05 0.000337956
2 18 26 0.00456005 -2.29773e-05 -4.76251e-05 0.00456035
3 18 26 -0.0103134 2.2571e-05 -0.000268746 0.0103169
4 18 26 0.0276564 -0.000207334 0.00129668 0.0276875
5 18 26 0.00333306 0.00108109 0.00358025 0.00500961
6 18 26 -0.0148802 0.000560536 -0.00325517 0.0152424
7 18 26 0.00298538 -0.000228045 -0.00515138 0.00595829
8 18 26 0.00536139 -0.000131161 -0.00552254 0.00769806
9 18 26 0.0069446 0.000309555 -0.00613682 0.00927275
10 18 26 0.00904337 0.00101815 -0.00681369 0.0113686
11 18 26 0.0127791 0.00213027 -0.00786229 0.0151545
12 18 26 0.00112428 0.000877649 -0.0105784 0.0106741
13 18 26 0.00133142 0.00122335 0.000888769 0.00201474
14 18 26 0.00145128 0.00216475 0.000502579 0.00265423
15 18 26 0.00135387 0.00207909 -7.11248e-06 0.00248105
16 18 26 0.00117293 0.00183976 -0.000643547 0.00227478
17 18 26 0.000615507 0.00241757 -0.000662149 0.00258107
18 18 26 0.000272176 0.00213192 -0.00107995 0.0024053
19 18 26 0.000337638 0.00179545 -0.0015534 0.00239806
20 18 26 0.000406899 0.00176864 -0.00110441 0.00212447
21 18 26 0.000447137 0.0020946 -0.00125789 0.00248386
22 18 26 0.000169334 0.00226482 -0.00107291 0.00251181
23 18 26 -0.000379695 0.00255739 -0.000876902 0.00273009
24 18 26 -0.000573661 0.00199457 -0.000831463 0.00223578
25 18 26 -0.000899187 0.00225786 -9.47506e-05 0.00243217
26 18 26 -0.00106478 0.00249876 0.000653046 0.00279357
27 18 26 -0.00109037 0.00181443 0.000926516 0.00231073
28 18 26 -0.00959145 0.00129777 -0.00813938 0.0126463
29 18 26 -0.0063296 0.0021065 -0.00603531 0.0089959
30 18 26 -0.00434403 0.00108488 -0.00510112 0.00678741
31 18 26 -0.00282108 0.000411254 -0.00431648 0.00517297
32 18 26 -0.00183491 -9.64213e-05 -0.00339317 0.00385873
33 18 26 0.00295253 -0.000547464 -0.00253253 0.00392822
34 18 26 -0.00514184 -0.000899382 -0.00443881 0.00685204
35 18 26 0.00512475 -0.00239812 -0.00767131 0.00953221
36 18 26 -0.00852914 0.00386903 0.00604841 0.0111489
37 18 26 -0.00207572 -0.00190657 0.000990813 0.00298753
38 18 26 0.0084217 0.00105871 -7.11931e-05 0.00848829
39 18 26 0 -0.000782599 0.000415025 0.000885837
0 19 26 0 0 0 0
1 19 26 -0.000451428 -0.000201073 -5.4782e-05 0.000497211
2 19 26 0.00468391 -7.30622e-06 -8.47355e-05 0.00468468
3 19 26 -0.0105972 -1.4435e-05 -0.000279732 0.0106009
4 19 26 0.0287746 -0.000288058 0.0011931 0.0288008
5 19 26 0.00268594 0.00147054 0.00370015 0.0048029
6 19 26 -0.0158283 -0.000138497 -0.00360696 0.0162346
7 19 26 0.00291581 -0.000807907 -0.00485092 0.00571717
8 19 26 0.0055675 -0.000858589 -0.00537232 0.00778435
9 19 26 0.00747629 -0.00061035 -0.00619954 0.00973148
10 19 26 0.0098805 -0.000264851 -0.00732026 0.0122996
11 19 26 0.0110762 0.000225661 -0.00902437 0.0142889
12 19 26 0.000808971 0.00100944 -0.0101909 0.0102727
13 19 26 0.000727604 0.000786101 0.000620263 0.00123778
14 19 26 0.00114375 0.0014462 -0.000305241 0.00186891
15 19 26 0.001563 0.0014391 -0.000743455 0.00225093
16 19 26 0.00120037 0.00194104 -0.000762083 0.00240609
17 19 26 0.000789652 0.00270958 -0.00101342 0.00299873
18 19 26 0.000572549 0.00220854 -0.00173076 0.00286373
19 19 26 0.000523841 0.00179995 -0.00221984 0.0029055
20 19 26 8.03321e-05 0.00208221 -0.00181375 0.00276256
21 19 26 -0.000111901 0.0020881 -0.00182172 0.00277333
22 19 26 -0.00028319 0.00231339 -0.0016525 0.00285705
23 19 26 -0.00057644 0.00276315 -0.00100295 0.00299553
24 19 26 -0.00101936 0.00220989 -0.000718338 0.00253746
25 19 26 -0.000926258 0.00181903 -0.000807767 0.0021953
26 19 26 -0.000690182 0.00197532 -6.58212e-05 0.00209346
27 19 26 -0.000910454 0.00147512 0.00101673 0.00200964
28 19 26 -0.00840124 0.00178939 -0.00784154 0.0116307
29 19 26 -0.00707645 0.000817403 -0.00705985 0.0100292
30 19 26 -0.00489144 0.000180889 -0.0056841 0.00750119
31 19 26 -0.00315224 -0.000229365 -0.00456272 0.00555046
32 19 26 -0.00208044 -0.000611574 -0.00346342 0.00408626
33 19 26 0.00319482 -0.000882644 -0.00239009 0.00408638
34 19 26 -0.00555222 -0.00104134 -0.00372551 0.0067669
35 19 26 0.00535921 -0.002904 -0.0041251 0.00736008
36 19 26 -0.00793916 0.00365987 0.00416446 0.00968337
37 19 26 -0.00244539 -0.00176 0.00139145 0.00331868
38 19 26 0.0084504 0.00105242 -0.000184056 0.00851767
39 19 26 0 -0.000799605 0.000562913 0.000977875
0 20 26 0 0 0 0
1 20 26 -0.000604328 -0.00019564 -8.36884e-05 0.000640696
2 20 26 0.00475556 1.59809e-05 -0.000134446 0.00475749
3 20 26 -0.0109695 -4.09097e-05 -0.000299279 0.0109736
4 20 26 0.0303016 -0.000338322 0.00108102 0.0303228
5 20 26 0.000887253 0.00183085 0.00381951 0.00432757
6 20 26 -0.0166766 -0.000903815 -0.00401105 0.017176
7 20 26 0.00261638 -0.00136907 -0.00622618 0.00689094
8 20 26 0.00542658 -0.00155737 -0.00663796 0.00871411
9 20 26 0.00760492 -0.00163415 -0.00722129 0.0106138
10 20 26 0.010248 -0.00165582 -0.00824308 0.0132557
11 20 26 0.0116941 -0.00136376 -0.0100149 0.0154567
12 20 26 0.000702616 -0.000537464 -0.0114379 0.0114721
13 20 26 0.000935208 0.000299005 0.000119648 0.000989108
14 20 26 0.00115099 0.00101572 4.49855e-05 0.00153573
15 20 26 0.00132431 0.000948343 -5.68638e-05 0.00162984
16 20 26 0.00110335 0.00172849 -0.000387845 0.00208698
17 20 26 0.0010348 0.0021623 -0.00153988 0.00284914
18 20 26 0.000506165 0.00181987 -0.00229132 0.00296956
19 20 26 0.000183482 0.00138741 -0.00297475 0.00328751
20 20 26 0.00027191 0.00133581 -0.00324287 0.00351774
21 20 26 -6.91232e-05 0.00169561 -0.00284262 0.00331064
22 20 26 -0.000668031 0.00204278 -0.0022986 0.00314687
23 20 26 -0.000886667 0.00231434 -0.00155644 0.00292658
24 20 26 -0.00118348 0.0020962 -0.000380271 0.00243707
25 20 26 -0.00118074 0.00149573 2.34925e-05 0.00190575
26 20 26 -0.00112731 0.00175804 0.000369943 0.00212094
27 20 26 -0.000976567 0.00125097 0.000353367 0.00162588
28 20 26 -0.00935683 0.000202769 -0.00914236 0.0130834
29 20 26 -0.00765826 -0.000558155 -0.00781493 0.010956
30 20 26 -0.0052169 -0.000923596 -0.00617404 0.00813559
31 20 26 -0.00323635 -0.00100711 -0.00501713 0.00605474
32 20 26 -0.00206295 -0.00109157 -0.00410499 0.0047221
33 20 26 0.00372764 -0.00108506 -0.00316283 0.00500761
34 20 26 -0.00602763 -0.000983074 -0.00425292 0.00744219
35 20 26 0.00597248 -0.00323908 -8.16699e-05 0.00679477
36 20 26 -0.00734309 0.00335612 0.00223391 0.00837704
37 20 26 -0.00276713 -0.00160125 0.00154642 0.0035514
38 20 26 0.00842754 0.0010551 -0.000332793 0.00849985
39 20 26 0 -0.000803963 0.000679614 0.00105273
0 21 26 0 0 0 0
1 21 26 -0.000725437 -0.000184398 -0.000109547 0.00075648
2 21 26 0.0047896 4.40083e-05 -0.000164755 0.00479263
3 21 26 -0.0113901 -5.73497e-05 -0.000293133 0.011394
4 21 26 0.0322264 -0.000340485 0.000980566 0.0322431
5 21 26 -0.00203824 0.00210686 0.00397205 0.00493665
6 21 26 -0.0172296 -0.00170837 -0.00436715 0.0178564
7 21 26 0.00240471 -0.00198772 -0.00608538 0.00683853
8 21 26 0.0052342 -0.00228813 -0.00669649 0.00880201
9 21 26 0.0074652 -0.00267447 -0.00749855 0.0109138
10 21 26 0.0103066 -0.0031341 -0.00870241 0.0138485
11 21 26 0.0120309 -0.00347518 -0.0106057 0.0164103
12 21 26 0.000510759 -0.000222767 -0.0120157 0.0120286
13 21 26 0.000768436 -0.000185359 0.00030992 0.00084906
14 21 26 0.00116365 0.000163948 3.6311e-05 0.0011757
15 21 26 0.00114192 0.000618957 -0.000445122 0.00137304
16 21 26 0.00128339 0.00123101 -0.00119638 0.00214331
17 21 26 0.00153867 0.00141186 -0.00240103 0.00318211
18 21 26 0.000958001 0.00174718 -0.00245576 0.00316246
19 21 26 0.000228488 0.00141173 -0.0023092 0.00271617
20 21 26 -4.91051e-05 0.000792576 -0.00222409 0.0023616
21 21 26 -0.000668453 0.00163157 -0.00227964 0.00288195
22 21 26 -0.00133623 0.00206997 -0.00244301 0.00346967
23 21 26 -0.00137094 0.00174474 -0.00233435 0.00322068
24 21 26 -0.00126221 0.00162653 -0.00112589 0.00234657
25 21 26 -0.0013683 0.00128687 -0.000300946 0.00190233
26 21 26 -0.00113427 0.0010725 0.000219167 0.00157635
27 21 26 -0.000780169 0.000961951 0.000200683 0.00125471
28 21 26 -0.0096328 0.000786425 -0.00973683 0.0137192
29 21 26 -0.00782983 -0.00222011 -0.00856981 0.0118185
30 21 26 -0.00524125 -0.00207985 -0.00691952 0.00892615
31 21 26 -0.00324079 -0.00179448 -0.00571592 0.00681136
32 21 26 -0.00206761 -0.00157066 -0.00476332 0.00542505
33 21 26 0.00437899 -0.0012668 -0.0039017 0.0060003
34 21 26 -0.00687064 -0.000812134 -0.00530908 0.00872076
35 21 26 0.00686943 -0.00335262 0.00466414 0.00895452
36 21 26 -0.00676218 0.00298731 0.000805763 0.00743641
37 21 26 -0.00306168 -0.00144709 0.0016852 0.00378258
38 21 26 0.00833981 0.00105451 -0.00040938 0.00841618
39 21 26 0 -0.000808591 0.000810184 0.00114465
0 22 26 0 0 0 0
1 22 26 -0.000819547 -0.000164149 -0.000143425 0.000848041
2 22 26 0.00478554 8.12978e-05 -0.000197272 0.0047903
3 22 26 -0.0118217 -6.29742e-05 -0.000285757 0.0118253
4 22 26 0.0344446 -0.000288548 0.000890234 0.0344573
5 22 26 -0.00603192 0.00225407 0.00414203 0.00765646
6 22 26 -0.0176233 -0.00242474 -0.00473283 0.0184082
7 22 26 0.00209068 -0.00257434 -0.00690937 0.00766404
8 22 26 0.00483764 -0.002933 -0.00763613 0.00950346
9 22 26 0.00691762 -0.00343824 -0.00854274 0.0115175
10 22 26 0.00975155 -0.00407597 -0.00959237 0.014273
11 22 26 0.0150603 -0.0052341 -0.0110594 0.0194041
12 22 26 0.000571249 -0.00958167 -0.0146483 0.017513
13 22 26 0.000770651 -0.000251545 0.00061569 0.00101796
14 22 26 0.00106368 -2.03775e-05 0.00022105 0.0010866
15 22 26 0.0009017 0.000672647 -0.00043549 0.0012063
16 22 26 0.00108959 0.00065268 -0.000932036 0.0015754
17 22 26 0.00101758 0.000755997 -0.0013724 0.00186828
18 22 26 0.000753889 0.00123627 -0.00172081 0.00224898
19 22 26 0.000206831 0.0009351 -0.00179764 0.00203683
20 22 26 -0.000427511 0.000489342 -0.00196132 0.00206616
21 22 26 -0.000894659 0.00107415 -0.00177754 0.00226139
22 22 26 -0.00117513 0.00146495 -0.00172928 0.00255292
23 22 26 -0.00141315 0.00107204 -0.00109795 0.00208609
24 22 26 -0.00126873 0.0010509 -0.000708054 0.00179316
25 22 26 -0.00143418 0.00133461 -0.000246086 0.00197449
26 22 26 -0.00117879 0.000860156 0.000377504 0.00150729
27 22 26 -0.00083664 0.000755622 0.000730423 0.0013433
28 22 26 -0.0124321 -0.00732786 -0.0121684 0.0188765
29 22 26 -0.00751974 -0.00378279 -0.00906895 0.0123734
30 22 26 -0.00487357 -0.00286667 -0.00776499 0.00960544
31 22 26 -0.00301314 -0.00236677 -0.00676414 0.00777395
32 22 26 -0.00186133 -0.00196234 -0.00586172 0.00645563
33 22 26 0.00538759 -0.001449 -0.00521758 0.00763865
34 22 26 -0.00814138 -0.000573866 -0.00760185 0.0111535
35 22 26 0.00799231 -0.00319178 0.00900559 0.0124565
36 22 26 -0.00615009 0.00259138 -0.000318437 0.00668134
37 22 26 -0.00331613 -0.00130011 0.00164951 0.00392529
38 22 26 0.00818781 0.00105757 -0.000494521 0.00827063
39 22 26 0 -0.00080771 0.000916785 0.00122184
0 23 26 0 0 0 0
1 23 26 -0.000890131 -0.000139477 -0.000180252 0.000918846
2 23 26 0.00474638 0.000122734 -0.000225411 0.00475331
3 23 26 -0.0122175 -7.09981e-05 -0.000275562 0.0122208
4 23 26 0.0368024 -0.0002234 0.000839973 0.0368127
5 23 26 -0.0107786 0.0021551 0.00432539 0.0118124
6 23 26 -0.0178638 -0.0029427 -0.00531512 0.0188687
7 23 26 0.00157819 -0.00295993 -0.00763353 0.00833802
8 23 26 0.00418635 -0.00335091 -0.0084091 0.00997332
9 23 26 0.00614086 -0.00394084 -0.00925098 0.0117822
10 23 26 0.00849532 -0.00467799 -0.0101312 0.0140248
11 23 26 0.0106935 -0.00544529 -0.0112326 0.0164369
12 23 26 0.00976525 -0.00532735 -0.0122933 0.0165791
13 23 26 0.000275417 -0.000219907 -0.0106794 0.0106852
14 23 26 0.000279371 -4.03127e-05 8.13681e-05 0.000293759
15 23 26 0.000613874 0.000453993 -0.000584945 0.000961827
16 23 26 0.000818912 0.000374036 -0.000774399 0.00118752
17 23 26 0.000549626 0.000567366 -0.00109548 0.00135058
18 23 26 0.000163791 0.000946979 -0.0021821 0.00238436
19 23 26 -0.000180828 0.000872525 -0.00294941 0.00308107
20 23 26 -0.000312272 0.000787926 -0.00312645 0.0032393
21 23 26 -0.000618686 0.000984518 -0.00283052 0.00306004
22 23 26 -0.00100195 0.00108839 -0.00200569 0.00249224
23 23 26 -0.00137637 0.000756574 -0.000663039 0.00170482
24 23 26 -0.00127402 0.000762248 -0.000413113 0.00154104
25 23 26 -0.000851811 0.00110861 -0.000417369 0.00145904
26 23 26 -0.000717827 0.000728073 0.000196304 0.00104111
27 23 26 -0.00866969 0.000469733 -0.00924498 0.0126828
28 23 26 -0.00885632 -0.00385816 -0.0104522 0.0142326
29 23 26 -0.00661461 -0.00411216 -0.0094063 0.0122123
30 23 26 -0.0043481 -0.00347144 -0.00834295 0.010028
31 23 26 -0.00255758 -0.00280151 -0.00752729 0.0084291
32 23 26 -0.00135294 -0.00223904 -0.00688591 0.0073661
33 23 26 0.00683663 -0.00157122 -0.00667449 0.00968282
34 23 26 -0.00995164 -0.000308655 -0.0106322 0.0145662
35 23 26 0.00917252 -0.00278226 0.0124417 0.0157058
36 23 26 -0.00546061 0.00216124 -0.000928364 0.00594567
37 23 26 -0.0035119 -0.00117919 0.00153929 0.00401166
38 23 26 0.00798095 0.00106465 -0.000561066 0.00807117
39 23 26 0 -0.000798156 0.00100504 0.00128342
0 24 26 0 0 0 0
1 24 26 -0.000933879 -0.000113914 -0.000219479 0.000966063
2 24 26 0.0046834 0.00016939 -0.000251103 0.00469319
3 24 26 -0.01255 -5.94411e-05 -0.00028992 0.0125534
4 24 26 0.038997 -0.000116992 0.000817693 0.0390057
5 24 26 -0.0158518 0.00175694 0.0046555 0.0166145
6 24 26 -0.0178273 -0.00319344 -0.0057108 0.0189901
7 24 26 0.00109407 -0.00303986 -0.00824558 0.00885592
8 24 26 0.00348444 -0.00343125 -0.00918045 0.0104017
9 24 26 0.00528844 -0.00410984 -0.0100894 0.0121101
10 24 26 0.00756813 -0.00507976 -0.0110421 0.0143181
11 24 26 0.0104896 -0.00640753 -0.0123454 0.0174212
12 24 26 0.0141774 -0.00845513 -0.0142284 0.021793
13 24 26 0.000126533 -0.0120244 -0.0168189 0.0206756
14 24 26 0.000160856 -0.0002469 -7.44508e-05 0.000303936
15 24 26 0.000456613 6.84487e-06 -0.000686204 0.000824268
16 24 26 0.000526247 0.000310234 -0.000610593 0.000863716
17 24 26 0.000385814 0.000306104 -0.000959171 0.00107822
18 24 26 -5.13041e-05 0.000468166 -0.00151487 0.00158639
19 24 26 -0.00029076 0.000402483 -0.00125417 0.00134888
20 24 26 -0.000420343 0.00075336 -0.00116612 0.00145054
21 24 26 -0.000697412 0.000507234 -0.00113207 0.00142311
22 24 26 -0.00112238 0.000563461 -0.00139409 0.00187635
23 24 26 -0.00131524 0.000465433 -0.000599404 0.00151847
24 24 26 -0.00124566 0.000740379 -0.000333125 0.00148688
25 24 26 -0.000781904 0.000667012 -0.000539365 0.00116069
26 24 26 -0.000608968 0.000460556 2.46008e-05 0.00076391
27 24 26 -0.0122834 -0.00987851 -0.0148094 0.0216284
28 24 26 -0.00871668 -0.0068774 -0.0125813 0.01678
29 24 26 -0.00584348 -0.00515759 -0.0107411 0.013271
30 24 26 -0.00363526 -0.00398697 -0.00940117 0.0108394
31 24 26 -0.00193769 -0.00306385 -0.00844036 0.00918594
32 24 26 -0.0006944 -0.00237003 -0.00777085 0.00815386
33 24 26 0.00858339 -0.00161944 -0.00768066 0.0116314
34 24 26 -0.0123475 -0.00011933 -0.0132937 0.0181438
35 24 26 0.0102171 -0.0021747 0.0144145 0.0178016
36 24 26 -0.00465018 0.00172778 -0.00101932 0.00506443
37 24 26 -0.00365989 -0.00108069 0.00140789 0.00406753
38 24 26 0.00771272 0.00107143 -0.000577679 0.00780818
39 24 26 0 -0.000789112 0.00110758 0.00135994
0 25 26 0 0 0 0
1 25 26 -0.000959848 -8.93072e-05 -0.00025977 0.000998381
2 25 26 0.00460625 0.000211751 -0.000258732 0.00461837
3 25 26 -0.0127716 -3.34668e-05 -0.000324947 0.0127758
4 25 26 0.0406544 5.53535e-05 0.000683599 0.0406602
5 25 26 -0.0208677 0.00109515 0.00478469 0.0214372
6 25 26 -0.0177033 -0.00308678 -0.00611752 0.0189831
7 25 26 0.000540298 -0.00274193 -0.00920625 0.00962107
8 25 26 0.00270863 -0.00311617 -0.0102021 0.0110059
9 25 26 0.00429235 -0.00382419 -0.0111239 0.0125216
10 25 26 0.00618437 -0.0048624 -0.0120815 0.0144171
11 25 26 0.00831307 -0.00620105 -0.0132831 0.0168523
12 25 26 0.0103706 -0.00808022 -0.0145158 0.0195844
13 25 26 0.0120612 -0.0102591 -0.0155044 0.0221609
14 25 26 -0.000190674 -0.0126067 -0.0153085 0.0198322
15 25 26 1.27188e-05 -0.000501425 -0.000120332 0.000515818
16 25 26 0.000155886 8.98671e-06 -0.00023748 0.000284215
17 25 26 0.000120713 0.000243615 -0.000193167 0.000333517
18 25 26 -3.27318e-05 9.74747e-05 -0.000351195 0.000365938
19 25 26 -0.000330344 -0.000143886 -0.000169574 0.000398228
20 25 26 -0.000581526 7.95962e-05 -0.000283363 0.000651769
21 25 26 -0.000850429 -8.92575e-05 -0.000184734 0.000874828
22 25 26 -0.00102665 0.000180423 -0.000353468 0.00110068
23 25 26 -0.00100806 0.000405012 0.000108524 0.00109178
24 25 26 -0.000786404 0.00050136 5.53391e-05 0.000934268
25 25 26 -0.00047935 0.000147541 8.93044e-05 0.000509431
26 25 26 -0.0111967 -0.0110227 -0.0138861 0.0209688
27 25 26 -0.00905321 -0.00881507 -0.0138985 0.0187839
28 25 26 -0.00680145 -0.00688803 -0.0128674 0.016102
29 25 26 -0.00461244 -0.00522548 -0.0114971 0.0134448
30 25 26 -0.00274217 -0.00402875 -0.0101244 0.0112363
31 25 26 -0.00120962 -0.00303606 -0.00896227 0.00953956
32 25 26 0.000106788 -0.00231121 -0.00806103 0.0083865
33 25 26 0.0106754 -0.0015885 -0.00776315 0.0132949
34 25 26 -0.0150082 -9.11252e-05 -0.0144366 0.0208248
35 25 26 0.0110096 -0.0013898 0.0139814 0.01785
36 25 26 -0.00364916 0.00135766 -0.00104812 0.00403214
37 25 26 -0.00376756 -0.00098801 0.00111581 0.00405163
38 25 26 0.00737812 0.00108235 -0.000637696 0.0074843
39 25 26 0 -0.000777899 0.00116774 0.00140312
0 26 26 0 0 0 0
1 26 26 -0.000984264 -6.69647e-05 -0.000305732 0.00103283
2 26 26 0.00450816 0.000235349 -0.000231896 0.00452026
3 26 26 -0.0128051 -3.96708e-05 -0.000251641 0.0128076
4 26 26 0.0415814 0.000228238 0.000655375 0.0415872
5 26 26 -0.0250563 0.00019323 0.00474562 0.0255025
6 26 26 -0.0174129 -0.0025442 -0.00659925 0.0187945
7 26 26 -8.58095e-05 -0.001937 -0.0100541 0.0102393
8 26 26 0.00181789 -0.00225721 -0.0111419 0.0115127
9 26 26 0.00315276 -0.00290578 -0.0120685 0.0128075
10 26 26 0.00468754 -0.00388136 -0.012966 0.0143233
11 26 26 0.00632802 -0.00502166 -0.0140419 0.0161999
12 26 26 0.00803795 -0.00661256 -0.014903 0.0181779
13 26 26 0.00981694 -0.0084572 -0.0156858 0.0203455
14 26 26 0.0120184 -0.0105852 -0.0162623 0.0228244
15 26 26 -0.000187188 -0.0131084 -0.0164282 0.0210179
16 26 26 -9.83251e-05 -0.000165585 -7.43248e-05 0.000206422
17 26 26 -0.000221988 0.000155822 0.000174109 0.000322293
18 26 26 -0.000162548 -2.52965e-05 -0.000113276 0.000199732
19 26 26 -0.000408713 -0.000224969 -0.00038271 0.000603427
20 26 26 -0.000554706 -0.000197503 -0.00041916 0.000722773
21 26 26 -0.000796851 -0.000176519 -0.000434159 0.000924459
22 26 26 -0.000718642 5.83428e-05 -0.000243594 0.000761044
23 26 26 -0.000725172 0.000323017 0.000226368 0.000825504
24 26 26 -0.000565899 0.000310664 0.000193132 0.000673835
25 26 26 -0.0116947 -0.0119497 -0.0153976 0.0227299
26 26 26 -0.00912525 -0.00954578 -0.0150204 0.0200002
27 26 26 -0.00701017 -0.00754451 -0.0144084 0.0177106
28 26 26 -0.00507741 -0.00587071 -0.0135082 0.0155794
29 26 26 -0.00332905 -0.00443411 -0.0123837 0.0135684
30 26 26 -0.0017664 -0.00345488 -0.010965 0.0116313
31 26 26 -0.000422233 -0.00255991 -0.00953879 0.00988534
32 26 26 0.00095762 -0.00195054 -0.0081401 0.00842513
33 26 26 0.0128878 -0.00140714 -0.00710555 0.0147839
34 26 26 -0.0177176 -0.000270674 -0.0123511 0.0215995
35 26 26 0.0112135 -0.000511822 0.0113005 0.0159282
36 26 26 -0.00246484 0.0010323 -0.000800548 0.00278962
37 26 26 -0.00383758 -0.000939328 0.0010053 0.00407676
38 26 26 0.00698628 0.00108127 -0.000592925 0.00709428
39 26 26 0 -0.00076711 0.00122554 0.00144582
0 27 26 0 0 0 0
1 27 26 -0.00101001 -3.5969e-05 -0.000375611 0.00107819
2 27 26 0.00434984 0.000262428 -0.000257902 0.00436537
3 27 26 -0.0127245 -5.51836e-05 -0.000193973 0.012726
4 27 26 0.041447 0.000382111 0.000743864 0.0414554
5 27 26 -0.0277132 -0.000881865 0.00471117 0.0281247
6 27 26 -0.016754 -0.00158226 -0.00665079 0.0180951
7 27 26 -0.00055772 -0.00057434 -0.0106078 0.010638
8 27 26 0.00108838 -0.00078508 -0.0118999 0.0119753
9 27 26 0.00220229 -0.00126787 -0.0129737 0.0132202
10 27 26 0.00345833 -0.00208488 -0.0139198 0.0144937
11 27 26 0.00478182 -0.00296542 -0.0150306 0.0160493
12 27 26 0.00618052 -0.00425487 -0.0158516 0.0175379
13 27 26 0.007719 -0.00587811 -0.0166027 0.0192298
14 27 26 0.00944866 -0.00777185 -0.0175707 0.0214105
15 27 26 0.0124156 -0.0104015 -0.0185629 0.0246357
16 27 26 3.40576e-06 -0.0154727 -0.0213364 0.0263562
17 27 26 -7.93292e-05 -0.0107702 -0.0151653 0.0186008
18 27 26 -0.000171539 5.47556e-06 -0.000151558 0.000228966
19 27 26 -0.000358712 -0.000168676 -0.00028202 0.000486478
20 27 26 -0.00060594 -0.000262184 -2.63556e-05 0.000660756
21 27 26 -0.000916981 -0.000233224 -7.78407e-05 0.000949371
22 27 26 -0.000885552 5.87404e-06 -0.000265095 0.000924398
23 27 26 -0.000724306 -0.0102741 -0.0145834 0.0178538
24 27 26 -0.0124674 -0.0147551 -0.0205282 0.0281879
25 27 26 -0.00915624 -0.00969786 -0.0176717 0.0221398
26 27 26 -0.00712959 -0.00720101 -0.0165637 0.0194176
27 27 26 -0.0053271 -0.00545594 -0.0156371 0.0173973
28 27 26 -0.00371041 -0.00400173 -0.0145918 0.0155789
29 27 26 -0.00224661 -0.00287348 -0.0133836 0.0138718
30 27 26 -0.000926693 -0.00221163 -0.011784 0.0120255
31 27 26 0.000228554 -0.00153965 -0.0100187 0.0101389
32 27 26 0.001634 -0.00120565 -0.00798668 0.00824079
33 27 26 0.0148102 -0.000984914 -0.00622773 0.0160965
34 27 26 -0.0201105 -0.000640645 -0.00545501 0.0208471
35 27 26 0.0106201 0.000368345 0.00695328 0.0126992
36 27 26 -0.000988607 0.000743365 -0.000616494 0.00138203
37 27 26 -0.00381878 -0.000934312 0.000861458 0.00402469
38 27 26 0.00655579 0.00107642 -0.000562147 0.00666732
39 27 26 0 -0.000751002 0.00126131 0.00146796
0 28 26 0 0 0 0
1 28 26 -0.00101173 6.16327e-07 -0.000421744 0.00109611
2 28 26 0.00418145 0.000301147 -0.000277776 0.00420147
3 28 26 -0.0125318 -4.33674e-05 -0.000196465 0.0125334
4 28 26 0.039983 0.000545642 0.000741171 0.0399936
5 28 26 -0.0284198 -0.00197682 0.0043646 0.0288209
6 28 26 -0.0157501 -0.000285715 -0.00634122 0.0169811
7 28 26 -0.000952266 0.00134721 -0.0112317 0.0113522
8 28 26 0.000464569 0.0013113 -0.0126101 0.0126866
9 28 26 0.00141547 0.00108897 -0.0137358 0.0138514
10 28 26 0.00247262 0.00051703 -0.0146233 0.0148399
11 28 26 0.00357864 -7.09535e-05 -0.0156491 0.0160532
12 28 26 0.00463129 -0.000966457 -0.0164444 0.0171114
13 28 26 0.00567258 -0.00226435 -0.0170417 0.0181032
14 28 26 0.00662895 -0.00372274 -0.017855 0.0194063
15 28 26 0.00715383 -0.00563189 -0.0187114 0.0208089
16 28 26 0.00445593 -0.0081453 -0.0196596 0.0217417
17 28 26 0.0103929 -0.00876671 -0.0187156 0.0231331
18 28 26 -0.000374116 -0.015116 -0.0222278 0.0268833
19 28 26 -0.000309114 -0.0129215 -0.0200897 0.0238884
20 28 26 -0.000712871 -0.0125493 -0.0195833 0.0232701
21 28 26 -0.000660004 -0.0127517 -0.0198162 0.0235738
22 28 26 -0.0108635 -0.0146822 -0.0216832 0.0283504
23 28 26 -0.00497563 -0.00846414 -0.0180932 0.0205855
24 28 26 -0.00720915 -0.00768539 -0.0189229 0.021659
25 28 26 -0.00638974 -0.0052514 -0.0178841 0.019704
26 28 26 -0.00519704 -0.00354805 -0.0169806 0.0181091
27 28 26 -0.00395153 -0.00229114 -0.0161732 0.0168059
28 28 26 -0.00271554 -0.00122366 -0.0152351 0.0155235
29 28 26 -0.00148417 -0.000565308 -0.0141572 0.014246
30 28 26 -0.000370419 -0.000290298 -0.0125692 0.012578
31 28 26 0.000623097 3.55613e-05 -0.010599 0.0106174
32 28 26 0.00202321 -4.18404e-05 -0.00810864 0.00835734
33 28 26 0.0160751 -0.000239181 -0.00707156 0.0175634
34 28 26 -0.0216182 -0.00110595 0.00598502 0.0224587
35 28 26 0.00912996 0.00119152 0.00198461 0.00941884
36 28 26 0.00084364 0.000518942 -0.000719068 0.00122396
37 28 26 -0.00373475 -0.000935591 0.000649588 0.00390457
38 28 26 0.00606335 0.00108628 -0.000566766 0.00618591
39 28 26 0 -0.000724326 0.00128343 0.00147372
0 29 26 0 0 0 0
1 29 26 -0.00100145 2.83596e-05 -0.000457779 0.00110149
2 29 26 0.00404601 0.000327036 -0.000261598 0.00406762
3 29 26 -0.0121309 -3.26311e-05 -0.000150876 0.0121319
4 29 26 0.0372946 0.00067814 0.000747706 0.0373083
5 29 26 -0.0267146 -0.00299393 0.00370372 0.0271358
6 29 26 -0.0140712 0.00107443 -0.00571017 0.0152237
7 29 26 -0.00105645 0.00363849 -0.0112245 0.0118467
8 29 26 0.000132 0.00387036 -0.0126476 0.0132272
9 29 26 0.000918703 0.00398388 -0.0137947 0.0143878
10 29 26 0.00176515 0.00372722 -0.0146474 0.0152169
11 29 26 0.00268612 0.00340898 -0.0155545 0.0161487
12 29 26 0.00348979 0.0029376 -0.0163847 0.0170078
13 29 26 0.00409288 0.00207632 -0.0169908 0.0175997
14 29 26 0.00448801 0.00110948 -0.0175901 0.0181875
15 29 26 0.00449348 -1.79092e-05 -0.0181514 0.0186993
16 29 26 0.0037096 -0.0012737 -0.018601 0.01901
17 29 26 0.00402389 -0.00216504 -0.0185155 0.019071
18 29 26 0.00200108 -0.00394611 -0.0189138 0.0194244
19 29 26 0.000143592 -0.0046606 -0.0191626 0.0197217
20 29 26 -0.000976142 -0.00462677 -0.0189581 0.0195389
21 29 26 -0.0027481 -0.00454694 -0.0188943 0.0196271
22 29 26 -0.00460827 -0.00375088 -0.018425 0.0193594
23 29 26 -0.00415948 -0.00203162 -0.0178689 0.0184588
24 29 26 -0.00467473 -0.00110931 -0.0179573 0.018589
25 29 26 -0.00441876 3.38335e-05 -0.0175004 0.0180496
26 29 26 -0.00381619 0.000929618 -0.0170336 0.0174806
27 29 26 -0.00305296 0.00164458 -0.0165334 0.0168932
28 29 26 -0.00211311 0.00217434 -0.0157978 0.0160862
29 29 26 -0.00110716 0.00229393 -0.0148974 0.0151136
30 29 26 -0.000228473 0.00217839 -0.0133874 0.0135654
31 29 26 0.000585823 0.00204827 -0.0113112 0.01151
32 29 26 0.00189836 0.00146898 -0.0083304 0.00866933
33 29 26 0.0161075 0.000788522 -0.0109424 0.0194887
34 29 26 -0.0219333 -0.00158646 0.0190728 0.0291094
35 29 26 0.00648011 0.00186365 -0.00204434 0.00704588
36 29 26 0.00293363 0.000329498 -0.00101786 0.00312262
37 29 26 -0.00365286 -0.00095676 0.000614893 0.00382582
38 29 26 0.00549338 0.00109258 -0.000492348 0.00562257
39 29 26 0 -0.000701083 0.00130951 0.00148538
0 30 26 0 0 0 0
1 30 26 -0.00101986 6.21146e-05 -0.000508072 0.0011411
2 30 26 0.0038686 0.000355609 -0.000248596 0.00389286
3 30 26 -0.0116291 -6.90652e-06 -1.69332e-05 0.0116291
4 30 26 0.0334432 0.000801326 0.000983293 0.0334672
5 30 26 -0.0226784 -0.00376804 0.00323076 0.0232152
6 30 26 -0.0115205 0.00226635 -0.00408748 0.0124324
7 30 26 -0.000824001 0.00601192 -0.0102843 0.0119411
8 30 26 0.000177407 0.00658352 -0.0114392 0.0131996
9 30 26 0.00084817 0.00706937 -0.0123959 0.0142952
10 30 26 0.00148313 0.00720355 -0.0131841 0.0150967
11 30 26 0.00217478 0.00714693 -0.013929 0.0158059
12 30 26 0.0028071 0.00703772 -0.0146762 0.0165167
13 30 26 0.00319112 0.00663845 -0.0153373 0.0170143
14 30 26 0.00330901 0.00613808 -0.0158678 0.0173324
15 30 26 0.00316201 0.00555294 -0.0162499 0.0174612
16 30 26 0.00272567 0.00494689 -0.016516 0.0174551
17 30 26 0.00229276 0.00443557 -0.0165233 0.0172612
18 30 26 0.00138006 0.00369745 -0.0165877 0.0170507
19 30 26 0.000154323 0.00322777 -0.0167091 0.0170187
20 30 26 -0.000907325 0.00319695 -0.016518 0.016849
21 30 26 -0.00205474 0.00326946 -0.016346 0.016796
22 30 26 -0.0028644 0.00380309 -0.0159569 0.016652
23 30 26 -0.00317604 0.00446141 -0.015731 0.016657
24 30 26 -0.00344939 0.00492245 -0.0157777 0.0168838
25 30 26 -0.00341823 0.00535299 -0.0156435 0.0168836
26 30 26 -0.00314537 0.00566651 -0.0155165 0.0168156
27 30 26 -0.00264591 0.00584358 -0.0152109 0.0165082
28 30 26 -0.0019228 0.00579919 -0.014674 0.0158951
29 30 26 -0.00119089 0.00544473 -0.0141494 0.0152076
30 30 26 -0.000557973 0.00493411 -0.0132074 0.01411
31 30 26 0.000100393 0.00424586 -0.0115473 0.0123035
32 30 26 0.00127109 0.00314066 -0.00692182 0.00770656
33 30 26 0.0146664 0.00195919 -0.0129307 0.0196506
34 30 26 -0.0207013 -0.00191989 0.0280818 0.0349402
35 30 26 0.00267401 0.00239882 -0.00371992 0.00517131
36 30 26 0.00536505 0.00018945 -0.00160714 0.00560379
37 30 26 -0.00349822 -0.000983986 0.000600134 0.0036832
38 30 26 0.00489048 0.00110128 -0.000432374 0.00503156
39 30 26 0 -0.00067532 0.00129668 0.001462
0 31 26 0 0 0 0
1 31 26 -0.00104365 0.000101559 -0.000569777 0.00119338
2 31 26 0.00367634 0.000380123 -0.000321054 0.00370986
3 31 26 -0.0110501 1.42459e-05 -7.51578e-05 0.0110504
4 31 26 0.0287094 0.000886506 0.000924966 0.028738
5 31 26 -0.016666 -0.0042144 0.00231637 0.0173459
6 31 26 -0.00786959 0.00315692 -0.00251736 0.00884498
7 31 26 -0.000273996 0.00805946 -0.00945632 0.0124279
8 31 26 0.000500412 0.0089683 -0.00961389 0.013157
9 31 26 0.00107826 0.00976932 -0.00997802 0.0140058
10 31 26 0.00156891 0.0103042 -0.0105561 0.0148347
11 31 26 0.002017 0.0105443 -0.0111622 0.0154869
12 31 26 0.00244221 0.0107216 -0.0117417 0.0160868
13 31 26 0.00269705 0.0106998 -0.0123486 0.0165604
14 31 26 0.00271091 0.0106049 -0.0128797 0.0169026
15 31 26 0.00249926 0.010416 -0.0132911 0.0170702
16 31 26 0.00212128 0.0101945 -0.0136101 0.0171366
17 31 26 0.00162056 0.0100225 -0.0136721 0.0170294
18 31 26 0.000907271 0.00969509 -0.0136682 0.0167821
19 31 26 2.77793e-05 0.00948712 -0.0135606 0.0165498
20 31 26 -0.000815978 0.00947817 -0.0132171 0.0162848
21 31 26 -0.00164366 0.00949603 -0.0130546 0.0162265
22 31 26 -0.00228099 0.0097745 -0.0128335 0.0162924
23 31 26 -0.00268804 0.01002 -0.0127056 0.016403
24 31 26 -0.00295919 0.0101051 -0.0127954 0.0165708
25 31 26 -0.00306777 0.0101007 -0.0128166 0.0166042
26 31 26 -0.00297926 0.00996891 -0.0128859 0.016562
27 31 26 -0.00268094 0.00965346 -0.0127912 0.0162478
28 31 26 -0.00224074 0.0091274 -0.012634 0.0157464
29 31 26 -0.00182713 0.00838733 -0.0128359 0.0154417
30 31 26 -0.00139485 0.00744432 -0.0133559 0.0153539
31 31 26 -0.000870084 0.00619321 -0.0142348 0.015548
32 31 26 9.2302e-05 0.00465335 -0.00913323 0.0102508
33 31 26 0.011632 0.00303828 0.00617122 0.0135136
34 31 26 -0.0179723 -0.00196385 0.0252232 0.0310334
35 31 26 -0.00233651 0.00281315 -0.00325948 0.00489871
36 31 26 0.00811819 6.33594e-05 -0.00243976 0.00847712
37 31 26 -0.00329219 -0.00102785 0.000561697 0.00349436
38 31 26 0.00423228 0.00111316 -0.000380687 0.00439275
39 31 26 0 -0.000642135 0.00127418 0.00142684
0 32 26 0 0 0 0
1 32 26 -0.00107344 0.000134379 -0.000580464 0.00122771
2 32 26 0.00348539 0.000395769 -0.000280719 0.00351901
3 32 26 -0.0104262 1.64827e-05 5.76047e-05 0.0104264
4 32 26 0.0234495 0.000959078 0.00113348 0.0234965
5 32 26 -0.00923665 -0.00428746 0.00168092 0.010321
6 32 26 -0.00301083 0.00459615 -0.00101404 0.0055873
7 32 26 0.000744373 0.0108492 -0.00718787 0.0130355
8 32 26 0.00122539 0.0124073 -0.00503681 0.0134466
9 32 26 0.00162917 0.0136444 -0.00471769 0.0145286
10 32 26 0.00199587 0.0146567 -0.00510563 0.0156483
11 32 26 0.00226064 0.015345 -0.00575907 0.0165453
12 32 26 0.0024654 0.015892 -0.00640031 0.0173089
13 32 26 0.0025655 0.0162121 -0.0070482 0.0178631
14 32 26 0.0025001 0.0164395 -0.00759496 0.0182809
15 32 26 0.00223331 0.0165321 -0.0080327 0.0185155
16 32 26 0.00183842 0.0165149 -0.00840421 0.0186213
17 32 26 0.00135162 0.0165306 -0.00847412 0.0186252
18 32 26 0.000702206 0.0164082 -0.00839537 0.0184446
19 32 26 -5.73157e-05 0.0163101 -0.00812899 0.0182237
20 32 26 -0.000797947 0.0163258 -0.00760674 0.0180286
21 32 26 -0.00154323 0.01636 -0.0072875 0.0179761
22 32 26 -0.00214728 0.0165311 -0.00700784 0.0180831
23 32 26 -0.00256018 0.0165629 -0.00694989 0.0181434
24 32 26 -0.0028729 0.0164331 -0.00723012 0.0181817
25 32 26 -0.00308566 0.0161707 -0.00755279 0.0181124
26 32 26 -0.00313859 0.0156774 -0.00796378 0.0178621
27 32 26 -0.00306203 0.0149063 -0.00812134 0.017249
28 32 26 -0.00293049 0.01389 -0.00809024 0.0163393
29 32 26 -0.00279578 0.012627 -0.00861902 0.0155417
30 32 26 -0.00256609 0.0110465 -0.0110126 0.0158078
31 32 26 -0.00225174 0.0090989 -0.0205967 0.0226292
32 32 26 -0.00156593 0.00687023 -0.061285 0.0616887
33 32 26 0.00732024 0.00453969 0.0916931 0.0920968
34 32 26 -0.0139731 -0.00135641 0.0125611 0.0188379
35 32 26 -0.00847178 0.00296193 -0.00217271 0.00923389
36 32 26 0.0112062 -1.18471e-05 -0.0031812 0.011649
37 32 26 -0.00304169 -0.00109122 0.000626958 0.00329177
38 32 26 0.00351153 0.00112165 -0.000287666 0.00369752
39 32 26 0 -0.000608717 0.00125122 0.00139143
0 33 26 0 0 0 0
1 33 26 -0.00112962 0.000148239 -0.000629834 0.00130181
2 33 26 0.00325422 0.000436698 -0.0003356 0.00330049
3 33 26 -0.00978613 -0.000152668 4.82691e-05 0.00978744
4 33 26 0.0179287 0.00175079 0.00124031 0.0180566
5 33 26 -0.000398214 -0.00192449 0.00107414 0.00223965
6 33 26 0.00306197 0.0197557 0.00127342 0.0200321
7 33 26 0.00234442 0.0313894 0.00373158 0.0316972
8 33 26 0.00244823 0.0354231 0.00331815 0.0356624
9 33 26 0.00260403 0.0389667 0.00292452 0.039163
10 33 26 0.0027882 0.0422561 0.00244569 0.0424185
11 33 26 0.00289732 0.045082 0.00178245 0.0452102
12 33 26 0.00290756 0.0474351 0.00106068 0.0475359
13 33 26 0.00282037 0.0491321 0.000288276 0.0492139
14 33 26 0.0026351 0.050315 -0.000353204 0.0503852
15 33 26 0.00228261 0.0510243 -0.000825933 0.051082
16 33 26 0.00180135 0.0512975 -0.00121473 0.0513435
17 33 26 0.00125653 0.0513945 -0.00125871 0.0514253
18 33 26 0.000585386 0.051315 -0.00108136 0.0513297
19 33 26 -0.000161678 0.0512081 -0.000700778 0.0512131
20 33 26 -0.000894838 0.0511913 -8.80081e-06 0.0511991
21 33 26 -0.00162773 0.0512271 0.00063415 0.0512569
22 33 26 -0.00225538 0.0512879 0.00115879 0.0513506
23 33 26 -0.00275072 0.0511065 0.00114027 0.0511931
24 33 26 -0.00319339 0.0506188 0.000452406 0.0507214
25 33 26 -0.00355117 0.0496348 -0.000537695 0.0497646
26 33 26 -0.00378861 0.0479183 -0.00168294 0.0480973
27 33 26 -0.00398007 0.04539 -0.00229978 0.0456221
28 33 26 -0.0041554 0.0420648 -0.00233999 0.0423343
29 33 26 -0.00429933 0.0380108 -0.00338433 0.0384026
30 33 26 -0.0043734 0.0333592 -0.00840775 0.0346793
31 33 26 -0.00440496 0.0283447 -0.0200714 0.0350098
32 33 26 -0.00389743 0.0231459 -0.0264018 0.0353267
33 33 26 0.00195503 0.0175435 0.0202086 0.0268325
34 33 26 -0.00951683 0.00492128 0.0209665 0.0235454
35 33 26 -0.0152542 0.00175102 -0.00237628 0.0155372
36 33 26 0.0145431 0.00142551 -0.00397358 0.0151435
37 33 26 -0.0027213 -0.00141478 0.00065348 0.00313594
38 33 26 0.00274431 0.00108705 -0.000219515 0.00295992
39 33 26 0 -0.000541192 0.00119991 0.00131631
0 34 26 0 0 0 0
1 34 26 -0.00115946 0.000151274 -0.00065223 0.00133889
2 34 26 0.00279178 0.000524988 -0.000350824 0.0028623
3 34 26 -0.00815685 -0.000485955 -2.2339e-06 0.00817131
4 34 26 0.0139687 0.00252134 0.00105389 0.0142335
5 34 26 0.0212353 -0.010307 0.00119091 0.0236345
6 34 26 0.0145067 -0.0357953 0.00652541 0.0391705
7 34 26 0.0063194 -0.0579866 0.00946408 0.0590927
8 34 26 0.00598077 -0.0721368 0.0094515 0.0729988
9 34 26 0.00588471 -0.0857456 0.00932923 0.0864521
10 34 26 0.00568536 -0.0990112 0.00921019 0.099601
11 34 26 0.00532518 -0.111735 0.00900375 0.112223
12 34 26 0.00478534 -0.123545 0.00870023 0.123943
13 34 26 0.00410673 -0.134333 0.00819521 0.134646
14 34 26 0.00339822 -0.143789 0.00765462 0.144032
15 34 26 0.00264562 -0.151724 0.00720828 0.151918
16 34 26 0.00184946 -0.158142 0.0067919 0.158299
17 34 26 0.00109279 -0.162896 0.00671858 0.163038
18 34 26 0.00033751 -0.166024 0.00701238 0.166172
19 34 26 -0.000413048 -0.167523 0.007596 0.167696
20 34 26 -0.00113141 -0.167336 0.00850567 0.167555
21 34 26 -0.00187862 -0.165422 0.0093949 0.165699
22 34 26 -0.00264503 -0.161706 0.00990687 0.162031
23 34 26 -0.00347259 -0.156166 0.00924639 0.156478
24 34 26 -0.00440394 -0.148636 0.00686507 0.14886
25 34 26 -0.00538249 -0.13916 0.00257392 0.139288
26 34 26 -0.00640116 -0.127809 -0.00372188 0.128024
27 34 26 -0.0074722 -0.114684 -0.0107606 0.11543
28 34 26 -0.00847872 -0.100047 -0.0164498 0.101744
29 34 26 -0.00930528 -0.084215 -0.0184046 0.0867034
30 34 26 -0.00990258 -0.067545 -0.0142545 0.0697393
31 34 26 -0.0102792 -0.0503374 -0.00501038 0.0516199
32 34 26 -0.010202 -0.0328331 0.00355702 0.0345651
33 34 26 -0.0114065 -0.0156696 0.00600578 0.0202908
34 34 26 -0.0121979 -0.00202326 0.0122412 0.0173991
35 34 26 -0.0194133 -0.000674449 -0.000851616 0.0194437
36 34 26 0.0161017 0.00512985 -0.0043454 0.0174488
37 34 26 -0.00208985 -0.00226578 0.000636391 0.00314742
38 34 26 0.00199286 0.000885708 -0.000113974 0.0021838
39 34 26 0 -0.000392845 0.00114886 0.00121417
0 35 26 0 0 0 0
1 35 26 -0.00109677 0.00025593 -0.000676497 0.0013138
2 35 26 0.00184976 0.000671812 -0.000333004 0.00199595
3 35 26 -0.00545544 0.000111826 -9.1718e-05 0.00545735
4 35 26 0.000610516 0.00547446 0.000330785 0.00551832
5 35 26 -0.00466599 0.00714266 0.000854349 0.00857432
6 35 26 -0.00812189 0.0154546 0.00241273 0.0176247
7 35 26 -0.00824216 0.0281453 0.00371802 0.029562
8 35 26 -0.00802622 0.0411063 0.00471654 0.0421473
9 35 26 -0.00772967 0.0538237 0.0053936 0.0546427
10 35 26 -0.00729896 0.0661126 0.00570654 0.0667587
11 35 26 -0.00672188 0.0777398 0.00559764 0.0782304
12 35 26 -0.00603188 0.088598 0.00504762 0.0889464
13 35 26 -0.00530627 0.0983482 0.0038865 0.0985679
14 35 26 -0.00452453 0.106801 0.00217966 0.106919
15 35 26 -0.00372923 0.113817 0.000104956 0.113878
16 35 26 -0.00300912 0.119173 -0.00237644 0.119235
17 35 26 -0.00234711 0.122825 -0.00494519 0.122947
18 35 26 -0.00177064 0.124688 -0.00726801 0.124913
19 35 26 -0.00128769 0.124713 -0.00909793 0.125051
20 35 26 -0.000849228 0.12294 -0.0100668 0.123355
21 35 26 -0.000421705 0.119445 -0.0099375 0.119859
22 35 26 5.54053e-05 0.114311 -0.00841162 0.11462
23 35 26 0.000596142 0.107626 -0.00555114 0.107771
24 35 26 0.00123104 0.0995952 -0.00152986 0.0996145
25 35 26 0.00198774 0.0903113 0.00322928 0.0903909
26 35 26 0.00280714 0.0799777 0.00774966 0.0804013
27 35 26 0.00363318 0.0687856 0.0113235 0.069806
28 35 26 0.00444772 0.0568759 0.0132129 0.0585596
29 35 26 0.00516112 0.0444728 0.0127392 0.0465485
30 35 26 0.00567949 0.0317219 0.010478 0.0338869
31 35 26 0.00597773 0.0187266 0.00744817 0.0210212
32 35 26 0.00576494 0.00554613 0.00460245 0.00922912
33 35 26 0.000716899 -0.00740778 0.00217961 0.00775498
34 35 26 -0.0104745 -0.0148704 0.000749461 0.0182046
35 35 26 -0.0156518 -0.00939846 -0.000507981 0.0182638
36 35 26 0.012658 0.0042933 -0.00339704 0.0137912
37 35 26 -0.000609556 -0.00282445 0.000387564 0.00291535
38 35 26 0.00146916 0.000484599 3.50894e-05 0.00154741
39 35 26 0 -0.000131352 0.00108438 0.00109231
0 36 26 0 0 0 0
1 36 26 -0.000961913 0.000381459 -0.00070961 0.00125472
2 36 26 0.00140582 0.000695891 -0.00035166 0.00160757
3 36 26 -0.0001858 0.00019143 -0.000581612 0.000639875
4 36 26 0.00145041 0.00103208 -0.0028136 0.00332945
5 36 26 0.00222445 -0.00141886 -0.00657443 0.0070841
6 36 26 0.00282638 -0.00655065 -0.00872485 0.0112704
7 36 26 0.0027294 -0.0132648 -0.00862968 0.0160585
8 36 26 0.002424 -0.0201239 -0.00746612 0.0216007
9 36 26 0.00214512 -0.0265344 -0.00590126 0.0272672
10 36 26 0.00190506 -0.0324117 -0.00403959 0.032718
11 36 26 0.00173039 -0.0377483 -0.00194239 0.0378378
12 36 26 0.00165495 -0.0424075 0.000380515 0.0424415
13 36 26 0.00162362 -0.0463737 0.00272801 0.0464822
14 36 26 0.00164401 -0.0496082 0.00494799 0.0498815
15 36 26 0.0017288 -0.0520677 0.00702824 0.0525683
16 36 26 0.00182338 -0.0537965 0.00871828 0.0545288
17 36 26 0.00192867 -0.054763 0.00987621 0.0556798
18 36 26 0.00202703 -0.0549794 0.0104727 0.0560046
19 36 26 0.00207851 -0.0545083 0.0104655 0.0555428
20 36 26 0.0020694 -0.0534111 0.00988604 0.0543577
21 36 26 0.00199473 -0.0517407 0.00875153 0.0525135
22 36 26 0.00185771 -0.0495734 0.00726666 0.0501376
23 36 26 0.00164737 -0.0469835 0.00557416 0.0473417
24 36 26 0.00138382 -0.0440025 0.00384671 0.044192
25 36 26 0.00107602 -0.0407514 0.00232008 0.0408315
26 36 26 0.000730309 -0.0372618 0.00104121 0.0372835
27 36 26 0.000390627 -0.0335887 0.000152777 0.0335913
28 36 26 8.38545e-05 -0.0297782 -0.000275956 0.0297796
29 36 26 -0.00020235 -0.0258074 -0.000481506 0.0258127
30 36 26 -0.000446126 -0.0217461 -0.000510218 0.0217567
31 36 26 -0.000608467 -0.0176153 -0.000453893 0.0176316
32 36 26 -0.000658168 -0.0134012 -0.000444263 0.0134247
33 36 26 -8.97802e-05 -0.00913332 -0.000429962 0.00914388
34 36 26 0.00107491 -0.00513693 -0.000415045 0.00526458
35 36 26 0.000131086 -0.0017731 -0.000713707 0.00191584
36 36 26 0.00816925 0.00260052 -0.00165466 0.00873139
37 36 26 0.00136365 -0.00129765 3.96602e-05 0.00188282
38 36 26 0.00138619 0.000355766 0.000231107 0.00144966
39 36 26 0 0.000214686 0.00102746 0.00104965
0 37 26 0 0 0 0
1 37 26 -0.000935658 0.000429555 -0.000709391 0.00125028
2 37 26 0.00128945 -8.80141e-05 -0.000137282 0.00129972
3 37 26 0.00229546 -0.0027282 0.000939964 0.00368724
4 37 26 0.00195807 -0.00577546 0.00269596 0.00666769
5 37 26 0.000669123 -0.0072766 0.00414312 0.00840012
6 37 26 -0.000302567 -0.00654102 0.00432896 0.00784961
7 37 26 -0.000681961 -0.00454364 0.00366739 0.00587874
8 37 26 -0.000769608 -0.00238076 0.00281488 0.00376615
9 37 26 -0.000842658 -0.000479098 0.00198086 0.00220531
10 37 26 -0.000932389 0.0011751 0.00117045 0.00190267
11 37 26 -0.00104514 0.00255026 0.000379281 0.00278209
12 37 26 -0.0011367 0.00367638 -0.000310238 0.00386058
13 37 26 -0.00122143 0.00456942 -0.000896944 0.00481414
14 37 26 -0.00129836 0.00526361 -0.00142135 0.0056046
15 37 26 -0.00134488 0.00579236 -0.00178775 0.00620936
16 37 26 -0.00138475 0.00613839 -0.0019995 0.00660268
17 37 26 -0.00141312 0.00632928 -0.00210486 0.00681815
18 37 26 -0.00141654 0.00640836 -0.00211952 0.00689682
19 37 26 -0.00140223 0.00640916 -0.00206084 0.00687682
20 37 26 -0.00137371 0.00635611 -0.00193084 0.00678346
21 37 26 -0.00133102 0.00628081 -0.00178911 0.00666492
22 37 26 -0.00127966 0.00620396 -0.00162311 0.0065392
23 37 26 -0.00122434 0.00615032 -0.00146237 0.00643925
24 37 26 -0.0011586 0.00615789 -0.00135907 0.00641163
25 37 26 -0.0011019 0.00620853 -0.00124423 0.00642714
26 37 26 -0.00105902 0.00634352 -0.00112278 0.00652858
27 37 26 -0.00102251 0.00658617 -0.00105476 0.00674801
28 37 26 -0.00100892 0.00695393 -0.000987932 0.00709585
29 37 26 -0.00102022 0.00746259 -0.000907495 0.00758648
30 37 26 -0.00103331 0.00806537 -0.000817264 0.00817226
31 37 26 -0.00104638 0.00879558 -0.00073381 0.00888795
32 37 26 -0.00105901 0.00967855 -0.000661779 0.00975878
33 37 26 -0.000745263 0.0106592 -0.000548945 0.0106993
34 37 26 0.000304109 0.0112115 -0.000399726 0.0112228
35 37 26 0.00165527 0.0102411 -0.000288712 0.010378
36 37 26 0.00359534 0.00740089 -0.000276861 0.00823264
37 37 26 0.0018746 0.00285457 0.000185745 0.00342012
38 37 26 0.00151865 0.00130739 0.000502075 0.00206582
39 37 26 0 0.000601583 0.00102565 0.00118906
0 38 26 0 0 0 0
1 38 26 -0.00202481 0.000238361 -0.000780367 0.00218303
2 38 26 -0.00229674 0.00213783 -0.000510581 0.003179
3 38 26 -0.00245458 0.00451725 -0.000499216 0.00516524
4 38 26 -0.00185273 0.00705136 -0.000712043 0.00732539
5 38 26 -0.000983105 0.00872582 -0.000815874 0.00881885
6 38 26 -0.000415263 0.00933131 -0.000715274 0.00936789
7 38 26 -0.000218515 0.0093435 -0.000550591 0.00936226
8 38 26 -0.000186043 0.00921421 -0.000403255 0.0092249
9 38 26 -0.000153126 0.00912049 -0.000275114 0.00912592
10 38 26 -0.000114778 0.00908332 -0.000162276 0.00908549
11 38 26 -9.02211e-05 0.0090827 -9.06537e-05 0.0090836
12 38 26 -6.62892e-05 0.00910011 -4.03508e-05 0.00910044
13 38 26 -4.80034e-05 0.00911802 1.05409e-05 0.00911815
14 38 26 -3.44697e-05 0.009138 2.41973e-05 0.0091381
15 38 26 -1.14598e-05 0.00916719 1.72101e-05 0.00916721
16 38 26 5.92533e-06 0.00918267 1.5486e-05 0.00918268
17 38 26 1.32138e-05 0.00916154 2.00364e-05 0.00916157
18 38 26 1.79531e-05 0.00909382 2.70943e-05 0.00909388
19 38 26 1.91867e-05 0.00897805 3.28344e-05 0.00897813
20 38 26 2.04575e-05 0.00880613 5.20278e-05 0.00880631
21 38 26 2.62669e-05 0.00857235 6.94903e-05 0.00857267
22 38 26 3.25302e-05 0.00826585 9.93275e-05 0.00826651
23 38 26 4.43454e-05 0.00787794 0.000148739 0.00787946
24 38 26 6.84116e-05 0.00740998 0.00018335 0.00741257
25 38 26 9.0742e-05 0.0068448 0.00023951 0.00684959
26 38 26 0.000111915 0.00619526 0.000333235 0.00620522
27 38 26 0.000136466 0.00546322 0.000396261 0.00547927
28 38 26 0.00016012 0.00464218 0.000445886 0.00466629
29 38 26 0.000192464 0.00372273 0.000519009 0.00376365
30 38 26 0.000235849 0.00268734 0.000594314 0.00276236
31 38 26 0.000277445 0.00156836 0.000664399 0.00172573
32 38 26 0.000303794 0.000368762 0.000740146 0.000880961
33 38 26 0.000130965 -0.00091811 0.000832149 0.00124601
34 38 26 -0.000498485 -0.00202014 0.000908349 0.00227036
35 38 26 -0.00134169 -0.00231865 0.00092411 0.00283377
36 38 26 -0.00127904 -0.00140096 0.000874129 0.00208871
37 38 26 -0.000184964 -3.36032e-05 0.000833762 0.000854693
38 38 26 0.000958494 0.000781622 0.000894862 0.00152657
39 38 26 0 0.000612051 0.00112667 0.00128218
0 39 26 0 0 0 0
1 39 26 -0.000433309 0 -0.000927612 0.00102383
2 39 26 -0.000139319 0 -0.000739309 0.000752322
3 39 26 4.61815e-06 0 -0.000714971 0.000714986
4 39 26 -0.000174118 0 -0.000742883 0.000763016
5 39 26 -0.000433943 0 -0.000768416 0.00088248
6 39 26 -0.000612493 0 -0.000760959 0.000976835
7 39 26 -0.00069931 0 -0.000721844 0.00100503
8 39 26 -0.000758789 0 -0.000659824 0.00100555
9 39 26 -0.000818087 0 -0.000577965 0.00100165
10 39 26 -0.000868973 0 -0.000467069 0.000986544
11 39 26 -0.000916631 0 -0.000342919 0.000978675
12 39 26 -0.000957914 0 -0.000214366 0.000981607
13 39 26 -0.00099717 0 -6.25273e-05 0.000999128
14 39 26 -0.00103152 0 9.86877e-05 0.00103623
15 39 26 -0.00104997 0 0.00025244 0.00107989
16 39 26 -0.00105942 0 0.000399556 0.00113226
17 39 26 -0.00106346 0 0.00054272 0.00119394
18 39 26 -0.00106109 0 0.000680151 0.00126037
19 39 26 -0.00105718 0 0.000805128 0.00132886
20 39 26 -0.00104876 0 0.000922038 0.00139644
21 39 26 -0.00103247 0 0.00102011 0.00145142
22 39 26 -0.00101478 0 0.00109968 0.00149635
23 39 26 -0.000993141 0 0.00117384 0.0015376
24 39 26 -0.000966062 0 0.00122224 0.00155793
25 39 26 -0.00094335 0 0.00124785 0.0015643
26 39 26 -0.000923837 0 0.00126752 0.00156847
27 39 26 -0.000903044 0 0.00126195 0.00155177
28 39 26 -0.000879387 0 0.00124314 0.00152274
29 39 26 -0.000848938 0 0.00122426 0.00148981
30 39 26 -0.000817482 0 0.00118958 0.00144339
31 39 26 -0.000788116 0 0.00114759 0.00139215
32 39 26 -0.000748463 0 0.00110762 0.00133679
33 39 26 -0.000657119 0 0.00106783 0.00125382
34 39 26 -0.000447252 0 0.00102991 0.00112283
35 39 26 -9.53717e-05 0 0.00101548 0.00101995
36 39 26 0.000330959 0 0.00104512 0.00109627
37 39 26 0.000740563 0 0.0011053 0.00133046
38 39 26 0.000964026 0 0.00118822 0.0015301
39 39 26 0 0 0.00129164 0.00129164
