1 1 38 0.000182028 0.000424348 -0.000494876 0.000676837
2 1 38 0.000163739 0.00064106 -0.000261559 0.000711465
3 1 38 3.26084e-05 0.000732598 -4.54689e-05 0.000734732
4 1 38 -5.59725e-05 0.000718585 0.000169033 0.000740317
5 1 38 -7.16989e-05 0.00066363 0.000380695 0.000768423
6 1 38 -5.00115e-05 0.000619532 0.000584772 0.000853393
7 1 38 -2.07995e-05 0.000599924 0.000786497 0.000989404
8 1 38 5.84594e-06 0.000596609 0.000991135 0.00115686
9 1 38 3.521e-05 0.000598969 0.00118689 0.00132993
10 1 38 6.86286e-05 0.000601376 0.00135925 0.00148792
11 1 38 0.000102797 0.000600576 0.00149846 0.0016176
12 1 38 0.000135585 0.000593186 0.00159898 0.00171085
13 1 38 0.000167231 0.000576977 0.00165776 0.00176324
14 1 38 0.00019848 0.000550911 0.00167359 0.00177307
15 1 38 0.000230017 0.00051593 0.00164619 0.00174042
16 1 38 0.000261232 0.000473694 0.00157589 0.00166615
17 1 38 0.000291488 0.000426119 0.00146354 0.00155193
18 1 38 0.000320062 0.000375114 0.0013106 0.00140029
19 1 38 0.000346414 0.000321473 0.00111937 0.00121505
20 1 38 0.000371009 0.000267144 0.000892874 0.00100311
21 1 38 0.000393311 0.000213472 0.000635198 0.000777008
22 1 38 0.000413807 0.000158865 0.000351577 0.000565757
23 1 38 0.000433706 0.000105836 4.74701e-05 0.000448949
24 1 38 0.000451708 5.61117e-05 -0.000269759 0.000529111
25 1 38 0.000468109 5.78094e-06 -0.000591909 0.000754663
26 1 38 0.000484043 -4.51213e-05 -0.000911306 0.00103287
27 1 38 0.000496899 -9.64896e-05 -0.00121813 0.00131911
28 1 38 0.000505335 -0.000151326 -0.00150345 0.00159331
29 1 38 0.000509191 -0.000212165 -0.00176048 0.00184488
30 1 38 0.000506611 -0.000281687 -0.00198141 0.00206446
31 1 38 0.00049656 -0.0003604 -0.00215856 0.00224407
32 1 38 0.00048055 -0.000444527 -0.00228283 0.00237484
33 1 38 0.000467526 -0.000518184 -0.0023335 0.00243563
34 1 38 0.00047507 -0.000550844 -0.0022812 0.00239437
35 1 38 0.000525344 -0.000491111 -0.00211958 0.00223826
36 1 38 0.000625305 -0.000280852 -0.00195593 0.00207257
37 1 38 0.000655989 4.2449e-05 -0.00178899 0.00190594
38 1 38 0.000411608 0.000386731 -0.00195802 0.00203785
39 1 38 -0.00127854 0 0 0.00127854
1 2 38 0.000539074 0.000643663 -0.000219351 0.000867767
2 2 38 0.000669965 0.00104983 0.000146733 0.001254
3 2 38 0.000470406 0.00135749 0.000533923 0.00153269
4 2 38 0.000236099 0.00150222 0.00109512 0.00187395
5 2 38 0.00011618 0.00154202 0.00174375 0.00233066
6 2 38 9.62398e-05 0.0015438 0.00232568 0.00279309
7 2 38 0.000125842 0.00154473 0.0028429 0.00323791
8 2 38 0.000164622 0.00154703 0.00334306 0.00368733
9 2 38 0.000199323 0.00154177 0.00382508 0.00412892
10 2 38 0.000227588 0.00152738 0.00427483 0.0045452
11 2 38 0.000248302 0.0015025 0.00468205 0.00492349
12 2 38 0.000265011 0.00146305 0.00503858 0.00525338
13 2 38 0.000282166 0.00140757 0.00533826 0.00552792
14 2 38 0.000301619 0.00133615 0.00557727 0.00574301
15 2 38 0.000323776 0.001252 0.00575303 0.00589658
16 2 38 0.000347105 0.00115775 0.00586389 0.00598716
17 2 38 0.000370788 0.00105608 0.00590963 0.00601469
18 2 38 0.000394057 0.000949683 0.00589158 0.00598062
19 2 38 0.000416159 0.00083908 0.00581245 0.00588743
20 2 38 0.000437616 0.000728052 0.00567616 0.00573937
21 2 38 0.0004573 0.000617987 0.00548773 0.00554132
22 2 38 0.00047556 0.000506002 0.00525335 0.00529905
23 2 38 0.000492912 0.000397735 0.00497949 0.00501961
24 2 38 0.000507706 0.000293843 0.0046742 0.00471087
25 2 38 0.00052151 0.000187674 0.0043464 0.00438159
26 2 38 0.000535006 8.42141e-05 0.00400595 0.00404239
27 2 38 0.000545193 -1.49547e-05 0.0036658 0.00370615
28 2 38 0.000552645 -0.000112815 0.00333649 0.00338383
29 2 38 0.000557755 -0.000208438 0.00302547 0.0030835
30 2 38 0.000557063 -0.000303304 0.00274061 0.00281306
31 2 38 0.000545806 -0.000398495 0.00248804 0.00257819
32 2 38 0.000525926 -0.000490731 0.00225716 0.00236901
33 2 38 0.000533029 -0.000553176 0.00197206 0.00211639
34 2 38 0.00062605 -0.000532188 0.00148396 0.00169626
35 2 38 0.000857799 -0.000342848 0.000571157 0.00108609
36 2 38 0.00118005 6.93431e-05 -0.00100329 0.00155046
37 2 38 0.00111199 0.000406713 -0.00150866 0.0019178
38 2 38 0.000768381 0.000675116 -0.00290241 0.00307736
39 2 38 -0.00187568 0 0 0.00187568
1 3 38 0.000846709 0.000576158 3.49586e-05 0.00102474
2 3 38 0.00121415 0.000981228 0.00032228 0.001594
3 3 38 0.0010355 0.00137546 4.33907e-07 0.00172167
4 3 38 0.00068154 0.00164769 -0.000297235 0.00180768
5 3 38 0.000424757 0.00179945 0.000228062 0.00186292
6 3 38 0.000319774 0.00187001 0.00126545 0.00228047
7 3 38 0.000320398 0.00190232 0.00245074 0.00311892
8 3 38 0.000359147 0.00191674 0.00362053 0.00411232
9 3 38 0.00039266 0.00191803 0.0047303 0.00511945
10 3 38 0.000415503 0.00191314 0.00576152 0.00608505
11 3 38 0.000431378 0.0019016 0.00669927 0.00697728
12 3 38 0.000446017 0.00187929 0.0075289 0.00777271
13 3 38 0.000461474 0.00184728 0.00823932 0.00845647
14 3 38 0.000476519 0.00180609 0.00882366 0.0090192
15 3 38 0.000490718 0.00175907 0.00927764 0.00945568
16 3 38 0.000503267 0.00170611 0.009599 0.00976242
17 3 38 0.000515392 0.00164766 0.00978793 0.00993901
18 3 38 0.000527935 0.0015851 0.00984719 0.00998791
19 3 38 0.000540766 0.00151658 0.00978166 0.00991329
20 3 38 0.000554869 0.00144679 0.00959836 0.00972263
21 3 38 0.000568739 0.0013755 0.00930603 0.00942431
22 3 38 0.000582467 0.00129894 0.00891503 0.00902797
23 3 38 0.00059555 0.00122528 0.00843632 0.00854561
24 3 38 0.000605638 0.00115145 0.00788165 0.0079883
25 3 38 0.000613971 0.00106991 0.00726245 0.00736646
26 3 38 0.000619533 0.000990099 0.00659059 0.00669328
27 3 38 0.00061925 0.000909612 0.00587968 0.00598177
28 3 38 0.000614499 0.000823244 0.00514058 0.00524222
29 3 38 0.000606507 0.000734662 0.00438173 0.0044841
30 3 38 0.000595671 0.000643121 0.00361143 0.00371629
31 3 38 0.000579178 0.000547669 0.00283854 0.00294834
32 3 38 0.000555143 0.000445441 0.00204885 0.00216896
33 3 38 0.000567456 0.000351956 0.00113732 0.00131885
34 3 38 0.000712063 0.000310871 -2.38831e-05 0.000777331
35 3 38 0.00108876 0.000396549 -0.00158796 0.00196577
36 3 38 0.00158135 0.000632938 -0.00417208 0.00450638
37 3 38 0.0011883 0.000562973 -0.00255868 0.00287678
38 3 38 0.000875085 0.000563772 -0.00414223 0.00427103
39 3 38 -0.00235812 0 0 0.00235812
1 4 38 0.00101185 0.000353817 0.000299028 0.00111285
2 4 38 0.00156265 0.000555491 0.000829351 0.00185426
3 4 38 0.00139984 0.000752672 0.000659554 0.00172077
4 4 38 0.000973882 0.000893732 0.000292558 0.00135381
5 4 38 0.000639852 0.000974723 0.00114734 0.00163582
6 4 38 0.000485567 0.00100362 0.00280667 0.00302001
7 4 38 0.000463082 0.00100846 0.00463268 0.00476373
8 4 38 0.000496055 0.00100312 0.00636899 0.00646655
9 4 38 0.00052866 0.000996033 0.00797257 0.00805192
10 4 38 0.000554944 0.000994426 0.00942862 0.00949714
11 4 38 0.000576541 0.000994351 0.0107211 0.0107826
12 4 38 0.000593644 0.000992658 0.0118365 0.0118928
13 4 38 0.000604655 0.000993117 0.0127688 0.0128216
14 4 38 0.000609937 0.000994454 0.0135165 0.0135667
15 4 38 0.00061297 0.00099855 0.0140794 0.0141281
16 4 38 0.000615589 0.00100156 0.014459 0.0145067
17 4 38 0.000620108 0.00100258 0.0146587 0.014706
18 4 38 0.000626876 0.00100281 0.0146847 0.0147323
19 4 38 0.000634506 0.000998183 0.0145452 0.0145932
20 4 38 0.000643318 0.000994618 0.0142503 0.0142995
21 4 38 0.000651505 0.000989554 0.0138113 0.013862
22 4 38 0.000659636 0.000978841 0.0132405 0.013293
23 4 38 0.000667843 0.000971927 0.0125501 0.0126054
24 4 38 0.000674639 0.000961107 0.0117526 0.0118111
25 4 38 0.000681271 0.000939633 0.0108594 0.0109212
26 4 38 0.000685801 0.000918978 0.00988171 0.00994802
27 4 38 0.0006846 0.000891005 0.00883167 0.00890286
28 4 38 0.00067566 0.000849215 0.00771935 0.00779526
29 4 38 0.00065615 0.000797334 0.00655097 0.00663185
30 4 38 0.000628511 0.000733863 0.00532615 0.00541308
31 4 38 0.000597845 0.00066129 0.00404542 0.00414248
32 4 38 0.000567241 0.000571478 0.00267477 0.00279334
33 4 38 0.000580571 0.000465618 0.00101335 0.00125728
34 4 38 0.00074913 0.000374891 -0.00114763 0.00142084
35 4 38 0.00121623 0.000362795 -0.00380902 0.00401491
36 4 38 0.00182922 0.000442459 -0.00777064 0.00799529
37 4 38 0.00114348 0.000239157 -0.00338474 0.00358067
38 4 38 0.000944284 0.000201159 -0.00491634 0.00501024
39 4 38 -0.0024913 0 0 0.0024913
1 5 38 0.00106347 0.000133948 0.000521022 0.0011918
2 5 38 0.00174187 0.000139387 0.00128769 0.00217064
3 5 38 0.00161792 0.000167418 0.00150879 0.00221858
4 5 38 0.00116088 0.000190835 0.00144466 0.00186309
5 5 38 0.000762905 0.000172154 0.00268668 0.0027982
6 5 38 0.000549234 0.000117003 0.00474251 0.00477565
7 5 38 0.000486788 5.70676e-05 0.00688686 0.00690428
8 5 38 0.000503679 -4.92498e-06 0.00887648 0.00889076
9 5 38 0.000533301 -5.8798e-05 0.0106883 0.0107017
10 5 38 0.000560368 -9.53132e-05 0.0123133 0.0123264
11 5 38 0.000579924 -0.000119837 0.0137411 0.0137539
12 5 38 0.000591534 -0.000134298 0.0149672 0.0149795
13 5 38 0.000597933 -0.00013457 0.0159947 0.0160065
14 5 38 0.000604212 -0.000124923 0.0168256 0.0168369
15 5 38 0.000614603 -0.00010342 0.0174605 0.0174717
16 5 38 0.000628262 -7.5469e-05 0.0179019 0.0179131
17 5 38 0.000644096 -4.13251e-05 0.0181546 0.0181661
18 5 38 0.000659905 1.3351e-06 0.0182265 0.0182384
19 5 38 0.000672986 4.61053e-05 0.0181267 0.0181392
20 5 38 0.000683464 9.98921e-05 0.017866 0.0178794
21 5 38 0.000689772 0.000157175 0.017456 0.0174704
22 5 38 0.000692814 0.000213254 0.0169086 0.0169241
23 5 38 0.000693664 0.000278182 0.016235 0.0162522
24 5 38 0.000692308 0.000340413 0.0154461 0.0154653
25 5 38 0.000691099 0.000394876 0.0145507 0.0145725
26 5 38 0.000690592 0.000453561 0.0135562 0.0135813
27 5 38 0.000690366 0.000505083 0.0124695 0.0124988
28 5 38 0.000687869 0.000544005 0.0112986 0.0113326
29 5 38 0.000675211 0.000570782 0.0100498 0.0100886
30 5 38 0.000648018 0.000578528 0.00871833 0.0087615
31 5 38 0.00061191 0.000576368 0.00729578 0.00734404
32 5 38 0.000578771 0.000560362 0.00571305 0.00576957
33 5 38 0.000591588 0.000509101 0.00358781 0.00367172
34 5 38 0.000751305 0.000408083 0.000410406 0.00094838
35 5 38 0.00121907 0.000282191 -0.00379035 0.00399155
36 5 38 0.00187696 0.000161304 -0.00936115 0.00954883
37 5 38 0.00108828 -7.36867e-05 -0.00342121 0.00359089
38 5 38 0.00104573 -9.62033e-05 -0.00505854 0.00516639
39 5 38 -0.00232447 0 0 0.00232447
1 6 38 0.00102426 -3.02988e-05 0.000730967 0.0012587
2 6 38 0.00175961 -0.000168832 0.00169089 0.00244619
3 6 38 0.00166631 -0.000260089 0.00241023 0.00294167
4 6 38 0.00119182 -0.000313612 0.00295921 0.00320557
5 6 38 0.000725273 -0.000393198 0.00460268 0.00467603
6 6 38 0.000442885 -0.000490764 0.00674704 0.00677935
7 6 38 0.000346833 -0.000584733 0.00880078 0.008827
8 6 38 0.000364745 -0.000684856 0.0106501 0.0106784
9 6 38 0.000405459 -0.000769598 0.0123066 0.0123373
10 6 38 0.000439521 -0.000827381 0.0137704 0.0138023
11 6 38 0.000463867 -0.000868763 0.0150429 0.0150751
12 6 38 0.0004852 -0.000896242 0.016131 0.0161632
13 6 38 0.000508818 -0.000904924 0.0170448 0.0170763
14 6 38 0.000536591 -0.000899614 0.0177876 0.0178184
15 6 38 0.000567334 -0.000875747 0.0183622 0.0183918
16 6 38 0.000597097 -0.000839092 0.0187745 0.0188027
17 6 38 0.000624449 -0.000789299 0.0190318 0.0190584
18 6 38 0.000648874 -0.000723264 0.0191429 0.0191676
19 6 38 0.000669876 -0.000650139 0.019116 0.0191388
20 6 38 0.000689008 -0.000562106 0.0189592 0.0189801
21 6 38 0.000705081 -0.000467351 0.0186805 0.0186997
22 6 38 0.00071757 -0.00037131 0.0182883 0.0183061
23 6 38 0.000725908 -0.000263226 0.0177905 0.0178073
24 6 38 0.000728271 -0.000157033 0.0171954 0.0172116
25 6 38 0.000724502 -5.674e-05 0.0165091 0.0165251
26 6 38 0.000715353 4.93461e-05 0.0157346 0.0157509
27 6 38 0.00070334 0.000149838 0.0148728 0.0148901
28 6 38 0.000690817 0.000244727 0.0139257 0.013945
29 6 38 0.000674689 0.000335277 0.0128988 0.0129208
30 6 38 0.000647213 0.00040496 0.0117875 0.0118122
31 6 38 0.000607096 0.000460618 0.0105807 0.0106081
32 6 38 0.000567553 0.000510145 0.00918338 0.00921503
33 6 38 0.000568999 0.000525989 0.00704605 0.00708853
34 6 38 0.000691453 0.000447583 0.0033137 0.00341454
35 6 38 0.00109045 0.000256055 -0.00211153 0.00239023
36 6 38 0.00172784 -1.58177e-06 -0.00896954 0.00913445
37 6 38 0.00100657 -0.000231524 -0.00282601 0.00300884
38 6 38 0.00114721 -0.000246292 -0.00476981 0.00491201
39 6 38 -0.0020017 0 0 0.0020017
1 7 38 0.000915248 -0.00010845 0.000967556 0.00133627
2 7 38 0.0016898 -0.000319682 0.00209953 0.00271397
3 7 38 0.00165586 -0.000473004 0.00333256 0.00375121
4 7 38 0.00121044 -0.000570506 0.00458283 0.0047742
5 7 38 0.000710831 -0.00067833 0.00657918 0.00665214
6 7 38 0.000382179 -0.000784292 0.00863232 0.00867629
7 7 38 0.000264382 -0.00088614 0.0103856 0.0104267
8 7 38 0.000278803 -0.000994621 0.0119018 0.0119466
9 7 38 0.000313569 -0.00107554 0.0132286 0.013276
10 7 38 0.000340318 -0.00112782 0.0143758 0.014424
11 7 38 0.000366685 -0.00117006 0.0153562 0.0154051
12 7 38 0.000399783 -0.00120023 0.016186 0.0162353
13 7 38 0.000437246 -0.00120931 0.0168786 0.0169275
14 7 38 0.000474493 -0.00120255 0.0174406 0.0174885
15 7 38 0.000508784 -0.00117424 0.0178803 0.0179261
16 7 38 0.000538991 -0.00113154 0.0182083 0.0182514
17 7 38 0.000566685 -0.00107432 0.0184337 0.0184737
18 7 38 0.000593541 -0.000998575 0.018565 0.0186013
19 7 38 0.000620219 -0.000915462 0.0186082 0.018641
20 7 38 0.000648303 -0.000815507 0.0185676 0.0185968
21 7 38 0.00067673 -0.000707974 0.018447 0.018473
22 7 38 0.000703968 -0.00059886 0.01825 0.0182734
23 7 38 0.000728835 -0.000476049 0.0179799 0.0180009
24 7 38 0.000748774 -0.000353913 0.0176406 0.0176601
25 7 38 0.000761002 -0.000236579 0.0172351 0.0172535
26 7 38 0.000764121 -0.00011393 0.0167635 0.0167813
27 7 38 0.000758198 9.11893e-07 0.016222 0.0162397
28 7 38 0.000745802 0.000111285 0.0156064 0.0156246
29 7 38 0.000731012 0.000226751 0.014919 0.0149386
30 7 38 0.000711082 0.000327336 0.0141572 0.0141788
31 7 38 0.000680002 0.000407361 0.0133097 0.0133332
32 7 38 0.000643526 0.000478765 0.0122636 0.0122898
33 7 38 0.000632789 0.000525252 0.0103476 0.0103802
34 7 38 0.00070634 0.00046393 0.0064183 0.00647369
35 7 38 0.00100185 0.000243761 0.000188052 0.00104808
36 7 38 0.00155855 -7.61292e-05 -0.00754506 0.00770472
37 7 38 0.000949731 -0.000293743 -0.00190349 0.00214745
38 7 38 0.00124946 -0.000301115 -0.00429473 0.00448292
39 7 38 -0.00163141 0 0 0.00163141
1 8 38 0.000785173 -0.000130137 0.00123312 0.00146765
2 8 38 0.00162016 -0.000374904 0.00251374 0.00301403
3 8 38 0.00165117 -0.000557008 0.00422927 0.0045742
4 8 38 0.0012208 -0.000679606 0.00614675 0.00630355
5 8 38 0.000668277 -0.000797221 0.00844799 0.00851179
6 8 38 0.000274285 -0.0008936 0.0103638 0.0104059
7 8 38 0.000116136 -0.000985189 0.0117817 0.0118234
8 8 38 0.000111097 -0.00107808 0.012938 0.0129834
9 8 38 0.000136468 -0.0011374 0.0139119 0.013959
10 8 38 0.000167327 -0.00117918 0.0147211 0.0147692
11 8 38 0.000208595 -0.0012187 0.0153899 0.0154394
12 8 38 0.000255504 -0.00124283 0.0159415 0.0159919
13 8 38 0.000300808 -0.00124199 0.0163943 0.016444
14 8 38 0.000343456 -0.00122678 0.0167601 0.0168084
15 8 38 0.000385021 -0.00119242 0.0170533 0.0170993
16 8 38 0.000426665 -0.00114648 0.0172879 0.0173311
17 8 38 0.000468664 -0.00108828 0.0174733 0.0175134
18 8 38 0.000510459 -0.00101221 0.0176167 0.0176532
19 8 38 0.000550771 -0.000930678 0.0177223 0.0177553
20 8 38 0.00058947 -0.000832582 0.0177918 0.017821
21 8 38 0.000625579 -0.000726966 0.0178255 0.0178513
22 8 38 0.000657429 -0.000620727 0.0178231 0.017846
23 8 38 0.00068484 -0.000500475 0.0177826 0.0178028
24 8 38 0.000707304 -0.000379091 0.0177029 0.0177211
25 8 38 0.000722912 -0.000260803 0.0175819 0.0175987
26 8 38 0.000731585 -0.00013535 0.0174165 0.0174324
27 8 38 0.000732025 -1.84672e-05 0.0172 0.0172156
28 8 38 0.00072204 8.81505e-05 0.016923 0.0169386
29 8 38 0.000705626 0.00020239 0.0165848 0.016601
30 8 38 0.000685985 0.000312422 0.0161857 0.0162032
31 8 38 0.000659881 0.000401343 0.0157157 0.0157346
32 8 38 0.000627436 0.000472763 0.0150448 0.0150653
33 8 38 0.000608558 0.000526278 0.0134002 0.0134243
34 8 38 0.000647839 0.000478768 0.0093965 0.00943096
35 8 38 0.000870897 0.000252518 0.00255663 0.00271267
36 8 38 0.00137358 -8.61869e-05 -0.00581691 0.00597751
37 8 38 0.000910827 -0.000305949 -0.000836848 0.00127418
38 8 38 0.00137506 -0.000308606 -0.00376299 0.00401822
39 8 38 -0.00124167 0 0 0.00124167
1 9 38 0.000635581 -0.000149812 0.00153123 0.00166465
2 9 38 0.00152689 -0.000412165 0.00294123 0.00333948
3 9 38 0.00159773 -0.000604617 0.00510026 0.00537875
4 9 38 0.00116893 -0.000741483 0.00763644 0.00776089
5 9 38 0.000576967 -0.000860174 0.0102096 0.0102621
6 9 38 0.00014505 -0.000942031 0.0119743 0.0120122
7 9 38 -2.39062e-05 -0.00102111 0.0130519 0.0130918
8 9 38 -1.89131e-05 -0.00109929 0.013844 0.0138876
9 9 38 2.45003e-05 -0.00114603 0.0144608 0.0145062
10 9 38 7.38657e-05 -0.00118455 0.0149307 0.0149778
11 9 38 0.000125176 -0.00121681 0.0152885 0.0153373
12 9 38 0.000173217 -0.00122687 0.0155636 0.0156128
13 9 38 0.000221466 -0.00121378 0.015779 0.0158272
14 9 38 0.000275547 -0.001193 0.015952 0.015999
15 9 38 0.000334687 -0.00115696 0.0161021 0.0161471
16 9 38 0.000395848 -0.00111054 0.0162452 0.0162879
17 9 38 0.000455687 -0.00105236 0.0163906 0.0164307
18 9 38 0.00051256 -0.00097601 0.0165451 0.0165818
19 9 38 0.000565492 -0.000895461 0.0167107 0.0167442
20 9 38 0.000614182 -0.000799259 0.0168867 0.0169167
21 9 38 0.000658591 -0.000695542 0.01707 0.0170968
22 9 38 0.000696609 -0.000592863 0.0172563 0.0172805
23 9 38 0.000727632 -0.000477941 0.0174386 0.0174603
24 9 38 0.000751719 -0.00036159 0.0176104 0.0176302
25 9 38 0.000766535 -0.000249147 0.0177644 0.0177827
26 9 38 0.0007741 -0.000127395 0.0178934 0.0179106
27 9 38 0.000776863 -9.18174e-06 0.0179884 0.0180051
28 9 38 0.000771328 9.39433e-05 0.018035 0.0180517
29 9 38 0.000756624 0.000199608 0.0180277 0.0180446
30 9 38 0.000735192 0.000308695 0.0179689 0.0179866
31 9 38 0.000705828 0.000401612 0.0178537 0.0178722
32 9 38 0.000663148 0.000465791 0.0175391 0.0175578
33 9 38 0.000610934 0.000511043 0.0161667 0.0161863
34 9 38 0.000582432 0.000471972 0.0121475 0.0121706
35 9 38 0.000707751 0.00025003 0.00482621 0.00488423
36 9 38 0.00114643 -8.98546e-05 -0.00400027 0.00416228
37 9 38 0.000841184 -0.000305065 0.000304057 0.000945043
38 9 38 0.00149999 -0.00029815 -0.0032183 0.00356319
39 9 38 -0.000850781 0 0 0.000850781
1 10 38 0.000463847 -0.000164257 0.00186846 0.00193217
2 10 38 0.00141416 -0.000428087 0.00339509 0.00370267
3 10 38 0.00153743 -0.000628069 0.00595458 0.00618185
4 10 38 0.00113986 -0.000785186 0.00905485 0.00916003
5 10 38 0.00053574 -0.000906617 0.0118605 0.0119072
6 10 38 7.56063e-05 -0.000976648 0.0134537 0.0134893
7 10 38 -0.000110075 -0.00104907 0.0141827 0.0142219
8 10 38 -0.00011218 -0.00111881 0.0146079 0.0146511
9 10 38 -7.86037e-05 -0.00115471 0.0148716 0.0149166
10 10 38 -4.56726e-05 -0.00118127 0.0150125 0.015059
11 10 38 -1.13876e-05 -0.00119596 0.0150716 0.015119
12 10 38 3.10912e-05 -0.00119294 0.0150819 0.015129
13 10 38 8.90072e-05 -0.0011762 0.0150705 0.0151166
14 10 38 0.000158303 -0.00115588 0.0150606 0.0151057
15 10 38 0.000228326 -0.00111897 0.0150762 0.0151194
16 10 38 0.000294861 -0.00106921 0.0151347 0.0151753
17 10 38 0.000356802 -0.00100756 0.0152454 0.0152829
18 10 38 0.000415519 -0.000928322 0.0154142 0.0154477
19 10 38 0.000472003 -0.000846612 0.0156411 0.0156711
20 10 38 0.000525742 -0.000751342 0.0159228 0.0159492
21 10 38 0.000577435 -0.000648284 0.0162528 0.016276
22 10 38 0.000624349 -0.000547313 0.0166227 0.0166434
23 10 38 0.000664794 -0.000436421 0.0170206 0.0170392
24 10 38 0.000698726 -0.000323654 0.0174348 0.0174518
25 10 38 0.000721019 -0.000218448 0.0178524 0.0178682
26 10 38 0.000731412 -0.000106887 0.018262 0.018277
27 10 38 0.000736304 8.00131e-06 0.0186529 0.0186674
28 10 38 0.000737495 0.000109401 0.0190076 0.0190223
29 10 38 0.000734194 0.000207386 0.019315 0.0193301
30 10 38 0.000727935 0.000311633 0.0195754 0.0195914
31 10 38 0.000719165 0.000408264 0.0197874 0.0198046
32 10 38 0.000697515 0.000468326 0.0197971 0.0198149
33 10 38 0.000644221 0.000499244 0.0186742 0.018692
34 10 38 0.000569449 0.000458813 0.0146646 0.0146829
35 10 38 0.000601405 0.000237153 0.00695595 0.00698592
36 10 38 0.000957949 -0.000109092 -0.00215774 0.00236335
37 10 38 0.000780547 -0.000317884 0.00147964 0.00170283
38 10 38 0.00162727 -0.000289887 -0.00268398 0.00315211
39 10 38 -0.000475061 0 0 0.000475061
1 11 38 0.000288359 -0.00017263 0.00223636 0.00226147
2 11 38 0.00131064 -0.000437748 0.00385821 0.00409819
3 11 38 0.00149064 -0.000655576 0.00676498 0.00695821
4 11 38 0.0011104 -0.000832559 0.0103682 0.0104606
5 11 38 0.000465217 -0.000945099 0.0133678 0.0134093
6 11 38 -4.87892e-05 -0.000997962 0.0147813 0.014815
7 11 38 -0.000264074 -0.00106309 0.0151722 0.0152117
8 11 38 -0.000277008 -0.00112014 0.015248 0.0152916
9 11 38 -0.000249336 -0.00113696 0.0151795 0.0152241
10 11 38 -0.000215347 -0.00114714 0.0150121 0.0150574
11 11 38 -0.000164989 -0.0011522 0.0147898 0.0148355
12 11 38 -9.38007e-05 -0.00114981 0.0145498 0.0145955
13 11 38 -9.71302e-06 -0.0011347 0.0143258 0.0143706
14 11 38 7.25619e-05 -0.00110991 0.0141465 0.0141901
15 11 38 0.000146048 -0.00106518 0.01404 0.0140811
16 11 38 0.000215652 -0.00100775 0.0140236 0.0140614
17 11 38 0.000283857 -0.000942067 0.0141063 0.0141406
18 11 38 0.000351808 -0.000862184 0.0142928 0.0143231
19 11 38 0.000418975 -0.00078213 0.0145815 0.0146084
20 11 38 0.000482223 -0.000691555 0.0149669 0.0149907
21 11 38 0.000542173 -0.000592397 0.0154395 0.0154604
22 11 38 0.000596041 -0.000494914 0.015987 0.0160057
23 11 38 0.000641867 -0.000389378 0.0165928 0.0166097
24 11 38 0.000681838 -0.000278568 0.0172394 0.0172552
25 11 38 0.000710481 -0.000176866 0.017908 0.017923
26 11 38 0.000721865 -7.71449e-05 0.0185816 0.0185958
27 11 38 0.000719722 2.72655e-05 0.0192464 0.0192598
28 11 38 0.000709466 0.000122564 0.0198834 0.0198965
29 11 38 0.00069311 0.000211342 0.0204786 0.0204914
30 11 38 0.00067393 0.000306067 0.0210291 0.0210422
31 11 38 0.000657741 0.000403455 0.0215356 0.0215494
32 11 38 0.000637932 0.000465615 0.021836 0.0218503
33 11 38 0.000582259 0.000489008 0.0209397 0.0209535
34 11 38 0.000481395 0.000451655 0.0169584 0.0169712
35 11 38 0.000460402 0.000239641 0.00894025 0.0089553
36 11 38 0.000776028 -0.000114278 -0.000320497 0.000847347
37 11 38 0.000738838 -0.0003297 0.00266902 0.00278896
38 11 38 0.00177312 -0.000284681 -0.00216791 0.00281511
39 11 38 -0.00011208 0 0 0.00011208
1 12 38 0.00011898 -0.000185314 0.00262679 0.002636
2 12 38 0.00121205 -0.000452897 0.00431966 0.00450928
3 12 38 0.00143091 -0.000682059 0.00752606 0.00769118
4 12 38 0.00105023 -0.000859468 0.01158 0.0116592
5 12 38 0.000369522 -0.000951973 0.0147461 0.0147814
6 12 38 -0.000167223 -0.000993943 0.0159816 0.0160134
7 12 38 -0.000375529 -0.00105815 0.01605 0.0160892
8 12 38 -0.000372997 -0.00110238 0.0157933 0.0158361
9 12 38 -0.000333456 -0.00110283 0.015409 0.015452
10 12 38 -0.000285273 -0.0011081 0.0149481 0.0149919
11 12 38 -0.000218039 -0.00111504 0.0144597 0.0145043
12 12 38 -0.000138875 -0.00111142 0.0139875 0.0140322
13 12 38 -6.21827e-05 -0.00108532 0.0135706 0.013614
14 12 38 7.73537e-06 -0.00104586 0.0132416 0.0132829
15 12 38 7.65992e-05 -0.000991622 0.0130305 0.0130684
16 12 38 0.000151443 -0.000929471 0.0129534 0.0129876
17 12 38 0.000229424 -0.000863604 0.0130195 0.0130502
18 12 38 0.000307591 -0.000786323 0.0132328 0.0132597
19 12 38 0.00038411 -0.0007092 0.0135897 0.0136136
20 12 38 0.000454466 -0.000624503 0.0140826 0.0141037
21 12 38 0.000520105 -0.000530324 0.0146978 0.0147165
22 12 38 0.000579135 -0.000436535 0.0154189 0.015436
23 12 38 0.00062871 -0.00033807 0.016225 0.0162407
24 12 38 0.000673548 -0.000230027 0.017093 0.0171078
25 12 38 0.000712888 -0.00012655 0.0179977 0.0180122
26 12 38 0.000738518 -3.21168e-05 0.0189163 0.0189307
27 12 38 0.000747801 6.22119e-05 0.0198308 0.019845
28 12 38 0.00074457 0.000148868 0.0207189 0.0207328
29 12 38 0.000730439 0.000226608 0.0215641 0.0215777
30 12 38 0.000706359 0.000305732 0.0223609 0.0223741
31 12 38 0.000677827 0.00039265 0.0231113 0.0231246
32 12 38 0.000640063 0.000449112 0.0236503 0.0236632
33 12 38 0.000551348 0.000458899 0.0229429 0.0229541
34 12 38 0.000390391 0.00041849 0.0189978 0.0190064
35 12 38 0.000295455 0.000227455 0.0107391 0.0107456
36 12 38 0.000574176 -0.000112819 0.00145192 0.0015654
37 12 38 0.000688064 -0.000330212 0.0038324 0.00390765
38 12 38 0.00192698 -0.000275532 -0.0016812 0.00257208
39 12 38 0.000236536 0 0 0.000236536
1 13 38 -4.04263e-05 -0.000203214 0.00303473 0.0030418
2 13 38 0.00111452 -0.000466084 0.00477697 0.00492735
3 13 38 0.00136066 -0.000693794 0.00823887 0.00837924
4 13 38 0.000983834 -0.000863733 0.0126861 0.0127535
5 13 38 0.00028779 -0.000946962 0.0159828 0.0160134
6 13 38 -0.000257348 -0.000993374 0.0170364 0.0170673
7 13 38 -0.000467525 -0.00105793 0.0167958 0.0168356
8 13 38 -0.000475565 -0.00108496 0.0162269 0.0162701
9 13 38 -0.00045112 -0.00107134 0.015551 0.0155944
10 13 38 -0.000412698 -0.0010749 0.0148232 0.0148679
11 13 38 -0.000354418 -0.00107585 0.0140972 0.0141426
12 13 38 -0.000289082 -0.00105593 0.0134214 0.013466
13 13 38 -0.00022322 -0.00101275 0.0128379 0.0128797
14 13 38 -0.000150353 -0.000964215 0.0123825 0.0124209
15 13 38 -6.85406e-05 -0.000908536 0.0120864 0.0121207
16 13 38 1.93074e-05 -0.000845857 0.0119657 0.0119956
17 13 38 0.00010626 -0.000780497 0.0120299 0.0120557
18 13 38 0.000190357 -0.000705251 0.0122825 0.0123042
19 13 38 0.000271881 -0.000629134 0.0127174 0.0127359
20 13 38 0.000346082 -0.000549109 0.0133237 0.0133395
21 13 38 0.000414606 -0.000460028 0.0140832 0.0140968
22 13 38 0.000476669 -0.000369379 0.014975 0.0149871
23 13 38 0.000526917 -0.000279891 0.0159734 0.0159845
24 13 38 0.000568227 -0.000181004 0.0170511 0.0170615
25 13 38 0.000605628 -7.88924e-05 0.0181761 0.0181864
26 13 38 0.000635408 1.41399e-05 0.0193199 0.0193304
27 13 38 0.000652242 0.000102539 0.0204611 0.0204718
28 13 38 0.000658832 0.000182677 0.0215737 0.0215845
29 13 38 0.000658127 0.00025309 0.0226382 0.0226491
30 13 38 0.000650499 0.000320187 0.0236449 0.023656
31 13 38 0.0006391 0.00039566 0.0245926 0.0246041
32 13 38 0.00061594 0.00044522 0.025312 0.0253234
33 13 38 0.000524004 0.000437964 0.0247367 0.0247461
34 13 38 0.000319873 0.000378666 0.0208051 0.020811
35 13 38 0.000148482 0.000197292 0.0123412 0.0123437
36 13 38 0.000377338 -0.000118778 0.00310612 0.00313121
37 13 38 0.000625563 -0.000326522 0.00492625 0.00497653
38 13 38 0.00207805 -0.000263581 -0.0012364 0.00243238
39 13 38 0.000566431 0 0 0.000566431
1 14 38 -0.000186084 -0.000222664 0.00345469 0.00346685
2 14 38 0.00102388 -0.000473157 0.00522364 0.00534402
3 14 38 0.00129521 -0.000695496 0.00889049 0.00901122
4 14 38 0.000926292 -0.000862459 0.0136639 0.0137224
5 14 38 0.000216164 -0.000946882 0.0170565 0.0170841
6 14 38 -0.000347061 -0.000996881 0.0179374 0.0179685
7 14 38 -0.000573456 -0.00104888 0.0174204 0.0174614
8 14 38 -0.000595293 -0.00105241 0.0165774 0.0166214
9 14 38 -0.000572439 -0.00102749 0.0156473 0.0156914
10 14 38 -0.000523541 -0.00102776 0.0146872 0.0147324
11 14 38 -0.00045397 -0.00101573 0.0137549 0.0137999
12 14 38 -0.000377458 -0.000980598 0.0129028 0.0129455
13 14 38 -0.000294229 -0.000932489 0.0121764 0.0122156
14 14 38 -0.000200753 -0.000883625 0.0116159 0.0116511
15 14 38 -0.000105066 -0.000826347 0.0112538 0.0112846
16 14 38 -1.03408e-05 -0.000759867 0.0111056 0.0111316
17 14 38 8.24233e-05 -0.000692372 0.0111819 0.0112036
18 14 38 0.000172748 -0.000618018 0.0114847 0.0115026
19 14 38 0.000260767 -0.000541316 0.0120048 0.0120198
20 14 38 0.00034051 -0.000464499 0.0127277 0.0127408
21 14 38 0.000412505 -0.000380841 0.0136304 0.0136419
22 14 38 0.000478531 -0.000291881 0.0146863 0.014697
23 14 38 0.000533039 -0.000208475 0.015865 0.0158753
24 14 38 0.000572778 -0.000121892 0.0171356 0.0171456
25 14 38 0.000602735 -2.86082e-05 0.0184607 0.0184706
26 14 38 0.000624797 5.9447e-05 0.0198036 0.0198136
27 14 38 0.000633661 0.000141195 0.0211388 0.0211488
28 14 38 0.000629864 0.00021322 0.0224372 0.0224471
29 14 38 0.000616743 0.000275631 0.0236782 0.0236878
30 14 38 0.00059703 0.00033263 0.0248509 0.0248603
31 14 38 0.000577226 0.000398425 0.0259506 0.02596
32 14 38 0.00055293 0.000446342 0.0268023 0.0268117
33 14 38 0.000459673 0.000433303 0.0263151 0.0263227
34 14 38 0.000231898 0.000356213 0.0223804 0.0223845
35 14 38 6.70609e-06 0.000172299 0.0137408 0.0137419
36 14 38 0.000194805 -0.00012548 0.00460156 0.00460739
37 14 38 0.000559499 -0.000323489 0.00591531 0.00595051
38 14 38 0.00222322 -0.000253739 -0.000844181 0.0023916
39 14 38 0.000874157 0 0 0.000874157
1 15 38 -0.000314973 -0.000242923 0.0038803 0.00390064
2 15 38 0.000943326 -0.000478297 0.00565008 0.00574822
3 15 38 0.00123446 -0.000696701 0.00946777 0.00957329
4 15 38 0.000866677 -0.000862733 0.0145042 0.0145557
5 15 38 0.000137045 -0.000947582 0.0179727 0.0179982
6 15 38 -0.000444871 -0.000992026 0.0187053 0.0187369
7 15 38 -0.00067922 -0.00102429 0.017951 0.017993
8 15 38 -0.000698002 -0.0010103 0.0168699 0.0169145
9 15 38 -0.000661538 -0.000982098 0.0157158 0.0157603
10 15 38 -0.000599313 -0.000978435 0.0145504 0.0145956
11 15 38 -0.000525488 -0.000953352 0.0134382 0.0134822
12 15 38 -0.000448178 -0.000910208 0.0124362 0.0124775
13 15 38 -0.000364399 -0.000861515 0.0115942 0.0116318
14 15 38 -0.000274756 -0.000806478 0.0109547 0.0109878
15 15 38 -0.00018619 -0.000741977 0.0105494 0.0105771
16 15 38 -9.44569e-05 -0.000672048 0.0103933 0.0104154
17 15 38 1.75431e-07 -0.000603365 0.0104983 0.0105156
18 15 38 9.19055e-05 -0.000530149 0.0108641 0.0108774
19 15 38 0.000181042 -0.000451815 0.0114778 0.0114882
20 15 38 0.000263335 -0.000375905 0.0123218 0.0123303
21 15 38 0.000337088 -0.00029831 0.0133681 0.0133757
22 15 38 0.000405771 -0.000212213 0.0145845 0.0145917
23 15 38 0.000468483 -0.000130539 0.0159333 0.0159408
24 15 38 0.000518062 -5.20996e-05 0.0173801 0.0173879
25 15 38 0.00055404 3.03648e-05 0.0188849 0.0188931
26 15 38 0.000580733 0.000110232 0.0204038 0.0204123
27 15 38 0.000595196 0.000184161 0.0219048 0.0219137
28 15 38 0.000596251 0.000246981 0.0233543 0.0233632
29 15 38 0.000583767 0.000299087 0.0247287 0.0247374
30 15 38 0.000557929 0.000343178 0.026018 0.0260262
31 15 38 0.000525217 0.000393822 0.0272162 0.0272242
32 15 38 0.000484959 0.000434961 0.0281458 0.0281533
33 15 38 0.00037441 0.000422041 0.0277006 0.0277064
34 15 38 0.000120883 0.000337898 0.0237446 0.0237473
35 15 38 -0.000142249 0.000152992 0.0149522 0.0149536
36 15 38 2.38319e-05 -0.000129396 0.00591728 0.00591874
37 15 38 0.000492925 -0.000321577 0.00677831 0.00680381
38 15 38 0.00235917 -0.000248176 -0.000511509 0.00242671
39 15 38 0.00115593 0 0 0.00115593
1 16 38 -0.000423096 -0.00026403 0.00430347 0.00433227
2 16 38 0.000877243 -0.000484563 0.00604521 0.00612772
3 16 38 0.00118002 -0.000699398 0.00996171 0.0100557
4 16 38 0.00080681 -0.000861889 0.0152063 0.0152521
5 16 38 6.05733e-05 -0.000943482 0.0187377 0.0187616
6 16 38 -0.000530682 -0.000978092 0.0193453 0.0193772
7 16 38 -0.000763598 -0.000993072 0.0183873 0.0184299
8 16 38 -0.00077568 -0.000970428 0.0171003 0.0171454
9 16 38 -0.000732386 -0.0009407 0.0157543 0.0157993
10 16 38 -0.000671084 -0.000927501 0.0144176 0.014463
11 16 38 -0.000604758 -0.000888575 0.0131611 0.0132049
12 16 38 -0.000532224 -0.000838724 0.0120447 0.0120856
13 16 38 -0.00045058 -0.000785185 0.01112 0.0111568
14 16 38 -0.000361986 -0.000720326 0.0104296 0.0104607
15 16 38 -0.000269412 -0.000652867 0.010004 0.0100289
16 16 38 -0.000169854 -0.000584123 0.00986026 0.00987901
17 16 38 -6.98104e-05 -0.000512955 0.0100094 0.0100228
18 16 38 2.38301e-05 -0.000439865 0.0104474 0.0104567
19 16 38 0.000116188 -0.00036099 0.0111582 0.0111647
20 16 38 0.000205088 -0.000284769 0.012121 0.0121261
21 16 38 0.000283247 -0.000213509 0.0133046 0.0133093
22 16 38 0.000350067 -0.000135277 0.0146734 0.0146782
23 16 38 0.00041034 -5.70742e-05 0.0161816 0.0161869
24 16 38 0.000460551 1.68466e-05 0.017787 0.017793
25 16 38 0.000496377 9.05672e-05 0.0194478 0.0194544
26 16 38 0.000521061 0.000161631 0.0211156 0.0211226
27 16 38 0.000534604 0.000227594 0.0227529 0.0227603
28 16 38 0.000538074 0.000282921 0.0243207 0.0243283
29 16 38 0.000530471 0.00032702 0.0257905 0.025798
30 16 38 0.000508728 0.000360368 0.0271505 0.0271577
31 16 38 0.000474976 0.000394544 0.028394 0.0284008
32 16 38 0.000424973 0.000421473 0.0293423 0.0293484
33 16 38 0.000294287 0.000404809 0.0288846 0.0288889
34 16 38 9.99259e-06 0.000318696 0.0248794 0.0248814
35 16 38 -0.00028866 0.00013835 0.0159519 0.0159551
36 16 38 -0.00013657 -0.000125516 0.00701135 0.0070138
37 16 38 0.000421035 -0.000314035 0.00748971 0.0075081
38 16 38 0.00247907 -0.000243423 -0.000246708 0.00250318
39 16 38 0.00140876 0 0 0.00140876
1 17 38 -0.000506754 -0.000287108 0.00471666 0.00475249
2 17 38 0.000828466 -0.000493945 0.00640132 0.00647358
3 17 38 0.00113281 -0.000703645 0.0103704 0.0104558
4 17 38 0.000750852 -0.000859003 0.0157738 0.015815
5 17 38 -4.93571e-06 -0.000935197 0.0193547 0.0193773
6 17 38 -0.000598263 -0.000959487 0.0198579 0.0198901
7 17 38 -0.000828186 -0.000960645 0.0187314 0.0187743
8 17 38 -0.000837298 -0.000932719 0.0172775 0.0173229
9 17 38 -0.000793368 -0.000897328 0.0157805 0.0158259
10 17 38 -0.000736002 -0.000869639 0.014314 0.0143592
11 17 38 -0.000673279 -0.000818783 0.0129528 0.0129961
12 17 38 -0.000598291 -0.000763303 0.0117572 0.0117972
13 17 38 -0.000512 -0.000704371 0.0107796 0.0108147
14 17 38 -0.000417137 -0.00063402 0.0100626 0.0100912
15 17 38 -0.000315322 -0.000567362 0.00963818 0.00966001
16 17 38 -0.000209123 -0.000496883 0.00952393 0.00953918
17 17 38 -0.000104835 -0.000419609 0.00972775 0.00973736
18 17 38 -4.28002e-06 -0.000348798 0.0102424 0.0102484
19 17 38 9.52213e-05 -0.000274348 0.0110505 0.0110543
20 17 38 0.00018878 -0.000197471 0.0121274 0.0121304
21 17 38 0.000268952 -0.000127774 0.0134368 0.0134401
22 17 38 0.000331555 -5.73505e-05 0.0149421 0.0149458
23 17 38 0.000382616 1.3942e-05 0.0165931 0.0165975
24 17 38 0.000425049 8.29442e-05 0.0183382 0.0183433
25 17 38 0.000455706 0.000149314 0.0201309 0.0201366
26 17 38 0.000475608 0.000211466 0.0219185 0.0219247
27 17 38 0.000484177 0.000267927 0.0236592 0.0236657
28 17 38 0.000483501 0.000315181 0.0253102 0.0253168
29 17 38 0.000473518 0.000352232 0.0268381 0.0268446
30 17 38 0.000451029 0.000377993 0.0282288 0.0282349
31 17 38 0.000415996 0.000399605 0.0294735 0.0294791
32 17 38 0.000359596 0.000410991 0.0303907 0.0303956
33 17 38 0.000212101 0.000386835 0.0298692 0.0298724
34 17 38 -0.000100727 0.000300046 0.0257801 0.0257821
35 17 38 -0.000431116 0.000128304 0.0167251 0.0167311
36 17 38 -0.000288224 -0.000112922 0.00785292 0.00785902
37 17 38 0.000340491 -0.000298094 0.00803761 0.00805034
38 17 38 0.00257995 -0.000237385 -5.14777e-05 0.00259136
39 17 38 0.00163299 0 0 0.00163299
1 18 38 -0.000565115 -0.000312705 0.00511332 0.00515394
2 18 38 0.000794203 -0.000506197 0.00671259 0.00677833
3 18 38 0.00108727 -0.000708479 0.0106913 0.0107698
4 18 38 0.000694054 -0.000854242 0.0162041 0.0162414
5 18 38 -6.60372e-05 -0.00092404 0.0198186 0.0198402
6 18 38 -0.00065978 -0.000938256 0.0202404 0.0202729
7 18 38 -0.000889948 -0.00092764 0.0189875 0.019031
8 18 38 -0.000900379 -0.000895007 0.0174126 0.0174588
9 18 38 -0.000858396 -0.000850579 0.0158087 0.0158548
10 18 38 -0.000804313 -0.000807664 0.0142529 0.0142984
11 18 38 -0.000743032 -0.000748699 0.0128235 0.0128668
12 18 38 -0.000665811 -0.000688533 0.0115807 0.0116202
13 18 38 -0.000577786 -0.000625591 0.0105778 0.010612
14 18 38 -0.000481204 -0.000553244 0.00985828 0.00988551
15 18 38 -0.000376988 -0.0004852 0.00945485 0.0094748
16 18 38 -0.000270581 -0.000410805 0.00938339 0.00939627
17 18 38 -0.000163201 -0.000331394 0.0096485 0.00965557
18 18 38 -5.54446e-05 -0.000264683 0.0102431 0.0102466
19 18 38 4.4178e-05 -0.000193418 0.0111493 0.011151
20 18 38 0.000130595 -0.000114551 0.012338 0.0123392
21 18 38 0.000208371 -4.19637e-05 0.0137648 0.0137665
22 18 38 0.000273753 2.43391e-05 0.0153889 0.0153914
23 18 38 0.000325264 8.71859e-05 0.01716 0.0171633
24 18 38 0.000364949 0.000148044 0.0190208 0.0190249
25 18 38 0.000392087 0.000205295 0.0209196 0.0209243
26 18 38 0.000408635 0.000257628 0.0227992 0.0228044
27 18 38 0.000414049 0.000303312 0.0246133 0.0246187
28 18 38 0.000410148 0.000341533 0.0263165 0.0263219
29 18 38 0.000397395 0.000371084 0.0278709 0.0278762
30 18 38 0.000373241 0.000390224 0.0292592 0.0292642
31 18 38 0.000336656 0.000402466 0.0304708 0.0304753
32 18 38 0.000276031 0.000399186 0.0313194 0.0313231
33 18 38 0.000117265 0.000365466 0.0306906 0.030693
34 18 38 -0.000215356 0.000278436 0.0264759 0.0264782
35 18 38 -0.000567007 0.000117686 0.017281 0.0172907
36 18 38 -0.000426944 -9.81031e-05 0.00842959 0.00844097
37 18 38 0.000252706 -0.000277981 0.00842073 0.0084291
38 18 38 0.00265918 -0.000230553 7.52182e-05 0.00267021
39 18 38 0.00182581 0 0 0.00182581
1 19 38 -0.000595226 -0.000338882 0.00548667 0.00552926
2 19 38 0.000779265 -0.000518147 0.00697319 0.0070357
3 19 38 0.00105325 -0.00071203 0.0109204 0.0109941
4 19 38 0.000652119 -0.000848101 0.0164922 0.0165269
5 19 38 -0.00010469 -0.000910903 0.0201256 0.0201465
6 19 38 -0.000696036 -0.000914604 0.0204939 0.0205261
7 19 38 -0.000926976 -0.0008928 0.019162 0.0192051
8 19 38 -0.000938931 -0.000855178 0.0175146 0.0175606
9 19 38 -0.000897344 -0.000800032 0.0158488 0.0158943
10 19 38 -0.000843151 -0.000742754 0.0142442 0.0142885
11 19 38 -0.000780256 -0.000678392 0.0127828 0.0128245
12 19 38 -0.000699654 -0.000613372 0.0115247 0.0115622
13 19 38 -0.000609221 -0.000547196 0.0105241 0.010556
14 19 38 -0.000511186 -0.000474195 0.00982524 0.00984995
15 19 38 -0.000405992 -0.000402996 0.00946004 0.00947732
16 19 38 -0.000300141 -0.000328422 0.00944192 0.0094524
17 19 38 -0.000192646 -0.000252584 0.00977426 0.00977942
18 19 38 -8.49676e-05 -0.000183672 0.0104494 0.0104514
19 19 38 1.05323e-05 -0.000108382 0.0114455 0.011446
20 19 38 9.25553e-05 -3.20973e-05 0.0127322 0.0127326
21 19 38 0.000171912 3.77139e-05 0.0142612 0.0142623
22 19 38 0.000242846 0.00010063 0.0159847 0.0159869
23 19 38 0.00029778 0.00015748 0.0178506 0.0178538
24 19 38 0.000336425 0.000211096 0.0197981 0.019802
25 19 38 0.00035905 0.000259137 0.0217712 0.0217757
26 19 38 0.000369273 0.000301456 0.0237085 0.0237133
27 19 38 0.000367593 0.000336043 0.0255598 0.0255647
28 19 38 0.000355662 0.000364932 0.0272785 0.0272833
29 19 38 0.000335079 0.000386675 0.0288234 0.0288279
30 19 38 0.000304822 0.00039957 0.0301744 0.0301786
31 19 38 0.000263082 0.000404568 0.0313213 0.031325
32 19 38 0.000196872 0.000388022 0.0320738 0.0320768
33 19 38 2.9459e-05 0.000344302 0.0313099 0.0313118
34 19 38 -0.000316429 0.000257977 0.0269392 0.0269423
35 19 38 -0.0006811 0.000109452 0.0175926 0.0176062
36 19 38 -0.000541908 -8.10941e-05 0.00871459 0.0087318
37 19 38 0.000162366 -0.000254455 0.00863076 0.00863604
38 19 38 0.00271515 -0.000221594 0.000130427 0.00272729
39 19 38 0.00198387 0 0 0.00198387
1 20 38 -0.000596816 -0.000365628 0.00583085 0.00587271
2 20 38 0.00078133 -0.000529982 0.00717786 0.00723968
3 20 38 0.00102543 -0.000716822 0.0110531 0.0111237
4 20 38 0.000614033 -0.000844801 0.0166356 0.0166683
5 20 38 -0.000138691 -0.000899201 0.0202775 0.0202979
6 20 38 -0.000729383 -0.000890523 0.0206241 0.0206562
7 20 38 -0.000964792 -0.000857196 0.0192615 0.0193047
8 20 38 -0.00098225 -0.000814791 0.0175895 0.0176357
9 20 38 -0.000944112 -0.00074924 0.0159058 0.0159514
10 20 38 -0.000891271 -0.000679047 0.0142926 0.0143365
11 20 38 -0.000828558 -0.000611064 0.0128347 0.0128759
12 20 38 -0.000747611 -0.000541033 0.0115919 0.0116286
13 20 38 -0.000657031 -0.000471357 0.0106193 0.01065
14 20 38 -0.000559725 -0.000397576 0.00996097 0.0099846
15 20 38 -0.000455173 -0.000322204 0.00964736 0.00966346
16 20 38 -0.000349354 -0.000248907 0.00969026 0.00969975
17 20 38 -0.000244029 -0.000177009 0.0100936 0.0100981
18 20 38 -0.000141069 -0.000102022 0.0108474 0.0108488
19 20 38 -4.60063e-05 -2.38885e-05 0.0119216 0.0119217
20 20 38 4.01851e-05 4.2245e-05 0.0132871 0.0132872
21 20 38 0.000118206 0.000104824 0.0148981 0.014899
22 20 38 0.000180607 0.000165377 0.0167005 0.0167023
23 20 38 0.000227575 0.00021929 0.0186377 0.0186404
24 20 38 0.000262587 0.000268256 0.0206455 0.0206489
25 20 38 0.000284605 0.000308427 0.0226648 0.0226686
26 20 38 0.000295259 0.00034136 0.0246306 0.0246348
27 20 38 0.000293363 0.000365096 0.0264896 0.0264937
28 20 38 0.000278487 0.000384104 0.0281953 0.0281992
29 20 38 0.000252895 0.000397026 0.0297036 0.0297073
30 20 38 0.000217488 0.000403294 0.0309912 0.0309946
31 20 38 0.000170088 0.000401895 0.0320488 0.0320518
32 20 38 9.80032e-05 0.000373678 0.0326834 0.0326857
33 20 38 -7.56839e-05 0.000322327 0.0317614 0.0317631
34 20 38 -0.00042758 0.000240735 0.0272029 0.0272073
35 20 38 -0.00079253 0.000107012 0.0176798 0.0176979
36 20 38 -0.000644224 -6.0146e-05 0.00872106 0.00874503
37 20 38 6.68719e-05 -0.000227583 0.00868121 0.00868445
38 20 38 0.00274766 -0.000209664 0.000119491 0.00275824
39 20 38 0.00210625 0 0 0.00210625
1 21 38 -0.00057045 -0.000391111 0.00613926 0.0061781
2 21 38 0.00079935 -0.000538833 0.00731898 0.00738219
3 21 38 0.00100458 -0.000720314 0.0110807 0.0111494
4 21 38 0.000581803 -0.000842411 0.0166271 0.0166586
5 21 38 -0.000162997 -0.000886775 0.020272 0.0202921
6 21 38 -0.000748697 -0.000863124 0.0206323 0.0206639
7 21 38 -0.00098629 -0.000817455 0.0192887 0.0193312
8 21 38 -0.00100957 -0.00077138 0.0176407 0.0176864
9 21 38 -0.000976154 -0.000697761 0.0159849 0.0160299
10 21 38 -0.000924618 -0.000616384 0.0144049 0.0144477
11 21 38 -0.000862041 -0.000545914 0.0129865 0.0130265
12 21 38 -0.000782439 -0.000471649 0.0117888 0.0118241
13 21 38 -0.000693486 -0.000398103 0.0108681 0.0108975
14 21 38 -0.00059949 -0.000323991 0.010268 0.0102906
15 21 38 -0.000499479 -0.00024601 0.0100159 0.0100313
16 21 38 -0.00039614 -0.000172745 0.0101222 0.0101315
17 21 38 -0.00029452 -0.000102451 0.0105917 0.0105963
18 21 38 -0.000198628 -2.56316e-05 0.0114144 0.0114162
19 21 38 -0.000106177 4.95532e-05 0.0125554 0.012556
20 21 38 -1.86205e-05 0.000109758 0.0139837 0.0139841
21 21 38 5.52826e-05 0.000172731 0.0156531 0.0156542
22 21 38 0.000111462 0.000231169 0.0175049 0.0175068
23 21 38 0.00015745 0.000278032 0.01948 0.0194827
24 21 38 0.0001941 0.000319209 0.0215124 0.0215156
25 21 38 0.000216338 0.000350434 0.0235419 0.0235455
26 21 38 0.000225239 0.000374906 0.0255015 0.0255052
27 21 38 0.000219934 0.000389934 0.0273346 0.0273383
28 21 38 0.000199249 0.00040036 0.028996 0.0289995
29 21 38 0.000166653 0.000404753 0.0304405 0.0304437
30 21 38 0.000125198 0.00040432 0.031642 0.0316448
31 21 38 7.2967e-05 0.000395543 0.032592 0.0325944
32 21 38 -2.03815e-06 0.000355255 0.0330951 0.033097
33 21 38 -0.000178106 0.000298109 0.0320031 0.032005
34 21 38 -0.000531698 0.000224368 0.0272383 0.0272444
35 21 38 -0.000889967 0.000106562 0.0175231 0.017546
36 21 38 -0.000727436 -3.99348e-05 0.00844909 0.00848044
37 21 38 -2.86747e-05 -0.000201417 0.00858043 0.00858284
38 21 38 0.00275799 -0.00019604 4.65548e-05 0.00276534
39 21 38 0.00218944 0 0 0.00218944
1 22 38 -0.000514988 -0.000414476 0.00640648 0.0064405
2 22 38 0.000836064 -0.000544081 0.00739155 0.00745856
3 22 38 0.000996469 -0.000722301 0.0109976 0.0110663
4 22 38 0.000561049 -0.000842346 0.0164638 0.0164949
5 22 38 -0.000172998 -0.00087713 0.0201105 0.0201303
6 22 38 -0.000748796 -0.000836298 0.020521 0.0205517
7 22 38 -0.000985028 -0.000776003 0.0192453 0.0192861
8 22 38 -0.00101431 -0.000726325 0.0176689 0.0177129
9 22 38 -0.000988828 -0.00064753 0.016086 0.0161293
10 22 38 -0.000940936 -0.000556127 0.0145803 0.0146212
11 22 38 -0.00087884 -0.00048262 0.0132362 0.0132741
12 22 38 -0.00080085 -0.000404739 0.0121113 0.0121445
13 22 38 -0.000712666 -0.00032576 0.0112637 0.0112909
14 22 38 -0.000620108 -0.000250189 0.0107362 0.010757
15 22 38 -0.000525291 -0.000172634 0.010554 0.0105685
16 22 38 -0.000427757 -9.91712e-05 0.0107265 0.0107355
17 22 38 -0.00033142 -2.82933e-05 0.0112557 0.0112606
18 22 38 -0.000242267 4.49096e-05 0.0121323 0.0121348
19 22 38 -0.000156755 0.000113312 0.0133234 0.0133248
20 22 38 -7.57122e-05 0.000173244 0.0147945 0.0147957
21 22 38 -5.77399e-06 0.00023807 0.0164947 0.0164965
22 22 38 5.39887e-05 0.000288244 0.0183647 0.0183671
23 22 38 0.000106227 0.000324532 0.0203457 0.0203486
24 22 38 0.000142966 0.000358525 0.0223701 0.0223735
25 22 38 0.00015989 0.000382489 0.0243779 0.0243815
26 22 38 0.000162123 0.0004006 0.0263003 0.0263038
27 22 38 0.000150413 0.000409121 0.0280788 0.0280822
28 22 38 0.000123107 0.000411793 0.02967 0.0296731
29 22 38 8.41376e-05 0.000407793 0.0310292 0.031032
30 22 38 3.78493e-05 0.000400508 0.0321282 0.0321307
31 22 38 -1.71511e-05 0.00038304 0.0329583 0.0329605
32 22 38 -9.28498e-05 0.000331805 0.0333213 0.033323
33 22 38 -0.000270757 0.00027375 0.0320525 0.0320548
34 22 38 -0.000625569 0.000211745 0.0270674 0.0270754
35 22 38 -0.000971957 0.000109613 0.0171422 0.01717
36 22 38 -0.000789301 -1.94494e-05 0.00792851 0.00796772
37 22 38 -0.000118596 -0.000174749 0.00834994 0.00835261
38 22 38 0.00275081 -0.000179343 -7.94817e-05 0.00275779
39 22 38 0.00223356 0 0 0.00223356
1 23 38 -0.000432236 -0.000436549 0.00662672 0.00665514
2 23 38 0.000886551 -0.000546738 0.00738995 0.007463
3 23 38 0.00099477 -0.00072167 0.0107982 0.0108679
4 23 38 0.000542045 -0.000842815 0.0161421 0.0161732
5 23 38 -0.000183915 -0.000871049 0.0197935 0.0198135
6 23 38 -0.000749455 -0.000813029 0.0202944 0.0203245
7 23 38 -0.000981998 -0.000734982 0.0191374 0.0191767
8 23 38 -0.00101644 -0.000679869 0.0176802 0.0177224
9 23 38 -0.00100302 -0.000599308 0.016213 0.016255
10 23 38 -0.000965809 -0.000500414 0.0148206 0.0148605
11 23 38 -0.000910223 -0.000423548 0.0135845 0.0136216
12 23 38 -0.000839336 -0.000344286 0.0125589 0.0125916
13 23 38 -0.000756109 -0.000259697 0.0118029 0.01183
14 23 38 -0.000664409 -0.000179302 0.0113586 0.0113794
15 23 38 -0.000571145 -0.000102534 0.0112492 0.0112642
16 23 38 -0.000478117 -2.94238e-05 0.0114865 0.0114965
17 23 38 -0.000386506 4.32896e-05 0.0120687 0.012075
18 23 38 -0.000300291 0.000112108 0.0129839 0.0129878
19 23 38 -0.000219056 0.000174138 0.014203 0.0142058
20 23 38 -0.000145598 0.000232288 0.0156896 0.015692
21 23 38 -8.14025e-05 0.000290743 0.0173899 0.0173925
22 23 38 -2.37598e-05 0.000329662 0.0192478 0.0192506
23 23 38 2.30126e-05 0.000361893 0.0212037 0.0212068
24 23 38 5.06257e-05 0.000394315 0.0231873 0.0231907
25 23 38 6.1485e-05 0.000412611 0.0251397 0.0251431
26 23 38 6.11812e-05 0.00042463 0.0269919 0.0269953
27 23 38 4.79602e-05 0.000426687 0.0286859 0.0286891
28 23 38 1.90702e-05 0.000420873 0.030181 0.030184
29 23 38 -2.11774e-05 0.000408051 0.031434 0.0314366
30 23 38 -6.74308e-05 0.000393365 0.0324146 0.032417
31 23 38 -0.000120649 0.000366068 0.0331141 0.0331164
32 23 38 -0.000194503 0.00030709 0.0333327 0.0333347
33 23 38 -0.000374239 0.000254232 0.0318885 0.0318917
34 23 38 -0.00072771 0.000205005 0.0266805 0.0266912
35 23 38 -0.00105202 0.000114989 0.0165353 0.0165692
36 23 38 -0.000838549 6.91592e-07 0.00717615 0.00722498
37 23 38 -0.000206177 -0.000146445 0.00800105 0.00800505
38 23 38 0.00272526 -0.000158332 -0.000254273 0.00274167
39 23 38 0.00223698 0 0 0.00223698
1 24 38 -0.000325463 -0.000456687 0.00679369 0.00681679
2 24 38 0.000945633 -0.000546764 0.00730826 0.00738944
3 24 38 0.00099972 -0.000715225 0.0104763 0.0105482
4 24 38 0.000534057 -0.000837579 0.0156546 0.0156861
5 24 38 -0.000180534 -0.000864298 0.0193133 0.0193335
6 24 38 -0.000733555 -0.000793553 0.0199462 0.0199754
7 24 38 -0.000956788 -0.00069587 0.0189614 0.0189983
8 24 38 -0.000986861 -0.000630459 0.0176725 0.0177112
9 24 38 -0.000978735 -0.000549268 0.0163626 0.0164011
10 24 38 -0.000952119 -0.000445636 0.0151187 0.0151552
11 24 38 -0.000906203 -0.000364553 0.0140208 0.0140548
12 24 38 -0.000847736 -0.000286742 0.0131191 0.0131496
13 24 38 -0.000778754 -0.00020076 0.0124728 0.0124987
14 24 38 -0.000697031 -0.000115143 0.0121227 0.0121433
15 24 38 -0.000608559 -3.79636e-05 0.0120882 0.0121036
16 24 38 -0.000520238 3.41461e-05 0.0123837 0.0123947
17 24 38 -0.000435131 0.000107182 0.0130086 0.0130163
18 24 38 -0.000353495 0.000172382 0.0139471 0.0139526
19 24 38 -0.000275761 0.000231619 0.0151726 0.0151768
20 24 38 -0.000206459 0.000286782 0.0166481 0.0166519
21 24 38 -0.00014505 0.000335429 0.0183192 0.0183228
22 24 38 -9.15288e-05 0.000367713 0.0201332 0.0201368
23 24 38 -5.28491e-05 0.000400442 0.0220285 0.0220322
24 24 38 -3.098e-05 0.000427874 0.0239346 0.0239385
25 24 38 -2.0637e-05 0.000436304 0.025797 0.0258007
26 24 38 -2.14989e-05 0.00044099 0.0275472 0.0275508
27 24 38 -3.6393e-05 0.000436494 0.0291293 0.0291326
28 24 38 -6.58192e-05 0.000421972 0.0305054 0.0305083
29 24 38 -0.000104842 0.000400696 0.0316329 0.0316356
30 24 38 -0.000148982 0.000378592 0.0324816 0.0324841
31 24 38 -0.000201088 0.000341812 0.0330442 0.0330466
32 24 38 -0.000278201 0.000280196 0.0331209 0.0331232
33 24 38 -0.000465679 0.000236666 0.0315114 0.0315157
34 24 38 -0.000816556 0.000195977 0.0260878 0.0261014
35 24 38 -0.00110987 0.000112969 0.0157196 0.0157592
36 24 38 -0.00086165 1.47564e-05 0.00622248 0.00628187
37 24 38 -0.000285075 -0.000118772 0.00755362 0.00755993
38 24 38 0.00268205 -0.000134551 -0.000468239 0.00272594
39 24 38 0.00219658 0 0 0.00219658
1 25 38 -0.000194379 -0.000474241 0.00690291 0.00692191
2 25 38 0.00101241 -0.000547602 0.00714494 0.00723706
3 25 38 0.00101158 -0.000706966 0.010035 0.0101107
4 25 38 0.000541377 -0.000826913 0.0150049 0.0150374
5 25 38 -0.000158079 -0.000855941 0.0186704 0.0186907
6 25 38 -0.000705058 -0.000781423 0.0194735 0.0195019
7 25 38 -0.000927408 -0.000667305 0.0187142 0.0187491
8 25 38 -0.00095276 -0.000586297 0.0176456 0.017681
9 25 38 -0.000942226 -0.000502064 0.0165373 0.0165717
10 25 38 -0.000919601 -0.000395111 0.0154762 0.0155085
11 25 38 -0.000878972 -0.000307056 0.0145422 0.014572
12 25 38 -0.000828583 -0.000229151 0.013783 0.0138098
13 25 38 -0.000774185 -0.000145377 0.013257 0.0132804
14 25 38 -0.000710832 -5.79124e-05 0.0130082 0.0130278
15 25 38 -0.000637076 1.98162e-05 0.0130511 0.0130666
16 25 38 -0.000558632 9.18366e-05 0.0133985 0.0134105
17 25 38 -0.000482725 0.000163581 0.0140532 0.0140625
18 25 38 -0.000409739 0.000224316 0.0149979 0.0150052
19 25 38 -0.000340271 0.000281736 0.0162077 0.0162137
20 25 38 -0.000278039 0.000333004 0.0176463 0.0176516
21 25 38 -0.000221103 0.000373581 0.0192603 0.0192652
22 25 38 -0.000172379 0.000403861 0.021 0.0210046
23 25 38 -0.00013772 0.000434217 0.0228026 0.0228072
24 25 38 -0.000114492 0.000450818 0.0246017 0.0246061
25 25 38 -0.00010081 0.000450051 0.0263461 0.0263502
26 25 38 -0.000100639 0.00045035 0.0279672 0.027971
27 25 38 -0.000113773 0.000440472 0.029412 0.0294155
28 25 38 -0.000139401 0.000417778 0.0306456 0.0306488
29 25 38 -0.000175558 0.000389798 0.0316279 0.0316308
30 25 38 -0.000220958 0.000362428 0.0323314 0.0323342
31 25 38 -0.000279945 0.000319874 0.0327537 0.0327565
32 25 38 -0.000368713 0.00026184 0.0326947 0.0326978
33 25 38 -0.000563872 0.000227222 0.0309332 0.0309392
34 25 38 -0.000898677 0.000186577 0.0253065 0.0253231
35 25 38 -0.0011439 0.000107872 0.0147179 0.0147626
36 25 38 -0.000856485 3.09908e-05 0.00510011 0.00517162
37 25 38 -0.000351617 -8.49899e-05 0.0070294 0.0070387
38 25 38 0.00262654 -0.000106082 -0.000709479 0.00272274
39 25 38 0.00211619 0 0 0.00211619
1 26 38 -4.05832e-05 -0.000487605 0.00694683 0.00696404
2 26 38 0.00107899 -0.000550812 0.00689165 0.00699732
3 26 38 0.0010145 -0.000700968 0.00947103 0.00955097
4 26 38 0.00054765 -0.000810553 0.0141927 0.0142264
5 26 38 -0.000124291 -0.00083801 0.0178624 0.0178825
6 26 38 -0.000665091 -0.000767187 0.0188673 0.0188946
7 26 38 -0.000900662 -0.000646254 0.0183785 0.0184119
8 26 38 -0.000935912 -0.000550101 0.0175776 0.0176111
9 26 38 -0.000927671 -0.000460738 0.0167169 0.016749
10 26 38 -0.000907227 -0.000352681 0.015878 0.0159078
11 26 38 -0.000867824 -0.000257402 0.0151394 0.0151664
12 26 38 -0.000815508 -0.000175439 0.0145457 0.0145696
13 26 38 -0.000760222 -9.22001e-05 0.0141507 0.0141714
14 26 38 -0.000703702 -5.66234e-06 0.0140048 0.0140224
15 26 38 -0.000641882 6.99486e-05 0.0141233 0.0141381
16 26 38 -0.000573612 0.000141976 0.0145152 0.0145273
17 26 38 -0.000504763 0.000213075 0.015186 0.0151958
18 26 38 -0.000436617 0.000270437 0.0161182 0.0161264
19 26 38 -0.000372319 0.000326225 0.0172883 0.0172953
20 26 38 -0.0003162 0.000372599 0.0186623 0.0186687
21 26 38 -0.000265951 0.00040713 0.0201897 0.0201955
22 26 38 -0.000225353 0.000436272 0.0218237 0.0218293
23 26 38 -0.000196842 0.000460106 0.0235024 0.0235077
24 26 38 -0.000176316 0.000466165 0.0251641 0.025169
25 26 38 -0.000166515 0.000461264 0.0267596 0.0267641
26 26 38 -0.000171793 0.000458334 0.0282209 0.0282251
27 26 38 -0.000189191 0.000441415 0.0295028 0.0295067
28 26 38 -0.000219864 0.000410127 0.0305747 0.0305783
29 26 38 -0.000264496 0.000376962 0.0313999 0.0314033
30 26 38 -0.000321525 0.000345635 0.0319558 0.0319593
31 26 38 -0.000391993 0.000298733 0.032242 0.0322458
32 26 38 -0.00048658 0.000244343 0.032054 0.0320586
33 26 38 -0.00067163 0.00021119 0.0301495 0.0301577
34 26 38 -0.000968797 0.000163914 0.0243312 0.024351
35 26 38 -0.00115565 9.62636e-05 0.0135338 0.0135834
36 26 38 -0.000834513 5.09812e-05 0.003825 0.00391531
37 26 38 -0.000414924 -4.46053e-05 0.00643824 0.00645176
38 26 38 0.00255742 -7.36224e-05 -0.000972091 0.00273693
39 26 38 0.00199865 0 0 0.00199865
1 27 38 0.000133542 -0.000492316 0.00691834 0.00693712
2 27 38 0.00114271 -0.000552345 0.00654161 0.00666359
3 27 38 0.00100426 -0.000700098 0.00878348 0.00886839
4 27 38 0.000548273 -0.000796068 0.0132241 0.0132593
5 27 38 -7.20455e-05 -0.000812338 0.0168993 0.016919
6 27 38 -0.000581888 -0.000743604 0.0181365 0.0181611
7 27 38 -0.000822234 -0.000624393 0.0179543 0.0179839
8 27 38 -0.00087553 -0.000519074 0.0174541 0.0174838
9 27 38 -0.000882047 -0.000424961 0.0168734 0.0169017
10 27 38 -0.000874753 -0.000318453 0.0162865 0.0163131
11 27 38 -0.000849027 -0.000220749 0.0157697 0.0157941
12 27 38 -0.000805864 -0.000135622 0.0153665 0.0153882
13 27 38 -0.000750668 -4.90119e-05 0.0151202 0.0151389
14 27 38 -0.000691762 3.93131e-05 0.0150831 0.015099
15 27 38 -0.000632791 0.000111705 0.0152763 0.0152898
16 27 38 -0.000572349 0.000181224 0.0157057 0.0157172
17 27 38 -0.000512796 0.000250493 0.01638 0.01639
18 27 38 -0.000452137 0.000306093 0.0172839 0.0172925
19 27 38 -0.000393705 0.000362031 0.0183944 0.0184022
20 27 38 -0.00034282 0.000405217 0.019681 0.0196882
21 27 38 -0.000298432 0.000436703 0.0210965 0.0211031
22 27 38 -0.000264989 0.000464557 0.0225976 0.022604
23 27 38 -0.000242724 0.000480258 0.0241245 0.0241305
24 27 38 -0.000229073 0.000478998 0.0256216 0.0256271
25 27 38 -0.00022961 0.000472406 0.0270419 0.027047
26 27 38 -0.000245948 0.000464353 0.028322 0.0283269
27 27 38 -0.000272974 0.000439443 0.0294256 0.0294301
28 27 38 -0.000312499 0.00040108 0.030324 0.0303283
29 27 38 -0.000364192 0.000364651 0.0309829 0.0309872
30 27 38 -0.000424465 0.000328964 0.0313836 0.0313882
31 27 38 -0.000491737 0.000275761 0.0315263 0.0315314
32 27 38 -0.000575064 0.00022077 0.0312025 0.0312086
33 27 38 -0.000737669 0.000182386 0.0291578 0.0291677
34 27 38 -0.000998003 0.000131042 0.0231664 0.0231883
35 27 38 -0.00114074 8.6426e-05 0.0121894 0.012243
36 27 38 -0.000800693 7.56637e-05 0.00243071 0.00256031
37 27 38 -0.000475068 -4.25233e-06 0.00580102 0.00582044
38 27 38 0.00247699 -4.24059e-05 -0.00124601 0.00277305
39 27 38 0.00184677 0 0 0.00184677
1 28 38 0.000326335 -0.000485353 0.00681474 0.00683979
2 28 38 0.00120936 -0.000545405 0.00609505 0.00623776
3 28 38 0.000991122 -0.000701581 0.00797281 0.00806475
4 28 38 0.000539293 -0.000792729 0.0120972 0.0121351
5 28 38 -2.95437e-05 -0.000793721 0.0157792 0.0157992
6 28 38 -0.0004945 -0.000718286 0.0172843 0.0173063
7 28 38 -0.000720048 -0.000599769 0.0174506 0.0174758
8 28 38 -0.000779471 -0.000489131 0.0172844 0.0173089
9 28 38 -0.0007979 -0.000390645 0.0170093 0.0170325
10 28 38 -0.000804422 -0.00028455 0.0166938 0.0167156
11 28 38 -0.000798513 -0.000188247 0.0164112 0.0164317
12 28 38 -0.000781657 -0.000107554 0.0162099 0.0162291
13 28 38 -0.000749357 -2.08448e-05 0.016123 0.0161404
14 28 38 -0.000703279 7.26316e-05 0.0162003 0.0162157
15 28 38 -0.000651063 0.000146659 0.0164686 0.0164822
16 28 38 -0.000598214 0.00021493 0.016931 0.0169429
17 28 38 -0.000550417 0.000280879 0.0175992 0.0176101
18 28 38 -0.000503909 0.000333737 0.018462 0.0184719
19 28 38 -0.000459257 0.000388991 0.0194987 0.0195079
20 28 38 -0.0004197 0.000429377 0.0206818 0.0206905
21 28 38 -0.000384078 0.000459261 0.0219671 0.0219753
22 28 38 -0.000356941 0.00048542 0.0233151 0.0233229
23 28 38 -0.000338219 0.000494065 0.0246698 0.0246771
24 28 38 -0.000328157 0.000489317 0.0259829 0.0259896
25 28 38 -0.000332437 0.000481853 0.0272099 0.0272162
26 28 38 -0.000348744 0.000467281 0.0282926 0.0282986
27 28 38 -0.000371221 0.00043398 0.029202 0.0292075
28 28 38 -0.000402798 0.000388596 0.0299096 0.0299148
29 28 38 -0.000444084 0.000348423 0.0303838 0.0303891
30 28 38 -0.000492892 0.000306311 0.0306118 0.0306173
31 28 38 -0.000548666 0.000245882 0.0305959 0.0306018
32 28 38 -0.000623152 0.000190991 0.0301294 0.0301364
33 28 38 -0.000776822 0.000150815 0.0279551 0.0279663
34 28 38 -0.00101752 0.000106251 0.0218219 0.0218459
35 28 38 -0.00112349 9.04302e-05 0.0107106 0.0107697
36 28 38 -0.000756363 0.000103446 0.000950558 0.00121916
37 28 38 -0.00051838 2.98662e-05 0.00513538 0.00516156
38 28 38 0.00239439 -1.57708e-05 -0.00152251 0.0028375
39 28 38 0.00166567 0 0 0.00166567
1 29 38 0.000529454 -0.000469828 0.00663521 0.00667286
2 29 38 0.00127295 -0.000526282 0.00555694 0.00572511
3 29 38 0.000980344 -0.000691912 0.0070421 0.0071436
4 29 38 0.000532142 -0.000789556 0.0108064 0.0108482
5 29 38 -9.63778e-07 -0.000784167 0.014482 0.0145032
6 29 38 -0.00043764 -0.000701603 0.0162809 0.0163019
7 29 38 -0.000651447 -0.000580752 0.0168379 0.0168605
8 29 38 -0.000709232 -0.000465649 0.0170452 0.0170663
9 29 38 -0.000729312 -0.000363764 0.0171087 0.0171281
10 29 38 -0.000735867 -0.000253553 0.0170913 0.017109
11 29 38 -0.000729718 -0.000152744 0.0170598 0.0170761
12 29 38 -0.000722363 -7.85278e-05 0.0170693 0.0170847
13 29 38 -0.000711525 -8.64043e-07 0.0171473 0.017162
14 29 38 -0.000688681 9.19199e-05 0.0173403 0.0173542
15 29 38 -0.000652583 0.000169674 0.0176819 0.0176948
16 29 38 -0.000608595 0.000241216 0.0181727 0.0181845
17 29 38 -0.000567376 0.000306834 0.0188256 0.0188367
18 29 38 -0.000528656 0.000358214 0.0196337 0.0196441
19 29 38 -0.000492964 0.000411854 0.0205802 0.0205902
20 29 38 -0.000461765 0.000448518 0.0216418 0.0216514
21 29 38 -0.000433609 0.000476025 0.0227774 0.0227865
22 29 38 -0.000412827 0.00049926 0.0239519 0.0239606
23 29 38 -0.00039958 0.000502132 0.0251149 0.0251231
24 29 38 -0.000395482 0.000495714 0.0262246 0.0262322
25 29 38 -0.000403578 0.000486082 0.0272383 0.0272456
26 29 38 -0.000418865 0.000462684 0.0281033 0.0281102
27 29 38 -0.000438087 0.000419564 0.0287985 0.0288049
28 29 38 -0.000467828 0.000367973 0.0292971 0.0293032
29 29 38 -0.000510824 0.000325734 0.0295732 0.0295794
30 29 38 -0.000564146 0.000277968 0.0296213 0.029628
31 29 38 -0.000625907 0.000213654 0.0294469 0.0294544
32 29 38 -0.000708167 0.00016331 0.0288463 0.0288555
33 29 38 -0.000860447 0.000124801 0.0265612 0.0265755
34 29 38 -0.00107013 8.91959e-05 0.0203166 0.020345
35 29 38 -0.00110977 9.40899e-05 0.0091173 0.00918508
36 29 38 -0.000686561 0.000119147 -0.000596448 0.000917231
37 29 38 -0.000532857 5.42099e-05 0.0044431 0.00447526
38 29 38 0.0023105 7.97285e-06 -0.00180033 0.0029291
39 29 38 0.00145699 0 0 0.00145699
1 30 38 0.000734566 -0.000451804 0.0063783 0.00643633
2 30 38 0.0013207 -0.000502273 0.00493978 0.00513789
3 30 38 0.000963619 -0.000667725 0.00601394 0.00612714
4 30 38 0.000546104 -0.000770492 0.00937822 0.00942565
5 30 38 6.44492e-05 -0.000767163 0.0130253 0.0130481
6 30 38 -0.000351612 -0.000687216 0.0151256 0.0151453
7 30 38 -0.000571366 -0.00056845 0.0160962 0.0161164
8 30 38 -0.000641119 -0.000451767 0.016703 0.0167214
9 30 38 -0.000673536 -0.000352926 0.0171301 0.017147
10 30 38 -0.000689713 -0.000242674 0.0174345 0.0174499
11 30 38 -0.000681593 -0.000130451 0.017674 0.0176876
12 30 38 -0.000664627 -5.19262e-05 0.0179082 0.0179206
13 30 38 -0.000650974 1.73325e-05 0.0181601 0.0181718
14 30 38 -0.000636873 0.000101799 0.0184713 0.0184826
15 30 38 -0.000614222 0.000177932 0.0188835 0.0188944
16 30 38 -0.000580537 0.000251764 0.019399 0.0194093
17 30 38 -0.00054472 0.000318959 0.0200302 0.0200402
18 30 38 -0.000509706 0.000371888 0.0207726 0.0207822
19 30 38 -0.000478467 0.000426011 0.0216145 0.021624
20 30 38 -0.000453071 0.000461299 0.0225383 0.0225476
21 30 38 -0.000433176 0.00048828 0.0235073 0.0235164
22 30 38 -0.000422736 0.000510021 0.0244925 0.0245014
23 30 38 -0.000421347 0.000509749 0.0254492 0.0254578
24 30 38 -0.000429731 0.000502588 0.0263401 0.0263484
25 30 38 -0.000447442 0.000489363 0.0271246 0.0271327
26 30 38 -0.000469769 0.000456541 0.0277583 0.0277661
27 30 38 -0.000498171 0.000406339 0.0282282 0.0282356
28 30 38 -0.000541294 0.000354897 0.0285084 0.0285158
29 30 38 -0.000599175 0.000314101 0.0285792 0.0285872
30 30 38 -0.00066322 0.000260399 0.028443 0.028452
31 30 38 -0.000730127 0.000193275 0.0281072 0.0281174
32 30 38 -0.000811719 0.00014501 0.0273721 0.0273845
33 30 38 -0.000942058 9.98788e-05 0.0249817 0.0249996
34 30 38 -0.00109188 6.37205e-05 0.0186473 0.0186794
35 30 38 -0.00104469 7.99863e-05 0.00741343 0.00748711
36 30 38 -0.00056744 0.000119023 -0.00219838 0.00227355
37 30 38 -0.000520263 7.62827e-05 0.0037229 0.00375985
38 30 38 0.00221893 3.36413e-05 -0.00207736 0.00303977
39 30 38 0.00122492 0 0 0.00122492
1 31 38 0.000940647 -0.000431448 0.00603709 0.00612515
2 31 38 0.00134977 -0.000481596 0.00424868 0.00448387
3 31 38 0.000914614 -0.000643265 0.00489993 0.00502589
4 31 38 0.000537745 -0.000742915 0.00782872 0.00788226
5 31 38 0.000133556 -0.000736164 0.0114265 0.0114509
6 31 38 -0.000242358 -0.000662089 0.0138317 0.0138497
7 31 38 -0.000464636 -0.00055088 0.0152287 0.0152458
8 31 38 -0.00054968 -0.000433549 0.016248 0.0162631
9 31 38 -0.000600593 -0.000341774 0.0170508 0.0170648
10 31 38 -0.000644489 -0.000244922 0.0176881 0.0177015
11 31 38 -0.000663914 -0.000130239 0.0182083 0.0182208
12 31 38 -0.000661307 -4.08867e-05 0.0186756 0.0186874
13 31 38 -0.000652899 2.95084e-05 0.0191104 0.0191216
14 31 38 -0.00064682 0.000107444 0.0195447 0.0195557
15 31 38 -0.000639908 0.00017921 0.0200258 0.0200368
16 31 38 -0.00062546 0.00025173 0.0205628 0.0205738
17 31 38 -0.00060692 0.000318615 0.0211694 0.0211805
18 31 38 -0.000586903 0.000373326 0.0218419 0.0218529
19 31 38 -0.000569239 0.000429132 0.022573 0.0225843
20 31 38 -0.000556236 0.000465892 0.0233509 0.0233621
21 31 38 -0.000548286 0.000494906 0.0241445 0.0241558
22 31 38 -0.000547834 0.000517236 0.024931 0.0249424
23 31 38 -0.000553379 0.000515965 0.0256711 0.0256823
24 31 38 -0.000564917 0.000507692 0.0263311 0.026342
25 31 38 -0.000581091 0.000489569 0.0268753 0.026886
26 31 38 -0.000601219 0.000448288 0.0272706 0.0272809
27 31 38 -0.000630717 0.000394939 0.0275095 0.0275195
28 31 38 -0.000675232 0.00034622 0.0275647 0.0275752
29 31 38 -0.000728365 0.000301099 0.0274244 0.0274357
30 31 38 -0.000778651 0.00023427 0.0270977 0.0271099
31 31 38 -0.000828233 0.000161611 0.0265913 0.0266046
32 31 38 -0.000890246 0.000109288 0.0257102 0.0257258
33 31 38 -0.000983491 5.15089e-05 0.0232088 0.0232297
34 31 38 -0.00107081 1.72038e-05 0.0168066 0.0168407
35 31 38 -0.000950573 5.26994e-05 0.00560577 0.00568604
36 31 38 -0.000436635 0.00011705 -0.00383544 0.00386199
37 31 38 -0.000504145 0.000103627 0.00298284 0.00302691
38 31 38 0.00211675 5.99568e-05 -0.00234391 0.00315882
39 31 38 0.000981361 0 0 0.000981361
1 32 38 0.00114368 -0.000406 0.00560834 0.00573815
2 32 38 0.00138072 -0.000459905 0.00349786 0.00378852
3 32 38 0.000855787 -0.000623488 0.00370869 0.00385688
4 32 38 0.000501518 -0.000727237 0.00614536 0.00620853
5 32 38 0.000171365 -0.000716976 0.00964567 0.0096738
6 32 38 -0.00015087 -0.00064808 0.0123377 0.0123556
7 32 38 -0.000360246 -0.000549829 0.0141561 0.0141714
8 32 38 -0.000445297 -0.000432257 0.0155844 0.0155967
9 32 38 -0.000490137 -0.000339783 0.0167599 0.0167705
10 32 38 -0.000533662 -0.00025832 0.0177273 0.0177372
11 32 38 -0.000566473 -0.000155058 0.0185237 0.018533
12 32 38 -0.000579726 -6.1628e-05 0.0192187 0.0192275
13 32 38 -0.000579608 1.32587e-05 0.0198354 0.0198438
14 32 38 -0.000577284 8.88236e-05 0.0203947 0.020403
15 32 38 -0.000577824 0.000157963 0.0209421 0.0209506
16 32 38 -0.000576456 0.00022827 0.0214945 0.0215035
17 32 38 -0.000572731 0.000293095 0.0220704 0.0220798
18 32 38 -0.000567214 0.000347602 0.0226678 0.0226776
19 32 38 -0.00056215 0.000402806 0.0232831 0.0232933
20 32 38 -0.00055873 0.000439736 0.0239089 0.0239195
21 32 38 -0.000557811 0.000468779 0.02452 0.0245308
22 32 38 -0.000560956 0.00048969 0.0250992 0.0251102
23 32 38 -0.000567699 0.000486311 0.0256126 0.0256235
24 32 38 -0.000579908 0.000475149 0.0260315 0.0260423
25 32 38 -0.000597828 0.000452575 0.0263278 0.0263385
26 32 38 -0.000624927 0.000407458 0.0264791 0.0264896
27 32 38 -0.000666027 0.000356634 0.0264774 0.0264882
28 32 38 -0.000719234 0.000311179 0.0262945 0.0263062
29 32 38 -0.000774211 0.000257279 0.0259303 0.0259431
30 32 38 -0.000824282 0.000179944 0.0254009 0.0254149
31 32 38 -0.000878542 0.000108886 0.0247125 0.0247283
32 32 38 -0.000944103 5.38603e-05 0.0236817 0.0237005
33 32 38 -0.00102059 -1.07724e-05 0.02109 0.0211146
34 32 38 -0.00106274 -2.99785e-05 0.0147 0.0147383
35 32 38 -0.000871529 3.34757e-05 0.00368381 0.00378565
36 32 38 -0.000303449 0.000124663 -0.00546333 0.00547317
37 32 38 -0.000464289 0.000140707 0.00221105 0.00226365
38 32 38 0.00201026 8.29518e-05 -0.0025844 0.00327523
39 32 38 0.000734128 0 0 0.000734128
1 33 38 0.00130464 -0.000411007 0.00511575 0.00529547
2 33 38 0.00140252 -0.000475458 0.00275888 0.00313121
3 33 38 0.000814925 -0.00064058 0.0024886 0.00269585
4 33 38 0.000473972 -0.000770187 0.00429492 0.0043891
5 33 38 0.000195578 -0.000784716 0.00749629 0.00753979
6 33 38 -8.62922e-05 -0.000738013 0.0102989 0.0103257
7 33 38 -0.000293056 -0.000671415 0.0124053 0.0124269
8 33 38 -0.000396591 -0.000573804 0.0141335 0.0141507
9 33 38 -0.000450616 -0.000483784 0.0155933 0.0156073
10 33 38 -0.000490584 -0.00041227 0.0168212 0.0168334
11 33 38 -0.000522289 -0.000325192 0.0178391 0.0178497
12 33 38 -0.000540845 -0.000235939 0.0187146 0.0187239
13 33 38 -0.000543797 -0.000159155 0.0194777 0.0194859
14 33 38 -0.000538054 -8.51154e-05 0.0201418 0.0201491
15 33 38 -0.000533708 -1.72155e-05 0.0207426 0.0207494
16 33 38 -0.000530857 5.14465e-05 0.0212988 0.0213055
17 33 38 -0.00052892 0.000114393 0.0218327 0.0218394
18 33 38 -0.000528064 0.000167642 0.0223457 0.0223525
19 33 38 -0.000529367 0.000219856 0.0228368 0.022844
20 33 38 -0.000533422 0.000255177 0.0233028 0.0233103
21 33 38 -0.000541928 0.000282575 0.0237241 0.023732
22 33 38 -0.000556036 0.00030236 0.0240889 0.0240972
23 33 38 -0.000576529 0.000300136 0.0243707 0.0243794
24 33 38 -0.00060619 0.000290689 0.0245479 0.0245571
25 33 38 -0.000644436 0.000272222 0.0246009 0.0246108
26 33 38 -0.000693987 0.000235473 0.0245145 0.0245254
27 33 38 -0.000754223 0.000196905 0.0242786 0.0242911
28 33 38 -0.00081628 0.000159382 0.0238688 0.0238833
29 33 38 -0.000872817 0.000104609 0.0232997 0.0233163
30 33 38 -0.000925673 3.4966e-05 0.0225898 0.0226088
31 33 38 -0.000983256 -1.90342e-05 0.021742 0.0217642
32 33 38 -0.00103948 -6.73773e-05 0.0205924 0.0206187
33 33 38 -0.00107667 -0.000118947 0.0180084 0.018041
34 33 38 -0.00104104 -9.84325e-05 0.011924 0.0119697
35 33 38 -0.00073601 9.56616e-06 0.00161835 0.00177788
36 33 38 -9.05404e-05 0.000141761 -0.00685701 0.00685907
37 33 38 -0.000340672 0.000216991 0.00134815 0.00140735
38 33 38 0.00186378 0.000112414 -0.00275185 0.00332551
39 33 38 0.000463864 0 0 0.000463864
1 34 38 0.00136403 -0.000509806 0.00460171 0.00482662
2 34 38 0.00135648 -0.000616446 0.00215019 0.00261598
3 34 38 0.000754687 -0.00078157 0.00136649 0.00174577
4 34 38 0.000439054 -0.000949662 0.00237237 0.00259283
5 34 38 0.000218024 -0.00102742 0.00487333 0.00498523
6 34 38 -2.85588e-06 -0.00103205 0.00733863 0.00741085
7 34 38 -0.000175793 -0.00101726 0.00934805 0.00940488
8 34 38 -0.000280567 -0.000969805 0.011055 0.011101
9 34 38 -0.00034877 -0.000906804 0.0125315 0.0125692
10 34 38 -0.000397443 -0.000852441 0.0138048 0.0138369
11 34 38 -0.000435272 -0.000786079 0.014879 0.0149061
12 34 38 -0.000464919 -0.000708081 0.0158043 0.015827
13 34 38 -0.000480471 -0.000633217 0.0166107 0.0166297
14 34 38 -0.000482583 -0.000560929 0.017308 0.0173238
15 34 38 -0.000481601 -0.000493482 0.0179175 0.0179307
16 34 38 -0.000481288 -0.000425371 0.0184495 0.0184607
17 34 38 -0.000482678 -0.000361848 0.018923 0.0189326
18 34 38 -0.000487007 -0.000306889 0.0193396 0.0193482
19 34 38 -0.000495614 -0.000254511 0.0196988 0.0197067
20 34 38 -0.000509643 -0.000216195 0.0199995 0.0200072
21 34 38 -0.000531159 -0.000184781 0.0202282 0.020236
22 34 38 -0.000559622 -0.000158107 0.0203785 0.0203868
23 34 38 -0.000594668 -0.000148502 0.0204338 0.020443
24 34 38 -0.000637746 -0.000144641 0.0203823 0.0203928
25 34 38 -0.000686041 -0.000144585 0.0202134 0.0202256
26 34 38 -0.000739817 -0.000156714 0.0199192 0.0199335
27 34 38 -0.000795243 -0.000170087 0.0194919 0.0195089
28 34 38 -0.000843852 -0.000186206 0.0189179 0.0189376
29 34 38 -0.000886717 -0.000217172 0.0182221 0.018245
30 34 38 -0.000930232 -0.000247814 0.0174194 0.017446
31 34 38 -0.000974288 -0.000261081 0.0165084 0.0165392
32 34 38 -0.00100368 -0.000276406 0.0153613 0.0153965
33 34 38 -0.000990988 -0.00027472 0.013063 0.0131034
34 34 38 -0.000871308 -0.000180842 0.00799094 0.00804033
35 34 38 -0.000465463 -1.29183e-05 -0.000416117 0.000624481
36 34 38 0.000199091 0.00016263 -0.00739762 0.00740209
37 34 38 -0.00014568 0.00032267 0.000452759 0.000574743
38 34 38 0.00161764 0.000136892 -0.00273702 0.00318226
39 34 38 0.000169351 0 0 0.000169351
1 35 38 0.00126603 -0.000753915 0.00411701 0.00437276
2 35 38 0.00119258 -0.000974312 0.0018357 0.0023961
3 35 38 0.000622438 -0.00117354 0.000657195 0.00148207
4 35 38 0.000316219 -0.0013903 0.000945579 0.00171086
5 35 38 0.000134236 -0.00155286 0.00248465 0.00293306
6 35 38 -1.93777e-05 -0.00162357 0.00415504 0.00446102
7 35 38 -0.000127786 -0.00165269 0.00560297 0.00584303
8 35 38 -0.000192063 -0.00165042 0.0068836 0.00708129
9 35 38 -0.000236666 -0.00161899 0.00803272 0.00819766
10 35 38 -0.000267184 -0.00158055 0.00906455 0.00920519
11 35 38 -0.00028964 -0.0015297 0.00996685 0.0100877
12 35 38 -0.000311444 -0.00146083 0.0107592 0.0108624
13 35 38 -0.000326878 -0.00138496 0.0114567 0.0115447
14 35 38 -0.000331948 -0.00130804 0.0120645 0.0121398
15 35 38 -0.000333817 -0.00123393 0.0125901 0.0126548
16 35 38 -0.000336982 -0.00115981 0.0130307 0.0130866
17 35 38 -0.000343399 -0.00108853 0.0133956 0.0134441
18 35 38 -0.000354009 -0.00102354 0.0136827 0.0137255
19 35 38 -0.000368962 -0.000961362 0.0138887 0.0139268
20 35 38 -0.000388866 -0.000909409 0.0140131 0.014048
21 35 38 -0.000415309 -0.000863408 0.0140487 0.0140813
22 35 38 -0.000446993 -0.00081934 0.0139955 0.0140266
23 35 38 -0.000483566 -0.000786636 0.0138502 0.013881
24 35 38 -0.000526922 -0.000757614 0.0136157 0.013647
25 35 38 -0.000574189 -0.000725422 0.0132943 0.0133265
26 35 38 -0.000623658 -0.000697146 0.012889 0.0129229
27 35 38 -0.000671451 -0.000668656 0.012403 0.0124391
28 35 38 -0.000713595 -0.00063942 0.0118356 0.0118743
29 35 38 -0.000755561 -0.000610273 0.0112113 0.0112533
30 35 38 -0.000799123 -0.000564909 0.0105364 0.0105817
31 35 38 -0.000835126 -0.000502977 0.00980647 0.00985481
32 35 38 -0.000849889 -0.000438886 0.00894401 0.00899502
33 35 38 -0.000810392 -0.00034091 0.00737612 0.00742833
34 35 38 -0.00063916 -0.000171878 0.00414765 0.00420013
35 35 38 -0.000199273 8.96438e-06 -0.0011505 0.00116766
36 35 38 0.000400905 0.000146194 -0.00587667 0.00589215
37 35 38 6.63929e-05 0.000362996 -8.95095e-05 0.000379718
38 35 38 0.00128531 9.86304e-05 -0.00236581 0.00269422
39 35 38 -7.7059e-05 0 0 7.7059e-05
1 36 38 0.000938133 -0.0011708 0.00379727 0.00408291
2 36 38 0.000827101 -0.00161247 0.002218 0.00286421
3 36 38 0.000384517 -0.00193881 0.0012769 0.00235315
4 36 38 0.000140145 -0.00222405 0.00157789 0.00273052
5 36 38 3.65425e-05 -0.00244215 0.00272569 0.0036599
6 36 38 -2.21139e-05 -0.0025385 0.00391907 0.00466943
7 36 38 -5.88715e-05 -0.00255596 0.00496697 0.00558634
8 36 38 -8.30502e-05 -0.00253629 0.00594223 0.00646141
9 36 38 -9.87106e-05 -0.00248311 0.0068555 0.00729201
10 36 38 -0.000104747 -0.00241107 0.00769423 0.00806383
11 36 38 -0.000105552 -0.0023258 0.00842631 0.00874203
12 36 38 -0.000110489 -0.00222317 0.00903436 0.00930454
13 36 38 -0.000117397 -0.00210967 0.00950867 0.0097406
14 36 38 -0.000121667 -0.00199253 0.00984843 0.0100487
15 36 38 -0.000125786 -0.00187759 0.0100567 0.0102312
16 36 38 -0.000132247 -0.00176648 0.0101328 0.0102865
17 36 38 -0.000143708 -0.00166089 0.0100943 0.0102311
18 36 38 -0.000161284 -0.00156349 0.00995698 0.0100803
19 36 38 -0.00018407 -0.00147241 0.0097383 0.00985071
20 36 38 -0.000211533 -0.00139127 0.00946013 0.00956422
21 36 38 -0.000244101 -0.00131825 0.00913899 0.0092368
22 36 38 -0.000280461 -0.00124744 0.00879272 0.0088852
23 36 38 -0.000320185 -0.00118375 0.00843401 0.00852269
24 36 38 -0.000364639 -0.00112272 0.0080759 0.00816172
25 36 38 -0.0004105 -0.00105442 0.0077238 0.00780624
26 36 38 -0.000453888 -0.000982773 0.00737995 0.00745892
27 36 38 -0.000492516 -0.000907565 0.00704861 0.00712384
28 36 38 -0.00052753 -0.000824333 0.00672957 0.00680036
29 36 38 -0.000564096 -0.00072725 0.0064323 0.00649781
30 36 38 -0.000597981 -0.000607889 0.00615079 0.00620961
31 36 38 -0.000618798 -0.000474486 0.00587797 0.00592946
32 36 38 -0.000621029 -0.000332222 0.00557644 0.00562074
33 36 38 -0.00057526 -0.000170564 0.00495763 0.00499381
34 36 38 -0.000413437 -1.83909e-05 0.00354633 0.00357039
35 36 38 -5.23652e-05 3.94534e-05 0.000988001 0.000990174
36 36 38 0.000409594 -2.01045e-06 -0.00185643 0.00190108
37 36 38 0.000277598 0.000207913 0.000173614 0.000387853
38 36 38 0.000953266 -6.02988e-05 -0.00157121 0.00183876
39 36 38 -0.000175421 0 0 0.000175421
1 37 38 0.00032316 -0.00169574 0.00384237 0.00421234
2 37 38 9.09505e-05 -0.00248262 0.00434198 0.00500245
3 37 38 -0.000104229 -0.00304453 0.00546811 0.00625941
4 37 38 -6.03353e-05 -0.00332715 0.00637679 0.00719284
5 37 38 5.57277e-05 -0.00341699 0.00662524 0.00745471
6 37 38 0.000144103 -0.00336461 0.00628433 0.00712981
7 37 38 0.000189098 -0.0032258 0.00563292 0.00649395
8 37 38 0.000201619 -0.00304725 0.00489253 0.00576743
9 37 38 0.000203744 -0.00284056 0.00412936 0.00501616
10 37 38 0.000204549 -0.00261867 0.00337628 0.00427768
11 37 38 0.000205112 -0.00239516 0.0026497 0.00357768
12 37 38 0.000199725 -0.00217438 0.00196142 0.00293513
13 37 38 0.000186711 -0.00196261 0.00132258 0.00237401
14 37 38 0.000167484 -0.00176497 0.000747427 0.00192401
15 37 38 0.000143132 -0.00158577 0.000242731 0.00161061
16 37 38 0.000115446 -0.00142774 -0.000194822 0.00144558
17 37 38 8.38531e-05 -0.00129047 -0.00056083 0.00140956
18 37 38 4.80601e-05 -0.00117369 -0.000854989 0.00145288
19 37 38 9.28616e-06 -0.00107383 -0.00107887 0.00152222
20 37 38 -3.15632e-05 -0.000988901 -0.00123204 0.00158014
21 37 38 -7.40219e-05 -0.000916086 -0.00131818 0.00160695
22 37 38 -0.00011666 -0.000847071 -0.00134173 0.00159103
23 37 38 -0.000158135 -0.000781088 -0.00130961 0.00153303
24 37 38 -0.000198598 -0.000715911 -0.00122758 0.00143489
25 37 38 -0.000236283 -0.000642209 -0.00110636 0.00130088
26 37 38 -0.000269048 -0.000558926 -0.000956962 0.00114042
27 37 38 -0.0002969 -0.000465517 -0.000783963 0.000958881
28 37 38 -0.000321887 -0.000357911 -0.00059368 0.000764308
29 37 38 -0.000345294 -0.000232967 -0.000390823 0.000571178
30 37 38 -0.000361566 -9.06019e-05 -0.000186351 0.000416732
31 37 38 -0.000366165 6.22137e-05 1.48508e-05 0.00037171
32 37 38 -0.000363241 0.00022273 0.000212845 0.000476294
33 37 38 -0.000343334 0.000367859 0.000360948 0.000619259
34 37 38 -0.000269502 0.000427116 0.000380049 0.000632058
35 37 38 -9.91755e-05 0.000311025 0.000184289 0.00037488
36 37 38 0.000147667 2.72297e-05 -0.00017878 0.000233473
37 37 38 0.000244585 1.34151e-05 0.000273406 0.000367086
38 37 38 0.000586907 -0.000252294 -0.000723789 0.000965393
39 37 38 -0.00012476 0 0 0.00012476
1 38 38 -0.000136157 -0.00156065 0.00281164 0.00321861
2 38 38 -0.000301629 -0.00198356 0.00343167 0.00397515
3 38 38 -0.000287155 -0.00222665 0.00409669 0.00467154
4 38 38 -0.000143981 -0.0023674 0.00457197 0.00515056
5 38 38 9.01042e-06 -0.00247276 0.0047985 0.00539817
6 38 38 0.000111297 -0.00256693 0.00481511 0.00545772
7 38 38 0.000158454 -0.00265832 0.0047142 0.00541437
8 38 38 0.000172406 -0.00274893 0.00456319 0.00533002
9 38 38 0.000175866 -0.00283462 0.0043777 0.00521826
10 38 38 0.000176074 -0.00291281 0.00416641 0.00508669
11 38 38 0.000176252 -0.0029842 0.00393386 0.00494082
12 38 38 0.000175452 -0.00304634 0.00368385 0.00478348
13 38 38 0.000172051 -0.00309661 0.00342272 0.00461883
14 38 38 0.000165277 -0.0031311 0.00316075 0.00445212
15 38 38 0.000155737 -0.00314701 0.00290483 0.00428555
16 38 38 0.000144904 -0.00314328 0.00265699 0.00411835
17 38 38 0.000132427 -0.00311755 0.00242219 0.00395015
18 38 38 0.000117933 -0.00306933 0.00220217 0.00377945
19 38 38 0.00010181 -0.00299754 0.00199672 0.00360312
20 38 38 8.42985e-05 -0.00290205 0.00180656 0.00341945
21 38 38 6.56464e-05 -0.00278501 0.00163034 0.00322778
22 38 38 4.65652e-05 -0.00264444 0.00146565 0.0030238
23 38 38 2.81258e-05 -0.00248175 0.00130903 0.00280596
24 38 38 1.05525e-05 -0.00230074 0.00115809 0.00257579
25 38 38 -6.01341e-06 -0.00210046 0.00100852 0.00233004
26 38 38 -2.13282e-05 -0.00188198 0.000856318 0.00206774
27 38 38 -3.55212e-05 -0.00164755 0.000701806 0.00179115
28 38 38 -4.8596e-05 -0.00139907 0.000544591 0.00150212
29 38 38 -5.9606e-05 -0.00114005 0.000383468 0.00120429
30 38 38 -6.61186e-05 -0.000874689 0.000215907 0.000903365
31 38 38 -6.84001e-05 -0.000606838 4.37661e-05 0.000612247
32 38 38 -7.06199e-05 -0.000336921 -0.000128308 0.000367377
33 38 38 -7.1504e-05 -7.9814e-05 -0.000300857 0.000319371
34 38 38 -6.29801e-05 0.000118943 -0.000450807 0.000470469
35 38 38 -4.00211e-05 0.000189164 -0.000512878 0.000548114
36 38 38 -1.51853e-06 7.92728e-05 -0.000418593 0.000426036
37 38 38 4.28074e-05 -4.35806e-05 -0.000163181 0.000174241
38 38 38 0.000170111 -0.000298147 -0.000297993 0.000454565
39 38 38 -7.80973e-05 0 0 7.80973e-05
1 39 38 0 -0.000453802 0 0.000453802
2 39 38 0 -0.000180507 0 0.000180507
3 39 38 0 4.73571e-05 0 4.73571e-05
4 39 38 0 0.000127641 0 0.000127641
5 39 38 0 6.0348e-05 0 6.0348e-05
6 39 38 0 -0.000105719 0 0.000105719
7 39 38 0 -0.000317685 0 0.000317685
8 39 38 0 -0.000545898 0 0.000545898
9 39 38 0 -0.000780417 0 0.000780417
10 39 38 0 -0.00101442 0 0.00101442
11 39 38 0 -0.00124348 0 0.00124348
12 39 38 0 -0.00146329 0 0.00146329
13 39 38 0 -0.00166976 0 0.00166976
14 39 38 0 -0.00185815 0 0.00185815
15 39 38 0 -0.00202489 0 0.00202489
16 39 38 0 -0.00216789 0 0.00216789
17 39 38 0 -0.00228435 0 0.00228435
18 39 38 0 -0.00237322 0 0.00237322
19 39 38 0 -0.00243354 0 0.00243354
20 39 38 0 -0.00246466 0 0.00246466
21 39 38 0 -0.00246893 0 0.00246893
22 39 38 0 -0.00244658 0 0.00244658
23 39 38 0 -0.00239838 0 0.00239838
24 39 38 0 -0.00232794 0 0.00232794
25 39 38 0 -0.00223718 0 0.00223718
26 39 38 0 -0.00212794 0 0.00212794
27 39 38 0 -0.00200223 0 0.00200223
28 39 38 0 -0.00186218 0 0.00186218
29 39 38 0 -0.0017107 0 0.0017107
30 39 38 0 -0.00155015 0 0.00155015
31 39 38 0 -0.00138225 0 0.00138225
32 39 38 0 -0.00120843 0 0.00120843
33 39 38 0 -0.00103419 0 0.00103419
34 39 38 0 -0.000868321 0 0.000868321
35 39 38 0 -0.000718543 0 0.000718543
36 39 38 0 -0.000590827 0 0.000590827
37 39 38 0 -0.000464724 0 0.000464724
38 39 38 0 -0.000394355 0 0.000394355
39 39 38 0 0 0 0
