1 1 19 -0.00127433 -0.00032456 5.84727e-06 0.00131503
2 1 19 -7.01867e-05 2.07417e-05 8.89235e-05 0.000115168
3 1 19 0.000481364 0.000751721 0.00019165 0.000912977
4 1 19 0.000348817 0.00111625 0.000278751 0.00120224
5 1 19 -0.000731455 0.000195056 0.000313545 0.00081938
6 1 19 -0.00170789 -0.0018179 0.000294132 0.00251161
7 1 19 -0.00198843 -0.00413268 0.000254759 0.00459323
8 1 19 -0.00189 -0.00631564 0.000217991 0.00659598
9 1 19 -0.0017052 -0.0082861 0.000180691 0.00846167
10 1 19 -0.00147614 -0.00998635 0.000148835 0.010096
11 1 19 -0.00121986 -0.0113716 0.000125997 0.0114376
12 1 19 -0.000937473 -0.0124439 0.000104696 0.0124796
13 1 19 -0.000632697 -0.0131807 8.66321e-05 0.0131962
14 1 19 -0.000341606 -0.0135688 7.70739e-05 0.0135733
15 1 19 -6.14498e-05 -0.0136443 7.25661e-05 0.0136446
16 1 19 0.000217484 -0.013432 6.98848e-05 0.013434
17 1 19 0.000471023 -0.0129725 7.13094e-05 0.0129813
18 1 19 0.000680522 -0.0122995 7.91734e-05 0.0123186
19 1 19 0.000839821 -0.0114664 9.34119e-05 0.0114975
20 1 19 0.000955572 -0.0105301 0.000112275 0.010574
21 1 19 0.00102794 -0.00953341 0.000133429 0.0095896
22 1 19 0.00105755 -0.00854601 0.000156117 0.00861261
23 1 19 0.00105094 -0.00758377 0.000179867 0.00765836
24 1 19 0.000998326 -0.0066938 0.000206467 0.00677098
25 1 19 0.000936653 -0.00591979 0.000237609 0.00599814
26 1 19 0.000871885 -0.00523061 0.000269682 0.00530964
27 1 19 0.000774355 -0.00468606 0.000299805 0.00475907
28 1 19 0.000691836 -0.00429161 0.000331907 0.00435967
29 1 19 0.000611177 -0.00400229 0.000365587 0.00406516
30 1 19 0.000519299 -0.00384169 0.000394356 0.00389663
31 1 19 0.00043774 -0.00378372 0.000422773 0.00383234
32 1 19 0.000340101 -0.00383013 0.000453927 0.0038719
33 1 19 0.000198823 -0.00403219 0.000472946 0.00406469
34 1 19 1.33885e-05 -0.00443664 0.000469085 0.00446139
35 1 19 0.000103623 -0.00480289 0.000429913 0.00482321
36 1 19 0.00168889 -0.00393705 0.000350912 0.00429835
37 1 19 0.00242252 -0.00356107 0.000201991 0.00431168
38 1 19 0.00859943 -0.00016209 0.000148716 0.00860224
39 1 19 0.00955862 0 0 0.00955862
1 2 19 -0.00361555 -0.00122679 -5.6756e-05 0.00381843
2 2 19 -0.00216539 -0.00292767 -7.04327e-05 0.00364213
3 2 19 -0.00654668 -0.00948154 -0.000262348 0.0115251
4 2 19 -0.0112828 -0.0204489 -0.000550148 0.0233615
5 2 19 -0.00626247 -0.025184 -0.000704472 0.0259606
6 2 19 0.00290739 -0.019765 -0.000691089 0.0199896
7 2 19 0.00718208 -0.00979503 -0.000589747 0.0121603
8 2 19 0.00766636 0.000538938 -0.000466561 0.00769943
9 2 19 0.00737169 0.0103042 -0.000352095 0.0126744
10 2 19 0.0068242 0.0192228 -0.000234681 0.0203995
11 2 19 0.00604327 0.0270233 -0.000115995 0.027691
12 2 19 0.00508852 0.0334467 -1.42773e-05 0.0338316
13 2 19 0.00400208 0.0383951 7.71752e-05 0.0386032
14 2 19 0.00282027 0.0417803 0.000160018 0.0418757
15 2 19 0.00165149 0.0435455 0.000219885 0.0435774
16 2 19 0.00053808 0.0437971 0.000257809 0.0438012
17 2 19 -0.000522307 0.0426693 0.000287002 0.0426735
18 2 19 -0.00147325 0.0403586 0.000311852 0.0403867
19 2 19 -0.002248 0.0370781 0.000329933 0.0371476
20 2 19 -0.00280897 0.0330766 0.000339772 0.0331974
21 2 19 -0.00315879 0.028629 0.000339717 0.0288047
22 2 19 -0.00330347 0.0239429 0.000330097 0.024172
23 2 19 -0.00326875 0.0192839 0.000308729 0.0195614
24 2 19 -0.00313495 0.0147757 0.000281058 0.0151073
25 2 19 -0.00292336 0.0105626 0.000260469 0.0109627
26 2 19 -0.0026463 0.00682876 0.000247935 0.00732778
27 2 19 -0.00232938 0.00344915 0.000233983 0.00416862
28 2 19 -0.00199034 0.00047739 0.000222975 0.0020589
29 2 19 -0.0017331 -0.00203979 0.000219899 0.00268565
30 2 19 -0.0015277 -0.0042454 0.000209743 0.00451678
31 2 19 -0.00134674 -0.00614702 0.000197333 0.00629591
32 2 19 -0.0013127 -0.00788668 0.00019704 0.00799761
33 2 19 -0.00180058 -0.00993738 0.00018173 0.0101008
34 2 19 -0.00312721 -0.0131483 0.000134078 0.0135158
35 2 19 -0.0014753 -0.0147282 0.00010699 0.0148023
36 2 19 0.0185567 0.00223032 0.000306575 0.0186928
37 2 19 -0.00600632 -0.00611158 -6.1983e-05 0.0085692
38 2 19 0.0161286 0.00179977 0.000146245 0.0162294
39 2 19 0.00839785 0 0 0.00839785
1 3 19 -0.00575021 -0.000816497 -7.46735e-05 0.00580837
2 3 19 0.00138488 0.00308938 4.92278e-05 0.00338594
3 3 19 0.0162143 0.025929 0.00025374 0.0305823
4 3 19 0.0416867 0.0786829 0.000620045 0.0890459
5 3 19 0.0266588 0.111044 0.000801788 0.114202
6 3 19 -0.0041178 0.103305 0.000675848 0.10339
7 3 19 -0.0195836 0.0758393 0.000421477 0.0783281
8 3 19 -0.0234923 0.0439786 0.000127915 0.04986
9 3 19 -0.0252962 0.0106177 -0.000208915 0.027435
10 3 19 -0.0265709 -0.0233479 -0.000551368 0.0353757
11 3 19 -0.0271655 -0.0570075 -0.000898694 0.0631556
12 3 19 -0.0269402 -0.0893942 -0.00126133 0.0933739
13 3 19 -0.0258355 -0.1194 -0.00161547 0.122174
14 3 19 -0.0238257 -0.146116 -0.00196243 0.148059
15 3 19 -0.020906 -0.168661 -0.00230479 0.169967
16 3 19 -0.0172503 -0.186194 -0.00260869 0.18701
17 3 19 -0.0130338 -0.198258 -0.00284864 0.198706
18 3 19 -0.00840545 -0.204653 -0.00302693 0.204848
19 3 19 -0.00365831 -0.205511 -0.00314578 0.205567
20 3 19 0.000828413 -0.201296 -0.00320217 0.201323
21 3 19 0.00468355 -0.192824 -0.00320115 0.192907
22 3 19 0.00763895 -0.181244 -0.00314664 0.181432
23 3 19 0.00953149 -0.167763 -0.00305747 0.168061
24 3 19 0.0102301 -0.153861 -0.00295378 0.154229
25 3 19 0.0097291 -0.140783 -0.00283248 0.141147
26 3 19 0.00819924 -0.129435 -0.00269025 0.129722
27 3 19 0.0059799 -0.120745 -0.0025522 0.12092
28 3 19 0.00341193 -0.114903 -0.00243762 0.11498
29 3 19 0.000728737 -0.111969 -0.00234605 0.111996
30 3 19 -0.00175726 -0.111895 -0.00230779 0.111933
31 3 19 -0.0040574 -0.114316 -0.00233443 0.114411
32 3 19 -0.00586276 -0.118615 -0.00238396 0.118784
33 3 19 -0.00390713 -0.120348 -0.00235907 0.120434
34 3 19 0.00623976 -0.110595 -0.00198758 0.110789
35 3 19 0.0171828 -0.0914258 -0.00133141 0.093036
36 3 19 0.150011 0.0405434 0.000830388 0.155396
37 3 19 -0.0591146 -0.0126815 -0.000536709 0.0604619
38 3 19 0.0303885 0.00245145 0.000200297 0.0304879
39 3 19 0.00705077 0 0 0.00705077
1 4 19 -0.00735885 -0.000560798 -9.16494e-05 0.00738076
2 4 19 -0.000597612 -0.00211211 9.43028e-05 0.00219706
3 4 19 -0.00124962 -0.0193085 0.000295951 0.0193511
4 4 19 0.0247587 -0.0358576 0.000670512 0.0435799
5 4 19 0.0395405 -0.0225856 0.00106062 0.0455487
6 4 19 0.0283469 0.0103292 0.00130207 0.0301983
7 4 19 0.0179993 0.0484222 0.00145475 0.0516797
8 4 19 0.0181173 0.0905853 0.0016078 0.0923932
9 4 19 0.0210649 0.137627 0.00179545 0.139241
10 4 19 0.023878 0.188897 0.00206481 0.190412
11 4 19 0.0265905 0.243486 0.00238569 0.244946
12 4 19 0.0289745 0.300182 0.00273808 0.301589
13 4 19 0.0305771 0.357371 0.00312988 0.35869
14 4 19 0.0308545 0.412636 0.00352314 0.413803
15 4 19 0.0292386 0.463239 0.00390647 0.464178
16 4 19 0.0251727 0.506027 0.00429196 0.506671
17 4 19 0.0184055 0.537476 0.00464159 0.537811
18 4 19 0.0088925 0.554428 0.00490937 0.554521
19 4 19 -0.0032563 0.554272 0.00508518 0.554305
20 4 19 -0.0174703 0.53532 0.00515493 0.53563
21 4 19 -0.0327296 0.497166 0.00508209 0.498268
22 4 19 -0.047659 0.44109 0.00486971 0.443684
23 4 19 -0.0605232 0.370496 0.00453316 0.375434
24 4 19 -0.0694387 0.290391 0.00407331 0.298606
25 4 19 -0.0727561 0.207514 0.00351686 0.219927
26 4 19 -0.0694396 0.129637 0.00293553 0.147093
27 4 19 -0.0593964 0.064037 0.00238419 0.0873748
28 4 19 -0.0439994 0.0166575 0.0018992 0.0470853
29 4 19 -0.0262935 -0.010355 0.00155344 0.0283017
30 4 19 -0.0102667 -0.0189182 0.00137696 0.0215685
31 4 19 0.000362664 -0.014353 0.00137366 0.0144232
32 4 19 0.00551455 -0.00296654 0.00159176 0.00646099
33 4 19 0.0205204 0.0216963 0.00184061 0.0299199
34 4 19 -0.00992475 0.00594007 0.00102863 0.0116122
35 4 19 -0.172727 -0.183154 -0.00248662 0.251767
36 4 19 0.443046 0.110904 0.00257318 0.456724
37 4 19 -0.184968 -0.0158113 -0.00107792 0.185646
38 4 19 0.0454172 0.000509686 0.000267875 0.0454209
39 4 19 0.00798572 0 0 0.00798572
1 5 19 -0.0077507 0.000216978 -9.71652e-05 0.00775434
2 5 19 -0.00153016 -0.000333736 0.00012847 0.00157139
3 5 19 -0.0125049 -0.0114362 0.000311047 0.0169486
4 5 19 -0.00447159 -0.0404071 0.000521343 0.0406571
5 5 19 0.0109835 -0.0685212 0.000684426 0.0693993
6 5 19 -0.0399365 -0.136299 0.000781745 0.142032
7 5 19 -0.0109634 -0.164826 0.000855366 0.165192
8 5 19 -0.00173874 -0.184237 0.00094445 0.184248
9 5 19 0.011642 -0.193137 0.00110086 0.193491
10 5 19 0.024713 -0.191815 0.00134996 0.193405
11 5 19 0.0341992 -0.18381 0.00163358 0.186971
12 5 19 0.0399841 -0.172439 0.00195442 0.177024
13 5 19 0.0430462 -0.159542 0.00232065 0.165263
14 5 19 0.0445083 -0.145543 0.00269207 0.15222
15 5 19 0.0453297 -0.128991 0.00308644 0.136759
16 5 19 0.0463412 -0.107276 0.00351206 0.11691
17 5 19 0.0484172 -0.0767259 0.00392868 0.0908104
18 5 19 0.0523318 -0.0324208 0.00435708 0.0617147
19 5 19 0.0588619 0.0309553 0.00485776 0.0666825
20 5 19 0.0689322 0.118815 0.00542402 0.137471
21 5 19 0.0830295 0.2359 0.00598534 0.250157
22 5 19 0.100612 0.385123 0.00654521 0.398102
23 5 19 0.11995 0.566413 0.00716386 0.579019
24 5 19 0.137877 0.774451 0.00786056 0.786668
25 5 19 0.14939 0.99727 0.00860188 1.00843
26 5 19 0.147746 1.21508 0.00937857 1.22407
27 5 19 0.12579 1.40069 0.0101662 1.40636
28 5 19 0.0787061 1.52392 0.0108688 1.52599
29 5 19 0.00855795 1.55909 0.0114294 1.55915
30 5 19 -0.0689762 1.50079 0.0117811 1.50242
31 5 19 -0.118063 1.3831 0.0118012 1.38818
32 5 19 -0.0781632 1.29977 0.0114162 1.30217
33 5 19 -0.111516 1.16824 0.00972538 1.17359
34 5 19 -0.970798 0.207733 0.00414743 0.992784
35 5 19 -0.630961 -0.250058 -0.00505632 0.678724
36 5 19 0.786167 0.0947079 0.00406913 0.791862
37 5 19 -0.28352 -0.00553148 -0.00142356 0.283577
38 5 19 0.0468288 -0.00258394 0.000287173 0.046901
39 5 19 0.0121395 0 0 0.0121395
1 6 19 -0.00737244 0.000706395 -9.28452e-05 0.00740679
2 6 19 -0.00230015 0.000351871 0.000151316 0.00233182
3 6 19 -0.0146522 -0.00158441 0.000338504 0.0147415
4 6 19 -0.0188364 -0.0156286 0.000466403 0.0244802
5 6 19 0.048151 0.0220649 0.000507607 0.0529682
6 6 19 -0.0506697 0.0116514 0.00050807 0.0519946
7 6 19 -0.63055 -0.607783 0.0005192 0.875781
8 6 19 0.283298 -0.322473 0.000551942 0.42924
9 6 19 0.154143 -0.179633 0.000651624 0.236703
10 6 19 0.0878994 -0.116176 0.000805386 0.145684
11 6 19 0.0565239 -0.0935356 0.00096739 0.109292
12 6 19 0.0426001 -0.0905733 0.00118129 0.100098
13 6 19 0.0370311 -0.0961856 0.00143671 0.103078
14 6 19 0.0354243 -0.104983 0.00169343 0.110812
15 6 19 0.0359012 -0.114028 0.00198658 0.119562
16 6 19 0.0379416 -0.122071 0.00230217 0.127852
17 6 19 0.0416787 -0.128499 0.00261177 0.135115
18 6 19 0.0474941 -0.13284 0.00298273 0.141107
19 6 19 0.0559629 -0.135362 0.00347449 0.146516
20 6 19 0.0677216 -0.136317 0.00405795 0.152266
21 6 19 0.0830817 -0.135886 0.00465705 0.15934
22 6 19 0.101929 -0.134156 0.00524836 0.168567
23 6 19 0.123945 -0.129733 0.00588808 0.179521
24 6 19 0.149102 -0.11815 0.00662593 0.190354
25 6 19 0.178648 -0.088471 0.00742532 0.199493
26 6 19 0.216801 -0.0189288 0.00825116 0.217782
27 6 19 0.273509 0.129156 0.00909592 0.302608
28 6 19 0.367776 0.418808 0.00985697 0.557455
29 6 19 0.528319 0.938929 0.0104549 1.07741
30 6 19 0.784112 1.79232 0.0108653 1.95636
31 6 19 1.12393 3.03473 0.010986 3.23619
32 6 19 0.68896 3.80185 0.0107305 3.86379
33 6 19 -2.85472 1.05906 0.00930709 3.04485
34 6 19 -2.20982 -0.179736 0.00363324 2.21712
35 6 19 -0.562157 -0.110854 -0.00657462 0.57302
36 6 19 0.911908 0.017308 0.00454497 0.912084
37 6 19 -0.290113 0.00852238 -0.00147947 0.290242
38 6 19 0.0321055 -0.00460636 0.000261396 0.0324354
39 6 19 0.0182754 0 0 0.0182754
1 7 19 -0.00666921 0.000888499 -9.26633e-05 0.00672877
2 7 19 -0.0030253 0.000463345 0.000155308 0.00306452
3 7 19 -0.0132865 0.00185581 0.000359936 0.0134203
4 7 19 -0.0258853 -0.00512629 0.000468736 0.0263922
5 7 19 0.0625552 0.00946338 0.000456742 0.0632686
6 7 19 0.556662 0.61669 0.00040456 0.830771
7 7 19 -0.627839 0.619214 0.00037729 0.881821
8 7 19 -0.106089 0.22987 0.000371939 0.25317
9 7 19 0.00215351 0.0778576 0.000418989 0.0778885
10 7 19 0.02562 0.0154588 0.000492962 0.0299266
11 7 19 0.0281092 -0.0129819 0.000593683 0.0309678
12 7 19 0.0270185 -0.0287151 0.000773422 0.0394355
13 7 19 0.0265622 -0.0393517 0.00097638 0.0474875
14 7 19 0.0272518 -0.0478043 0.00118215 0.0550392
15 7 19 0.0290228 -0.0548703 0.00144301 0.0620899
16 7 19 0.0319907 -0.0610961 0.00172109 0.0689862
17 7 19 0.0363538 -0.0668283 0.00199428 0.0761026
18 7 19 0.0425229 -0.0722836 0.0023122 0.0838955
19 7 19 0.0509907 -0.0782662 0.00271795 0.0934507
20 7 19 0.0620092 -0.085251 0.00317835 0.105465
21 7 19 0.0756699 -0.0935892 0.00370362 0.12041
22 7 19 0.0922515 -0.103852 0.00424589 0.138973
23 7 19 0.112025 -0.116164 0.00484825 0.161454
24 7 19 0.135355 -0.130367 0.0055451 0.188008
25 7 19 0.163416 -0.146027 0.00630525 0.219245
26 7 19 0.198898 -0.164306 0.00706764 0.258083
27 7 19 0.246061 -0.192303 0.00784949 0.312391
28 7 19 0.309683 -0.250622 0.00857868 0.398483
29 7 19 0.388889 -0.390278 0.00914237 0.551031
30 7 19 0.460136 -0.714539 0.00953028 0.84993
31 7 19 0.440672 -1.39797 0.00969059 1.46581
32 7 19 0.2405 -1.84687 0.009553 1.86249
33 7 19 -1.28475 -0.27675 0.00849423 1.31425
34 7 19 -2.0213 -0.0882265 0.00328 2.02323
35 7 19 -0.458757 0.0149567 -0.00684292 0.459052
36 7 19 0.862467 -0.0315441 0.00436238 0.863054
37 7 19 -0.24139 0.0147562 -0.00138121 0.241844
38 7 19 0.010696 -0.00514244 0.000223427 0.0118701
39 7 19 0.0248365 0 0 0.0248365
1 8 19 -0.00595779 0.000865182 -9.80514e-05 0.00602108
2 8 19 -0.00379536 0.00041549 0.000152305 0.00382107
3 8 19 -0.0116606 0.0022179 0.00038188 0.0118758
4 8 19 -0.0315763 -0.00313541 0.000482277 0.0317353
5 8 19 0.0694115 0.00425155 0.000404696 0.0695427
6 8 19 0.258715 -0.293343 0.000293404 0.391131
7 8 19 -0.245128 0.0897481 0.000224718 0.261041
8 8 19 -0.109335 0.0870079 0.00018264 0.13973
9 8 19 -0.0391768 0.0459096 0.000185279 0.0603535
10 8 19 -0.00661456 0.0138641 0.000212262 0.0153627
11 8 19 0.00701328 -0.00691598 0.00029036 0.009854
12 8 19 0.0129508 -0.0208861 0.000435615 0.0245793
13 8 19 0.016309 -0.0308691 0.000569489 0.0349172
14 8 19 0.0189569 -0.0388404 0.00073176 0.0432258
15 8 19 0.02181 -0.0455885 0.000983078 0.0505465
16 8 19 0.0253972 -0.0517254 0.00124731 0.0576376
17 8 19 0.0298296 -0.0578049 0.00146431 0.0650642
18 8 19 0.0356034 -0.0640593 0.00158095 0.0733055
19 8 19 0.0432451 -0.0709896 0.00196245 0.0831475
20 8 19 0.0531297 -0.0789172 0.00243236 0.0951662
21 8 19 0.0653643 -0.0883275 0.00294621 0.109922
22 8 19 0.0802816 -0.0997778 0.00327158 0.128107
23 8 19 0.0979658 -0.113379 0.0037783 0.149888
24 8 19 0.118675 -0.129679 0.00440315 0.175841
25 8 19 0.143022 -0.149694 0.00510888 0.207098
26 8 19 0.172174 -0.175962 0.00579148 0.246252
27 8 19 0.206751 -0.215177 0.00647253 0.298478
28 8 19 0.24535 -0.27931 0.00714534 0.371836
29 8 19 0.280483 -0.387406 0.00769225 0.478345
30 8 19 0.290936 -0.556289 0.00808008 0.627827
31 8 19 0.236204 -0.760188 0.0082856 0.796082
32 8 19 0.123331 -0.877112 0.00825574 0.885779
33 8 19 -0.631712 -0.223869 0.00749338 0.670249
34 8 19 -1.82707 -0.0296942 0.00298923 1.82731
35 8 19 -0.373775 0.0550628 -0.0066332 0.377867
36 8 19 0.757904 -0.0459715 0.00394908 0.759308
37 8 19 -0.177838 0.0151946 -0.00125789 0.178491
38 8 19 -0.0108284 -0.00492381 0.000185197 0.0118968
39 8 19 0.0310398 0 0 0.0310398
1 9 19 -0.00526112 0.000820792 -9.67702e-05 0.00532564
2 9 19 -0.00444315 0.000399953 0.000159006 0.00446395
3 9 19 -0.00990419 0.00219788 0.000412683 0.0101535
4 9 19 -0.0362554 -0.00241203 0.00049477 0.0363389
5 9 19 0.065295 -0.00637873 0.000324131 0.0656066
6 9 19 0.102377 -0.162808 0.000151202 0.192322
7 9 19 -0.100024 -0.0178813 5.08764e-05 0.10161
8 9 19 -0.0743391 0.016987 -1.53772e-05 0.0762552
9 9 19 -0.0423418 0.0135251 -4.39073e-05 0.0444495
10 9 19 -0.0195885 0.000461855 -5.59002e-05 0.019594
11 9 19 -0.00604333 -0.012547 -2.52554e-05 0.0139266
12 9 19 0.00191571 -0.0238106 3.71313e-05 0.0238876
13 9 19 0.00705524 -0.0329886 9.08981e-05 0.0337348
14 9 19 0.0109195 -0.0410631 0.000236399 0.0424908
15 9 19 0.0146986 -0.0483761 0.000530898 0.0505626
16 9 19 0.0190259 -0.0551993 0.000874198 0.0583928
17 9 19 0.0234487 -0.0625317 0.00107566 0.0667923
18 9 19 0.0287807 -0.0706901 0.000238196 0.0763248
19 9 19 0.0350068 -0.0796594 0.000870096 0.0870164
20 9 19 0.043433 -0.0896692 0.00188718 0.0996521
21 9 19 0.0543068 -0.10147 0.00268089 0.11512
22 9 19 0.0677104 -0.115603 0.00201681 0.133988
23 9 19 0.0825658 -0.131982 0.00243881 0.1557
24 9 19 0.0996437 -0.151568 0.00299922 0.181413
25 9 19 0.11901 -0.175963 0.00366181 0.212462
26 9 19 0.140887 -0.207247 0.00427381 0.250637
27 9 19 0.164156 -0.250061 0.00483639 0.299168
28 9 19 0.185482 -0.310277 0.00539724 0.361531
29 9 19 0.197797 -0.393311 0.00588687 0.440286
30 9 19 0.188093 -0.49671 0.0062659 0.531168
31 9 19 0.139868 -0.593321 0.00652114 0.609619
32 9 19 0.0716496 -0.645309 0.00660549 0.649308
33 9 19 -0.296099 -0.31008 0.00614346 0.428791
34 9 19 -1.52003 -0.00342038 0.00259274 1.52004
35 9 19 -0.286946 0.0829687 -0.00601355 0.298761
36 9 19 0.617675 -0.0533736 0.0034066 0.619986
37 9 19 -0.107864 0.0142885 -0.00113459 0.108813
38 9 19 -0.0309159 -0.00454861 0.000145147 0.0312491
39 9 19 0.0367096 0 0 0.0367096
1 10 19 -0.00458604 0.000741449 -9.67122e-05 0.0046466
2 10 19 -0.00498456 0.00035755 0.000156713 0.00499983
3 10 19 -0.00819055 0.00212577 0.000436049 0.00847314
4 10 19 -0.0401364 -0.00157713 0.000503047 0.0401705
5 10 19 0.0499009 -0.0165388 0.000229839 0.0525708
6 10 19 0.0238324 -0.0947783 3.24264e-06 0.0977288
7 10 19 -0.0456038 -0.0402578 -0.000122073 0.060831
8 10 19 -0.049294 -0.0149239 -0.000213239 0.051504
9 10 19 -0.0367571 -0.00911183 -0.000278764 0.0378707
10 10 19 -0.0237486 -0.0129338 -0.000343381 0.0270443
11 10 19 -0.0136269 -0.0202953 -0.000382173 0.0244487
12 10 19 -0.00636678 -0.028663 -0.000397738 0.0293643
13 10 19 -0.00114607 -0.0365143 -0.000378374 0.0365342
14 10 19 0.00289744 -0.0443776 -0.000262003 0.0444729
15 10 19 0.00696821 -0.0519811 0.00011251 0.0524462
16 10 19 0.012151 -0.0586145 0.00085742 0.0598669
17 10 19 0.0156408 -0.0667327 0.00223233 0.0685775
18 10 19 0.0211687 -0.0767258 -0.00325674 0.0796591
19 10 19 0.024427 -0.0873915 -0.00117475 0.0907488
20 10 19 0.0308856 -0.0989815 0.00225136 0.103713
21 10 19 0.0406805 -0.112687 0.00463726 0.119895
22 10 19 0.0538303 -0.129121 -0.000762511 0.139895
23 10 19 0.0644856 -0.147504 0.000741361 0.160985
24 10 19 0.0779985 -0.169035 0.00133289 0.186168
25 10 19 0.0927397 -0.195505 0.00197179 0.216395
26 10 19 0.108478 -0.227795 0.00248775 0.252318
27 10 19 0.123506 -0.268315 0.00294804 0.295391
28 10 19 0.134592 -0.319144 0.00338541 0.34638
29 10 19 0.13683 -0.379808 0.00377891 0.403721
30 10 19 0.123414 -0.444385 0.00411498 0.461222
31 10 19 0.0884029 -0.495585 0.00439923 0.503427
32 10 19 0.0489558 -0.517932 0.00458687 0.520261
33 10 19 -0.134317 -0.356077 0.00442705 0.380593
34 10 19 -1.15591 0.00790515 0.00200156 1.15594
35 10 19 -0.180493 0.11375 -0.00496176 0.213405
36 10 19 0.440863 -0.0588812 0.00274709 0.444786
37 10 19 -0.0340305 0.0128668 -0.00101231 0.0363958
38 10 19 -0.048956 -0.00410657 0.000106864 0.049128
39 10 19 0.0417848 0 0 0.0417848
1 11 19 -0.00401447 0.000656338 -0.000107293 0.00406918
2 11 19 -0.00550158 0.00033833 0.000143013 0.00551382
3 11 19 -0.00656664 0.00208623 0.000460269 0.00690543
4 11 19 -0.0432801 -0.000820761 0.000512833 0.0432909
5 11 19 0.0273652 -0.0229133 0.000120717 0.0356915
6 11 19 -0.0146784 -0.0612595 -0.000163205 0.0629937
7 11 19 -0.0256535 -0.0412024 -0.000316676 0.048537
8 11 19 -0.035811 -0.027414 -0.000435497 0.0451015
9 11 19 -0.0314756 -0.0220583 -0.000535123 0.0384391
10 11 19 -0.024627 -0.0229865 -0.000644342 0.0336939
11 11 19 -0.0179683 -0.0274649 -0.000738907 0.0328288
12 11 19 -0.0124768 -0.0337607 -0.000800666 0.0360013
13 11 19 -0.0080856 -0.0403791 -0.000740375 0.0411873
14 11 19 -0.00483497 -0.0481302 -0.000878934 0.0483805
15 11 19 -0.00131137 -0.0564567 -0.000554091 0.0564746
16 11 19 -0.00084064 -0.0606589 -0.000708475 0.0606688
17 11 19 0.00343122 -0.0694543 -0.000561751 0.0695413
18 11 19 0.0106347 -0.0827198 0.00108902 0.0834077
19 11 19 0.0194244 -0.0945844 0.000991337 0.0965634
20 11 19 0.028636 -0.106177 -0.00114559 0.109977
21 11 19 0.0347601 -0.12096 -0.0024122 0.125878
22 11 19 0.0411324 -0.140413 -0.00113271 0.146318
23 11 19 0.0475671 -0.16028 -0.000793132 0.167192
24 11 19 0.0558191 -0.182599 -0.000597793 0.190941
25 11 19 0.0662343 -0.209588 0.00011992 0.219805
26 11 19 0.0773996 -0.240818 0.000376583 0.252951
27 11 19 0.0873149 -0.277095 0.000721465 0.290528
28 11 19 0.0932898 -0.318778 0.00105061 0.33215
29 11 19 0.0922597 -0.363502 0.00136183 0.37503
30 11 19 0.0809926 -0.406209 0.00165872 0.414208
31 11 19 0.0578133 -0.436956 0.00196848 0.440769
32 11 19 0.0368349 -0.448946 0.00225256 0.45046
33 11 19 -0.052547 -0.367337 0.00238666 0.371085
34 11 19 -0.790414 -0.00233814 0.00117911 0.790418
35 11 19 -0.0310496 0.14599 -0.00344608 0.149295
36 11 19 0.228383 -0.0620648 0.00199083 0.236675
37 11 19 0.0406933 0.0110035 -0.000892875 0.0421642
38 11 19 -0.0644972 -0.00361749 7.7085e-05 0.0645986
39 11 19 0.0461721 0 0 0.0461721
1 12 19 -0.00348504 0.000578888 -0.000113914 0.00353463
2 12 19 -0.00579912 0.000320942 0.000147563 0.00580987
3 12 19 -0.00474267 0.00204298 0.000504352 0.00518855
4 12 19 -0.0457431 -0.000408136 0.000524608 0.045748
5 12 19 0.0018702 -0.0256975 -1.18975e-06 0.0257655
6 12 19 -0.0339982 -0.045078 -0.00034163 0.0564626
7 12 19 -0.0185457 -0.0382203 -0.000523369 0.0424854
8 12 19 -0.0294219 -0.0317584 -0.000669319 0.0432977
9 12 19 -0.0284349 -0.0289113 -0.000797333 0.0405591
10 12 19 -0.0252117 -0.02966 -0.000949908 0.038939
11 12 19 -0.0214218 -0.0329743 -0.00113154 0.039338
12 12 19 -0.0179043 -0.0381473 -0.00133106 0.042161
13 12 19 -0.0140155 -0.0434869 -0.000694165 0.0456949
14 12 19 -0.0132505 -0.0515857 0.000490743 0.0532626
15 12 19 -0.0136098 -0.0564498 -0.000640592 0.0580708
16 12 19 -0.0112375 -0.0645867 -0.00152616 0.0655748
17 12 19 -0.00379131 -0.0762036 -0.00207015 0.076326
18 12 19 0.00389621 -0.0893682 -0.000128455 0.0894532
19 12 19 0.0116014 -0.101744 -0.000497885 0.102405
20 12 19 0.0179869 -0.112396 -0.00231581 0.11385
21 12 19 0.0233315 -0.128722 -0.00377142 0.130874
22 12 19 0.0279212 -0.14699 -0.00218611 0.149634
23 12 19 0.0325298 -0.168419 -0.00279632 0.171554
24 12 19 0.0358993 -0.192731 -0.00343217 0.196076
25 12 19 0.0417055 -0.219834 -0.00382898 0.223787
26 12 19 0.0472102 -0.249661 -0.00188999 0.254092
27 12 19 0.0548223 -0.28175 -0.00163978 0.287039
28 12 19 0.0588724 -0.316188 -0.00150893 0.321625
29 12 19 0.0580179 -0.350432 -0.00130743 0.355205
30 12 19 0.0507598 -0.380971 -0.00106387 0.384339
31 12 19 0.0369578 -0.402207 -0.000751274 0.403903
32 12 19 0.0281773 -0.410793 -0.000396239 0.411758
33 12 19 -0.00541593 -0.363749 9.79486e-06 0.363789
34 12 19 -0.459609 -0.0334371 6.65148e-05 0.460824
35 12 19 0.181555 0.177766 -0.00146619 0.254096
36 12 19 -0.0164046 -0.0625073 0.00115344 0.0646344
37 12 19 0.113325 0.00879557 -0.000798283 0.113668
38 12 19 -0.0770602 -0.00310681 4.7819e-05 0.0771229
39 12 19 0.0498654 0 0 0.0498654
1 13 19 -0.00307904 0.000465039 -0.000117505 0.00311617
2 13 19 -0.00606351 0.000258148 0.000148382 0.00607081
3 13 19 -0.00307454 0.00198838 0.000521125 0.00369838
4 13 19 -0.0484717 -0.000386918 0.000496668 0.0484758
5 13 19 -0.0242391 -0.0259027 -0.000155995 0.0354755
6 13 19 -0.0454003 -0.0369108 -0.000553357 0.0585141
7 13 19 -0.0173435 -0.0352212 -0.000775787 0.0392674
8 13 19 -0.0277117 -0.0328134 -0.000956439 0.0429601
9 13 19 -0.0280773 -0.0322028 -0.00110759 0.0427385
10 13 19 -0.0268662 -0.0335448 -0.00129719 0.0429968
11 13 19 -0.0250745 -0.0366462 -0.00165177 0.0444343
12 13 19 -0.0237417 -0.0422714 -0.00295381 0.0485723
13 13 19 -0.0246589 -0.0437246 -0.00068214 0.0502033
14 13 19 -0.0249574 -0.0494592 -0.000380168 0.0554006
15 13 19 -0.0231695 -0.0580764 -0.00245996 0.0625759
16 13 19 -0.0176091 -0.0721024 -0.00307137 0.074285
17 13 19 -0.00985869 -0.0844591 -0.00236966 0.0850655
18 13 19 -0.00640042 -0.0955234 -0.00264386 0.095774
19 13 19 -0.00752842 -0.106826 -0.00365529 0.107154
20 13 19 -0.00938254 -0.118186 -0.00336763 0.118606
21 13 19 -0.00342782 -0.135162 -0.00382146 0.13526
22 13 19 0.00555804 -0.151806 -0.00387931 0.151957
23 13 19 0.0134109 -0.172625 -0.00425479 0.173197
24 13 19 0.01572 -0.199996 -0.00479213 0.20067
25 13 19 0.0180035 -0.227172 -0.00595204 0.227962
26 13 19 0.0217395 -0.257185 -0.0056479 0.258164
27 13 19 0.0252993 -0.28549 -0.00381605 0.286634
28 13 19 0.029403 -0.314926 -0.00428567 0.316325
29 13 19 0.0299161 -0.342596 -0.0042199 0.343925
30 13 19 0.0267143 -0.366366 -0.00402709 0.367361
31 13 19 0.0201938 -0.383141 -0.00372847 0.383691
32 13 19 0.0200126 -0.390922 -0.00333727 0.391448
33 13 19 0.0250035 -0.360229 -0.00270112 0.361106
34 13 19 -0.179297 -0.0801455 -0.00137223 0.196399
35 13 19 0.469387 0.206095 0.000974371 0.51264
36 13 19 -0.287 -0.0600917 0.00029704 0.293224
37 13 19 0.180671 0.00633945 -0.000718395 0.180784
38 13 19 -0.0864499 -0.00257874 2.1489e-05 0.0864883
39 13 19 0.0528017 0 0 0.0528017
1 14 19 -0.00277788 0.000376824 -0.000125913 0.00280615
2 14 19 -0.00615813 0.000236519 0.000133991 0.00616413
3 14 19 -0.00123324 0.00201446 0.000525588 0.00241975
4 14 19 -0.0512569 -0.000658568 0.000479031 0.0512633
5 14 19 -0.0483152 -0.0245782 -0.000289281 0.0542083
6 14 19 -0.0529723 -0.0322514 -0.000762099 0.0620226
7 14 19 -0.0175724 -0.0327827 -0.00104262 0.03721
8 14 19 -0.0273377 -0.0326231 -0.00126331 0.0425818
9 14 19 -0.0284407 -0.0335887 -0.00143354 0.0440355
10 14 19 -0.0285002 -0.0355481 -0.00159337 0.0455902
11 14 19 -0.0278702 -0.0383949 -0.00168595 0.0474738
12 14 19 -0.0277825 -0.0429372 -0.000680669 0.0511462
13 14 19 -0.0310526 -0.0425885 0.000261623 0.0527078
14 14 19 -0.0298207 -0.0499844 -0.00377601 0.0583265
15 14 19 -0.026731 -0.0642862 -0.0058578 0.0698682
16 14 19 -0.0252903 -0.081004 -0.0060201 0.0850735
17 14 19 -0.029991 -0.0881934 -0.00593752 0.0933423
18 14 19 -0.0371259 -0.0946718 -0.00669844 0.101911
19 14 19 -0.0455465 -0.106012 -0.00694277 0.115591
20 14 19 -0.0500742 -0.124712 -0.00439706 0.134461
21 14 19 -0.046643 -0.145028 -0.00298136 0.152373
22 14 19 -0.0355983 -0.16046 -0.0033309 0.164395
23 14 19 -0.0224928 -0.176075 -0.0043598 0.17756
24 14 19 -0.0100175 -0.203926 -0.00418705 0.204215
25 14 19 -0.00303679 -0.233606 -0.0052565 0.233685
26 14 19 0.00012479 -0.263066 -0.00891939 0.263217
27 14 19 0.00136016 -0.289994 -0.0084721 0.290121
28 14 19 0.00385107 -0.316305 -0.00759369 0.31642
29 14 19 0.00634862 -0.340182 -0.00737804 0.340321
30 14 19 0.00676658 -0.360436 -0.00718854 0.360571
31 14 19 0.00592459 -0.375352 -0.00691813 0.375463
32 14 19 0.0119161 -0.383746 -0.00653347 0.383987
33 14 19 0.0454158 -0.363582 -0.00573409 0.366453
34 14 19 0.0497609 -0.135075 -0.00317841 0.143985
35 14 19 0.833854 0.22732 0.0037949 0.864292
36 14 19 -0.573211 -0.0548551 -0.000544361 0.57583
37 14 19 0.2397 0.00378279 -0.000646605 0.23973
38 14 19 -0.0925808 -0.00203554 3.48565e-06 0.0926032
39 14 19 0.0549682 0 0 0.0549682
1 15 19 -0.00255504 0.000258154 -0.000139313 0.00257182
2 15 19 -0.00612794 0.000172664 0.000116028 0.00613147
3 15 19 0.000584216 0.00199764 0.000542755 0.00215092
4 15 19 -0.0547285 -0.00124391 0.000471607 0.0547447
5 15 19 -0.0700563 -0.0226081 -0.00043602 0.0736153
6 15 19 -0.0597596 -0.0290916 -0.00100301 0.0664721
7 15 19 -0.0195983 -0.0307151 -0.00133572 0.0364595
8 15 19 -0.0289891 -0.0318192 -0.00160778 0.0430745
9 15 19 -0.030791 -0.033824 -0.00187025 0.0457783
10 15 19 -0.0318576 -0.0364541 -0.00217123 0.0484615
11 15 19 -0.0311453 -0.0386724 -0.00224579 0.0497054
12 15 19 -0.0333601 -0.0386774 -0.00217154 0.0511229
13 15 19 -0.0356144 -0.041684 -0.00337397 0.0549302
14 15 19 -0.0362096 -0.0548915 -0.00439525 0.0659055
15 15 19 -0.0382895 -0.0694078 -0.00631867 0.0795201
16 15 19 -0.0466527 -0.0799197 -0.00791573 0.0928778
17 15 19 -0.0608877 -0.0842756 -0.00565822 0.104124
18 15 19 -0.0710584 -0.0898508 -0.00583648 0.114702
19 15 19 -0.0727885 -0.105006 -0.00725231 0.127973
20 15 19 -0.072936 -0.128779 -0.00694542 0.148162
21 15 19 -0.0736621 -0.155064 -0.00614075 0.17178
22 15 19 -0.073208 -0.172662 -0.00577871 0.18763
23 15 19 -0.0642611 -0.188545 -0.00426517 0.199241
24 15 19 -0.0487802 -0.21062 -0.00591838 0.216276
25 15 19 -0.0348529 -0.237383 -0.00744084 0.240044
26 15 19 -0.026865 -0.2685 -0.00788105 0.269956
27 15 19 -0.0226475 -0.296075 -0.00934333 0.297087
28 15 19 -0.0185915 -0.321392 -0.0103527 0.322095
29 15 19 -0.0157355 -0.342913 -0.0104497 0.343433
30 15 19 -0.0125366 -0.361686 -0.0104566 0.362054
31 15 19 -0.00868809 -0.376122 -0.0103188 0.376364
32 15 19 0.00185914 -0.385815 -0.0100115 0.385949
33 15 19 0.0567628 -0.374155 -0.00911639 0.378546
34 15 19 0.234204 -0.189745 -0.00539488 0.301469
35 15 19 1.26342 0.237868 0.00685724 1.28564
36 15 19 -0.861667 -0.0469228 -0.00137277 0.862945
37 15 19 0.287758 0.00129132 -0.000601826 0.287761
38 15 19 -0.09545 -0.00148464 -9.17606e-06 0.0954616
39 15 19 0.056435 0 0 0.056435
1 16 19 -0.00248958 0.000149028 -0.00015798 0.00249904
2 16 19 -0.00609016 0.000157103 9.40218e-05 0.00609291
3 16 19 0.00240453 0.00201409 0.000553179 0.00318501
4 16 19 -0.0587513 -0.00191241 0.000425124 0.0587839
5 16 19 -0.0887582 -0.020379 -0.000631861 0.0910699
6 16 19 -0.0659424 -0.0264549 -0.00127672 0.0710625
7 16 19 -0.021785 -0.0286746 -0.00164878 0.0360491
8 16 19 -0.0308362 -0.0304781 -0.00200426 0.0434028
9 16 19 -0.0334296 -0.0332836 -0.0024564 0.0472374
10 16 19 -0.0364065 -0.0377894 -0.00325975 0.0525747
11 16 19 -0.0409359 -0.0369514 -0.00180641 0.0551762
12 16 19 -0.0434221 -0.0366375 -0.00262624 0.0568743
13 16 19 -0.0455816 -0.0423254 -0.00325354 0.0622873
14 16 19 -0.0485654 -0.0549589 -0.00555189 0.0735521
15 16 19 -0.0587471 -0.0648292 -0.00846247 0.0878958
16 16 19 -0.0728494 -0.0707366 -0.00512314 0.101671
17 16 19 -0.0833475 -0.0764646 -0.000344683 0.113109
18 16 19 -0.0838916 -0.0901752 -0.00209618 0.123182
19 16 19 -0.0781674 -0.10784 -0.00643853 0.133345
20 16 19 -0.0736782 -0.130243 -0.00907076 0.149913
21 16 19 -0.0780095 -0.156541 -0.0112372 0.175262
22 16 19 -0.0869975 -0.181957 -0.0132073 0.202118
23 16 19 -0.093284 -0.202623 -0.0104453 0.223309
24 16 19 -0.0893746 -0.224628 -0.00734663 0.241867
25 16 19 -0.0762548 -0.246744 -0.00896605 0.258414
26 16 19 -0.0616791 -0.274354 -0.0113923 0.281432
27 16 19 -0.0537748 -0.30301 -0.0123002 0.30799
28 16 19 -0.0472603 -0.327922 -0.0138768 0.3316
29 16 19 -0.0405181 -0.349789 -0.0134143 0.352384
30 16 19 -0.0319359 -0.369157 -0.0137963 0.370793
31 16 19 -0.0231611 -0.383854 -0.0138658 0.384802
32 16 19 -0.00893199 -0.39469 -0.0136944 0.395028
33 16 19 0.0622697 -0.38926 -0.0127608 0.394415
34 16 19 0.388081 -0.235623 -0.00792822 0.454079
35 16 19 1.73553 0.234306 0.0101077 1.7513
36 16 19 -1.13564 -0.0368695 -0.00211002 1.13624
37 16 19 0.322984 -0.00109976 -0.000565956 0.322986
38 16 19 -0.0953217 -0.000975519 -7.99118e-06 0.0953266
39 16 19 0.057128 0 0 0.057128
1 17 19 -0.00252034 6.92598e-05 -0.000174118 0.0025273
2 17 19 -0.00588481 0.00012854 8.27828e-05 0.00588679
3 17 19 0.00442008 0.00192391 0.000578502 0.00485522
4 17 19 -0.0632922 -0.00264106 0.000392572 0.0633485
5 17 19 -0.104742 -0.0182692 -0.000771531 0.106326
6 17 19 -0.0720191 -0.0241037 -0.00146957 0.0759598
7 17 19 -0.0241168 -0.0265799 -0.00189762 0.0359404
8 17 19 -0.0328643 -0.0285605 -0.00236892 0.0436048
9 17 19 -0.0360063 -0.0312137 -0.00296434 0.0477445
10 17 19 -0.0398371 -0.0347408 -0.00369313 0.0529864
11 17 19 -0.0448776 -0.0343222 -0.00214049 0.0565385
12 17 19 -0.0491332 -0.0349093 -0.00285238 0.0603396
13 17 19 -0.05528 -0.0402268 -0.00404556 0.0684868
14 17 19 -0.0629103 -0.0477943 -0.00819892 0.0794306
15 17 19 -0.0744822 -0.0563027 -0.00901649 0.0938024
16 17 19 -0.0829013 -0.0620967 -0.0038767 0.103652
17 17 19 -0.0846266 -0.0725261 -2.75743e-05 0.111453
18 17 19 -0.0810219 -0.0936365 -0.00236693 0.123846
19 17 19 -0.0794834 -0.113692 -0.00778552 0.138939
20 17 19 -0.0831939 -0.129205 -0.00930763 0.153954
21 17 19 -0.086009 -0.152492 -0.0129444 0.175553
22 17 19 -0.0950466 -0.182199 -0.0166966 0.206178
23 17 19 -0.107943 -0.210029 -0.0165288 0.236721
24 17 19 -0.116533 -0.237899 -0.0118991 0.265175
25 17 19 -0.114084 -0.262782 -0.0111481 0.286694
26 17 19 -0.101523 -0.285889 -0.0149969 0.30375
27 17 19 -0.088678 -0.313765 -0.0160979 0.326453
28 17 19 -0.0760894 -0.34018 -0.0169748 0.348999
29 17 19 -0.0643102 -0.363269 -0.0167473 0.369298
30 17 19 -0.0516564 -0.3831 -0.017225 0.386951
31 17 19 -0.0377396 -0.397822 -0.0175358 0.399992
32 17 19 -0.0197746 -0.40857 -0.0175734 0.409426
33 17 19 0.065656 -0.405121 -0.0166855 0.410746
34 17 19 0.529663 -0.263469 -0.0108082 0.591672
35 17 19 2.21517 0.214505 0.0133414 2.22557
36 17 19 -1.37758 -0.025246 -0.00275607 1.37781
37 17 19 0.344237 -0.00316374 -0.000560927 0.344252
38 17 19 -0.0924615 -0.000486233 -4.66197e-06 0.0924628
39 17 19 0.0571159 0 0 0.0571159
1 18 19 -0.00266181 -2.43791e-05 -0.000190622 0.00266874
2 18 19 -0.00563133 5.57306e-05 6.92409e-05 0.00563203
3 18 19 0.00633251 0.00181971 0.00059429 0.00661552
4 18 19 -0.0685108 -0.00314353 0.000349485 0.0685838
5 18 19 -0.11833 -0.0162879 -0.000891194 0.119449
6 18 19 -0.0775749 -0.0218207 -0.00164815 0.0806023
7 18 19 -0.026918 -0.0243167 -0.00213702 0.036338
8 18 19 -0.0353843 -0.0262842 -0.00271314 0.0441619
9 18 19 -0.0389592 -0.0285972 -0.00359873 0.0484621
10 18 19 -0.0432841 -0.0313772 -0.00558662 0.0537518
11 18 19 -0.0493723 -0.0299953 -0.00309049 0.0578523
12 18 19 -0.054503 -0.0291754 -0.0038388 0.0619397
13 18 19 -0.060626 -0.0340859 -0.00400274 0.0696662
14 18 19 -0.0668637 -0.0416953 -0.00617244 0.0790402
15 18 19 -0.0729895 -0.0538174 -0.00785603 0.0910247
16 18 19 -0.0779138 -0.0607673 -0.00640783 0.0990166
17 18 19 -0.0789896 -0.0721702 -0.00484302 0.107104
18 18 19 -0.0828287 -0.092793 -0.00694617 0.124577
19 18 19 -0.0967609 -0.112042 -0.00938912 0.148338
20 18 19 -0.11009 -0.128973 -0.0114709 0.169957
21 18 19 -0.11389 -0.148928 -0.0115727 0.187842
22 18 19 -0.112839 -0.178028 -0.0148453 0.211299
23 18 19 -0.119763 -0.209677 -0.0163647 0.242024
24 18 19 -0.129177 -0.243637 -0.0154397 0.276196
25 18 19 -0.133376 -0.277503 -0.0164028 0.308328
26 18 19 -0.130804 -0.304428 -0.0181135 0.331834
27 18 19 -0.121839 -0.332813 -0.0190639 0.354926
28 18 19 -0.108727 -0.358899 -0.0205802 0.375571
29 18 19 -0.0932992 -0.382351 -0.0185944 0.394008
30 18 19 -0.0735606 -0.40377 -0.0205574 0.410931
31 18 19 -0.0526548 -0.418325 -0.0213187 0.422164
32 18 19 -0.028943 -0.427186 -0.0216078 0.42871
33 18 19 0.0735487 -0.419247 -0.0208278 0.426159
34 18 19 0.685197 -0.263685 -0.0139827 0.734316
35 18 19 2.65774 0.177713 0.0163549 2.66373
36 18 19 -1.57005 -0.0130705 -0.00330672 1.57011
37 18 19 0.351318 -0.00481665 -0.00059527 0.351352
38 18 19 -0.0872953 -1.36854e-05 -4.52841e-06 0.0872953
39 18 19 0.0564603 0 0 0.0564603
1 19 19 -0.00288056 -0.000104013 -0.000212125 0.00289024
2 19 19 -0.00527562 1.27292e-05 4.48146e-05 0.00527583
3 19 19 0.00828009 0.0017539 0.00058778 0.0084842
4 19 19 -0.0738347 -0.00346369 0.000279827 0.0739164
5 19 19 -0.129617 -0.0147054 -0.00102476 0.130452
6 19 19 -0.0824204 -0.0196847 -0.00185398 0.0847588
7 19 19 -0.0284236 -0.0218735 -0.00235851 0.0359432
8 19 19 -0.0367447 -0.0237524 -0.00285735 0.0438465
9 19 19 -0.040794 -0.0259299 -0.00344293 0.0484599
10 19 19 -0.0453418 -0.0286413 -0.00397428 0.0537773
11 19 19 -0.0500558 -0.0255303 -0.00359713 0.0563056
12 19 19 -0.0544182 -0.0242547 -0.00346468 0.0596794
13 19 19 -0.0594392 -0.02913 -0.00464128 0.066356
14 19 19 -0.0668036 -0.0388741 -0.00501856 0.0774538
15 19 19 -0.0732579 -0.0535948 -0.00953463 0.091269
16 19 19 -0.0836016 -0.0625436 -0.0111731 0.105004
17 19 19 -0.0952386 -0.0690503 -0.0103838 0.118094
18 19 19 -0.107144 -0.0808182 -0.00835012 0.134466
19 19 19 -0.115467 -0.101922 -0.00940317 0.154302
20 19 19 -0.123079 -0.129123 -0.014805 0.178998
21 19 19 -0.137007 -0.153028 -0.0141956 0.205889
22 19 19 -0.14789 -0.176742 -0.0125015 0.230793
23 19 19 -0.15176 -0.206939 -0.0126122 0.256932
24 19 19 -0.154096 -0.244754 -0.0135609 0.289541
25 19 19 -0.15651 -0.285952 -0.0180601 0.326481
26 19 19 -0.158269 -0.320636 -0.018764 0.358063
27 19 19 -0.150989 -0.353736 -0.022131 0.385248
28 19 19 -0.139071 -0.38316 -0.0243621 0.408346
29 19 19 -0.121625 -0.408548 -0.0239262 0.426939
30 19 19 -0.0973751 -0.432891 -0.0246585 0.444393
31 19 19 -0.067334 -0.447681 -0.0252968 0.453422
32 19 19 -0.0340966 -0.452995 -0.02567 0.455001
33 19 19 0.0944694 -0.432317 -0.0249697 0.443222
34 19 19 0.891226 -0.226643 -0.0172115 0.919754
35 19 19 3.01094 0.125425 0.0190606 3.01361
36 19 19 -1.69774 -0.00145773 -0.00369265 1.69774
37 19 19 0.345324 -0.00608692 -0.000630581 0.345379
38 19 19 -0.0803317 0.000408038 8.29676e-06 0.0803327
39 19 19 0.0551674 0 0 0.0551674
1 20 19 -0.0031879 -0.000184144 -0.000233385 0.00320173
2 20 19 -0.00490098 -3.62362e-05 2.45949e-05 0.00490118
3 20 19 0.0100649 0.00161837 0.000586287 0.0102111
4 20 19 -0.0792932 -0.00364919 0.000221488 0.0793774
5 20 19 -0.139639 -0.0134516 -0.00112967 0.14029
6 20 19 -0.0869508 -0.0175333 -0.00203642 0.0887244
7 20 19 -0.0312247 -0.0191515 -0.00255498 0.036719
8 20 19 -0.0390398 -0.0207385 -0.00301755 0.0443091
9 20 19 -0.0431554 -0.0227097 -0.00358479 0.0488976
10 20 19 -0.0480946 -0.0254633 -0.00423045 0.0545836
11 20 19 -0.0537119 -0.0221372 -0.00438885 0.0582605
12 20 19 -0.0601794 -0.0198877 -0.0044965 0.0635397
13 20 19 -0.0660999 -0.0235018 -0.00449513 0.0702975
14 20 19 -0.0726789 -0.0344089 -0.00493645 0.080564
15 20 19 -0.0822477 -0.0495598 -0.0112014 0.0966764
16 20 19 -0.101245 -0.0584797 -0.0131408 0.117657
17 20 19 -0.118781 -0.0633181 -0.010529 0.135014
18 20 19 -0.127483 -0.0756834 -0.00701728 0.148422
19 20 19 -0.125753 -0.0971839 -0.0081997 0.159141
20 20 19 -0.128134 -0.121863 -0.0167379 0.177621
21 20 19 -0.151385 -0.146954 -0.0187344 0.211811
22 20 19 -0.179445 -0.175108 -0.0167464 0.251284
23 20 19 -0.19561 -0.206272 -0.0140933 0.284623
24 20 19 -0.200152 -0.244369 -0.0141469 0.316192
25 20 19 -0.20011 -0.29028 -0.0202779 0.353154
26 20 19 -0.202968 -0.334321 -0.0223605 0.391749
27 20 19 -0.199224 -0.37495 -0.0243688 0.42529
28 20 19 -0.185634 -0.411532 -0.0268357 0.45226
29 20 19 -0.161923 -0.442791 -0.0276148 0.472277
30 20 19 -0.127738 -0.473382 -0.028477 0.49114
31 20 19 -0.0841277 -0.490106 -0.0291996 0.49813
32 20 19 -0.0356451 -0.491408 -0.0296567 0.493591
33 20 19 0.135632 -0.449577 -0.0290028 0.470486
34 20 19 1.19596 -0.144256 -0.020331 1.2048
35 20 19 3.21677 0.0616554 0.0212999 3.21743
36 20 19 -1.75101 0.00878578 -0.00392457 1.75104
37 20 19 0.328127 -0.00686179 -0.000670517 0.3282
38 20 19 -0.0720926 0.000803277 3.13612e-05 0.072097
39 20 19 0.0533183 0 0 0.0533183
1 21 19 -0.00353852 -0.000240984 -0.000252495 0.00355569
2 21 19 -0.00444955 -5.39796e-05 7.63063e-06 0.00444988
3 21 19 0.0117596 0.00146663 0.000582219 0.011865
4 21 19 -0.0843615 -0.00352207 0.000156559 0.0844352
5 21 19 -0.14848 -0.0123391 -0.0012239 0.148997
6 21 19 -0.0901257 -0.0154437 -0.00218365 0.0914654
7 21 19 -0.031963 -0.0165699 -0.00270196 0.036104
8 21 19 -0.0395748 -0.0176847 -0.00318075 0.043463
9 21 19 -0.0442466 -0.0190887 -0.00383435 0.0483409
10 21 19 -0.0503595 -0.0214682 -0.00445199 0.0549252
11 21 19 -0.0584911 -0.0172593 -0.00370833 0.061097
12 21 19 -0.0636714 -0.0154717 -0.00418034 0.0656575
13 21 19 -0.0692009 -0.018276 -0.00333733 0.0716513
14 21 19 -0.074498 -0.0264838 -0.00547403 0.0792547
15 21 19 -0.0847485 -0.0383088 -0.00973687 0.093513
16 21 19 -0.102617 -0.0502726 -0.0102847 0.114732
17 21 19 -0.117399 -0.0607015 -0.010086 0.132547
18 21 19 -0.129373 -0.0789848 -0.0104778 0.15194
19 21 19 -0.144526 -0.096102 -0.0109068 0.173903
20 21 19 -0.161165 -0.106753 -0.0132747 0.19377
21 21 19 -0.179212 -0.127632 -0.0166743 0.220647
22 21 19 -0.197573 -0.164643 -0.0200938 0.257966
23 21 19 -0.218037 -0.20392 -0.0211352 0.299283
24 21 19 -0.234726 -0.245904 -0.0198688 0.340528
25 21 19 -0.24329 -0.2945 -0.0234749 0.382716
26 21 19 -0.251236 -0.346716 -0.0276372 0.429063
27 21 19 -0.253565 -0.398556 -0.0280998 0.473214
28 21 19 -0.241786 -0.446993 -0.0302055 0.509093
29 21 19 -0.215018 -0.488901 -0.0309362 0.53499
30 21 19 -0.168216 -0.529427 -0.0319921 0.556429
31 21 19 -0.106147 -0.551578 -0.0329293 0.562663
32 21 19 -0.0347736 -0.551079 -0.0335005 0.55319
33 21 19 0.204953 -0.481995 -0.0328298 0.524789
34 21 19 1.66522 -0.012953 -0.0231594 1.66543
35 21 19 3.22149 -0.00771868 0.0229499 3.22158
36 21 19 -1.72648 0.0166734 -0.00403015 1.72657
37 21 19 0.302679 -0.00721621 -0.000728137 0.302766
38 21 19 -0.0630813 0.00114854 5.58376e-05 0.0630918
39 21 19 0.0509401 0 0 0.0509401
1 22 19 -0.00391418 -0.000284091 -0.000268968 0.00393368
2 22 19 -0.00395111 -6.08956e-05 -6.58318e-06 0.00395159
3 22 19 0.0132394 0.00124593 0.000574967 0.0133103
4 22 19 -0.0889186 -0.00319038 8.2172e-05 0.0889759
5 22 19 -0.157022 -0.0115441 -0.00131713 0.157451
6 22 19 -0.0920463 -0.0134767 -0.00230437 0.0930562
7 22 19 -0.0323135 -0.0138857 -0.00280305 0.0352822
8 22 19 -0.039796 -0.0141227 -0.00331351 0.0423575
9 22 19 -0.0447883 -0.0144157 -0.00412168 0.0472313
10 22 19 -0.0511842 -0.0150399 -0.00532975 0.0536137
11 22 19 -0.0593321 -0.0128025 -0.00356798 0.0608025
12 22 19 -0.0656615 -0.0108857 -0.00418284 0.066689
13 22 19 -0.0718237 -0.0128838 -0.00368464 0.0730631
14 22 19 -0.0769871 -0.0180841 -0.00445927 0.0792082
15 22 19 -0.0843282 -0.0263346 -0.00774309 0.0886832
16 22 19 -0.0988809 -0.041593 -0.00902856 0.107652
17 22 19 -0.115572 -0.0540079 -0.0095762 0.127928
18 22 19 -0.132204 -0.0684823 -0.0127491 0.149433
19 22 19 -0.158579 -0.0830737 -0.0131638 0.179504
20 22 19 -0.185936 -0.0930346 -0.0116207 0.208237
21 22 19 -0.199762 -0.115544 -0.0146446 0.231235
22 22 19 -0.213154 -0.152693 -0.0208319 0.263028
23 22 19 -0.23759 -0.195799 -0.0233203 0.308756
24 22 19 -0.263025 -0.243763 -0.0244529 0.359445
25 22 19 -0.285257 -0.295845 -0.0274475 0.411885
26 22 19 -0.304739 -0.357132 -0.0304608 0.470465
27 22 19 -0.315634 -0.422703 -0.0313024 0.528472
28 22 19 -0.309256 -0.487345 -0.0332659 0.578144
29 22 19 -0.281033 -0.549275 -0.0336485 0.617912
30 22 19 -0.224825 -0.605695 -0.0352678 0.647037
31 22 19 -0.140863 -0.640162 -0.0364339 0.656489
32 22 19 -0.0389006 -0.644246 -0.037089 0.646484
33 22 19 0.303416 -0.546025 -0.0363064 0.625718
34 22 19 2.37493 0.163195 -0.0254922 2.38067
35 22 19 2.98253 -0.0743956 0.0239511 2.98355
36 22 19 -1.63001 0.021749 -0.00403156 1.63016
37 22 19 0.272277 -0.00715791 -0.0008054 0.272372
38 22 19 -0.0537335 0.00145606 7.8209e-05 0.0537533
39 22 19 0.04812 0 0 0.04812
1 23 19 -0.00428138 -0.000306925 -0.000284328 0.00430177
2 23 19 -0.00338785 -3.76134e-05 -1.92785e-05 0.00338812
3 23 19 0.0145148 0.00099878 0.000569984 0.0145603
4 23 19 -0.0926118 -0.00269066 1.68956e-05 0.0926509
5 23 19 -0.16589 -0.0112292 -0.00138514 0.166276
6 23 19 -0.0928265 -0.011794 -0.00238619 0.0936032
7 23 19 -0.0320177 -0.0111225 -0.00286688 0.0340157
8 23 19 -0.0393034 -0.0102813 -0.0033917 0.0407672
9 23 19 -0.0443278 -0.00964216 -0.00420004 0.0455584
10 23 19 -0.0508543 -0.00934807 -0.00510803 0.051958
11 23 19 -0.0591324 -0.00688915 -0.00421612 0.0596815
12 23 19 -0.0651862 -0.00545589 -0.00584764 0.065675
13 23 19 -0.0731648 -0.00771621 -0.00580297 0.073799
14 23 19 -0.0827547 -0.011247 -0.00498531 0.0836642
15 23 19 -0.0916372 -0.015261 -0.00693315 0.0931577
16 23 19 -0.104485 -0.0293049 -0.00701023 0.108743
17 23 19 -0.120981 -0.0416977 -0.00820958 0.128228
18 23 19 -0.138979 -0.0485897 -0.015157 0.148006
19 23 19 -0.167749 -0.0612163 -0.0172068 0.179397
20 23 19 -0.19817 -0.0816219 -0.0110661 0.214606
21 23 19 -0.217044 -0.106156 -0.0132891 0.241979
22 23 19 -0.237901 -0.13718 -0.0213715 0.275449
23 23 19 -0.272537 -0.180664 -0.0241808 0.327873
24 23 19 -0.309762 -0.231981 -0.0256731 0.387849
25 23 19 -0.346209 -0.288853 -0.0285339 0.451786
26 23 19 -0.378514 -0.360756 -0.0297146 0.523737
27 23 19 -0.398334 -0.44339 -0.0315096 0.596873
28 23 19 -0.400482 -0.530793 -0.0351057 0.665853
29 23 19 -0.376121 -0.620248 -0.0366624 0.726305
30 23 19 -0.310034 -0.705523 -0.0382959 0.771589
31 23 19 -0.199808 -0.764537 -0.0395614 0.791204
32 23 19 -0.0595536 -0.785006 -0.0402308 0.788289
33 23 19 0.42785 -0.660499 -0.0392484 0.787944
34 23 19 3.40282 0.366998 -0.0271343 3.42267
35 23 19 2.48415 -0.1292 0.0243253 2.48763
36 23 19 -1.47667 0.0237908 -0.00393091 1.47687
37 23 19 0.2403 -0.0068005 -0.00088407 0.240398
38 23 19 -0.0444477 0.00171408 0.000105285 0.0444809
39 23 19 0.0448974 0 0 0.0448974
1 24 19 -0.00462176 -0.000319005 -0.0003006 0.0046425
2 24 19 -0.00279997 -8.90485e-07 -3.53325e-05 0.00280019
3 24 19 0.0154803 0.000761231 0.000560739 0.0155092
4 24 19 -0.0951943 -0.00194734 -4.34389e-05 0.0952142
5 24 19 -0.175323 -0.011241 -0.00142313 0.175689
6 24 19 -0.0919953 -0.0104937 -0.00240732 0.0926232
7 24 19 -0.0294213 -0.00848705 -0.00285221 0.0307535
8 24 19 -0.0367179 -0.00641884 -0.00335702 0.0374256
9 24 19 -0.0420439 -0.00473902 -0.00413157 0.0425114
10 24 19 -0.0490037 -0.00319154 -0.00483508 0.049345
11 24 19 -0.056912 -0.00180148 -0.0054727 0.0572029
12 24 19 -0.0645237 0.000243565 -0.00601521 0.0648039
13 24 19 -0.0729282 -4.09259e-05 -0.00630324 0.0732001
14 24 19 -0.0832382 -0.00311298 -0.00572742 0.0834931
15 24 19 -0.0928924 -0.00468543 -0.00653878 0.0932401
16 24 19 -0.104973 -0.0147173 -0.007271 0.106248
17 24 19 -0.121784 -0.0261479 -0.00925201 0.124903
18 24 19 -0.144168 -0.0282551 -0.0182016 0.148034
19 24 19 -0.17766 -0.040022 -0.0203929 0.183251
20 24 19 -0.213817 -0.0644152 -0.0107784 0.223569
21 24 19 -0.238153 -0.0878145 -0.012089 0.254114
22 24 19 -0.266268 -0.111807 -0.0211145 0.28956
23 24 19 -0.307237 -0.154297 -0.0246373 0.344686
24 24 19 -0.355303 -0.206778 -0.02738 0.412004
25 24 19 -0.407345 -0.269471 -0.0303436 0.489352
26 24 19 -0.458842 -0.353781 -0.0313421 0.58024
27 24 19 -0.500841 -0.454604 -0.0334903 0.677221
28 24 19 -0.523488 -0.570947 -0.0365916 0.775473
29 24 19 -0.510448 -0.702807 -0.0390466 0.869494
30 24 19 -0.440513 -0.833248 -0.0408548 0.94341
31 24 19 -0.300686 -0.93455 -0.042197 0.982637
32 24 19 -0.112732 -0.987987 -0.0428182 0.995319
33 24 19 0.579194 -0.837048 -0.0415516 1.01874
34 24 19 4.80508 0.564065 -0.0279953 4.83816
35 24 19 1.75471 -0.163419 0.0241358 1.76247
36 24 19 -1.28966 0.023021 -0.00374529 1.28987
37 24 19 0.209862 -0.0062553 -0.000955887 0.209957
38 24 19 -0.0354706 0.00192017 0.000139044 0.0355228
39 24 19 0.0413277 0 0 0.0413277
1 25 19 -0.00489828 -0.000314454 -0.000316778 0.00491858
2 25 19 -0.00217375 2.69279e-05 -5.1781e-05 0.00217454
3 25 19 0.0160244 0.000445584 0.000552672 0.0160401
4 25 19 -0.0968275 -0.00115533 -0.000100091 0.0968345
5 25 19 -0.186008 -0.0114704 -0.0014558 0.186367
6 25 19 -0.0902915 -0.00978283 -0.00242105 0.0908521
7 25 19 -0.0260688 -0.00591772 -0.00283219 0.0268817
8 25 19 -0.0334302 -0.00218443 -0.00328612 0.0336622
9 25 19 -0.0393066 0.000696883 -0.00403457 0.0395193
10 25 19 -0.0472779 0.00287352 -0.00475489 0.0476032
11 25 19 -0.0564941 0.00374574 -0.00578779 0.0569132
12 25 19 -0.067224 0.00637009 -0.0068808 0.0678748
13 25 19 -0.0770125 0.00805713 -0.00587918 0.0776557
14 25 19 -0.086707 0.00526729 -0.00655517 0.0871138
15 25 19 -0.0967277 0.00581103 -0.0068057 0.0971408
16 25 19 -0.10956 0.000301398 -0.00919936 0.109946
17 25 19 -0.126712 -0.00686773 -0.0098101 0.127277
18 25 19 -0.146953 -0.00593527 -0.0143832 0.147774
19 25 19 -0.173459 -0.0160871 -0.0184776 0.175181
20 25 19 -0.207328 -0.041323 -0.0142491 0.211886
21 25 19 -0.241851 -0.0608959 -0.0176263 0.250022
22 25 19 -0.285313 -0.079712 -0.0221363 0.297065
23 25 19 -0.338286 -0.117358 -0.02446 0.358899
24 25 19 -0.400451 -0.167344 -0.0286024 0.434952
25 25 19 -0.472399 -0.232135 -0.0311957 0.527277
26 25 19 -0.550253 -0.325512 -0.0340082 0.640229
27 25 19 -0.62643 -0.446427 -0.0346425 0.770007
28 25 19 -0.685603 -0.600269 -0.0378586 0.912035
29 25 19 -0.701069 -0.790559 -0.0407449 1.05742
30 25 19 -0.642538 -0.992025 -0.0427332 1.18271
31 25 19 -0.472819 -1.16419 -0.0441317 1.25731
32 25 19 -0.221197 -1.27244 -0.0446624 1.29229
33 25 19 0.789905 -1.06163 -0.0430782 1.32396
34 25 19 6.56951 0.701996 -0.0280763 6.60697
35 25 19 0.880059 -0.170437 0.023474 0.896718
36 25 19 -1.0988 0.0203217 -0.00351929 1.099
37 25 19 0.18285 -0.00553599 -0.00103338 0.182936
38 25 19 -0.02702 0.00210882 0.000172111 0.0271027
39 25 19 0.0375057 0 0 0.0375057
1 26 19 -0.00508651 -0.00027553 -0.000334655 0.00510495
2 26 19 -0.00144127 0.000117572 -7.1743e-05 0.00144784
3 26 19 0.016317 0.000139996 0.000550117 0.0163269
4 26 19 -0.0972699 -0.000435748 -0.00012935 0.097271
5 26 19 -0.19762 -0.011667 -0.00144415 0.19797
6 26 19 -0.089173 -0.0104852 -0.0023944 0.0898193
7 26 19 -0.0190883 -0.00364753 -0.0028045 0.019635
8 26 19 -0.0269547 0.00267732 -0.00319952 0.0272757
9 26 19 -0.0341235 0.00724076 -0.00389325 0.0350999
10 26 19 -0.0438099 0.0103207 -0.00458166 0.0452418
11 26 19 -0.0544547 0.0121051 -0.00546102 0.0560506
12 26 19 -0.0657602 0.0130966 -0.00699909 0.067416
13 26 19 -0.0784719 0.0161043 -0.00619143 0.0803463
14 26 19 -0.0885257 0.0133648 -0.00678914 0.0897859
15 26 19 -0.100519 0.0170149 -0.0083432 0.10229
16 26 19 -0.114208 0.0140452 -0.00853532 0.115384
17 26 19 -0.128534 0.0099885 -0.0105584 0.129353
18 26 19 -0.147682 0.0134375 -0.0163842 0.149194
19 26 19 -0.174979 0.00760685 -0.0190235 0.176174
20 26 19 -0.21135 -0.0114235 -0.0134497 0.212085
21 26 19 -0.250017 -0.0241073 -0.0154674 0.251653
22 26 19 -0.300103 -0.0365914 -0.0212473 0.303071
23 26 19 -0.363818 -0.0660808 -0.0253472 0.370639
24 26 19 -0.443548 -0.108983 -0.0276959 0.45758
25 26 19 -0.538181 -0.168919 -0.0307661 0.564907
26 26 19 -0.647707 -0.265251 -0.0339148 0.700737
27 26 19 -0.769031 -0.402316 -0.0352486 0.868625
28 26 19 -0.884838 -0.601763 -0.03888 1.07078
29 26 19 -0.967007 -0.867941 -0.0416273 1.30006
30 26 19 -0.956333 -1.18185 -0.043669 1.52094
31 26 19 -0.769104 -1.47876 -0.0450678 1.66742
32 26 19 -0.423796 -1.6814 -0.0454942 1.73458
33 26 19 1.20794 -1.26341 -0.0436554 1.74849
34 26 19 8.54989 0.716171 -0.0274711 8.57987
35 26 19 0.0137108 -0.148679 0.0224815 0.150993
36 26 19 -0.933402 0.0165885 -0.00326561 0.933555
37 26 19 0.160571 -0.00486017 -0.00110684 0.160648
38 26 19 -0.0191209 0.00222047 0.000208204 0.0192505
39 26 19 0.0334586 0 0 0.0334586
1 27 19 -0.00521395 -0.000250033 -0.000354836 0.00523198
2 27 19 -0.000726139 0.000228727 -0.000103728 0.000768344
3 27 19 0.01616 -0.000110754 0.000528863 0.016169
4 27 19 -0.0967626 0.000200572 -0.000160981 0.0967629
5 27 19 -0.20911 -0.011028 -0.00139578 0.209406
6 27 19 -0.0922026 -0.0142138 -0.00229391 0.09332
7 27 19 -0.00649657 -0.0016563 -0.00271434 0.00723301
8 27 19 -0.0166469 0.00889427 -0.00305499 0.0191196
9 27 19 -0.0273414 0.015606 -0.00368423 0.0316966
10 27 19 -0.0402682 0.0193233 -0.00436283 0.044877
11 27 19 -0.0528592 0.0213065 -0.00512945 0.0572221
12 27 19 -0.064553 0.0226462 -0.00612247 0.0686835
13 27 19 -0.075598 0.0242188 -0.00721589 0.07971
14 27 19 -0.0861973 0.0232282 -0.00833956 0.0896609
15 27 19 -0.0989301 0.0275904 -0.0108658 0.103279
16 27 19 -0.113115 0.0257326 -0.00881608 0.116339
17 27 19 -0.129031 0.0251479 -0.0103856 0.131869
18 27 19 -0.149826 0.0317665 -0.0145255 0.153844
19 27 19 -0.176748 0.0333997 -0.0164806 0.180629
20 27 19 -0.21038 0.0234126 -0.0140638 0.212145
21 27 19 -0.254219 0.0214151 -0.0166095 0.255659
22 27 19 -0.309171 0.0181002 -0.0215141 0.310447
23 27 19 -0.379407 0.00186762 -0.0248126 0.380222
24 27 19 -0.469924 -0.0269541 -0.0244693 0.471332
25 27 19 -0.584826 -0.0734809 -0.0283923 0.590108
26 27 19 -0.73064 -0.159589 -0.0318442 0.748544
27 27 19 -0.911584 -0.301966 -0.0354127 0.960949
28 27 19 -1.12066 -0.537427 -0.0386523 1.24347
29 27 19 -1.32813 -0.898147 -0.0413504 1.60384
30 27 19 -1.44842 -1.38987 -0.0434433 2.00787
31 27 19 -1.30724 -1.9282 -0.0448193 2.32998
32 27 19 -0.842311 -2.34631 -0.0451666 2.49333
33 27 19 2.28011 -1.27406 -0.043211 2.61228
34 27 19 10.3722 0.54794 -0.0264129 10.3867
35 27 19 -0.638377 -0.103463 0.0212975 0.647057
36 27 19 -0.816931 0.0129954 -0.00298556 0.81704
37 27 19 0.142724 -0.00421674 -0.00116671 0.142791
38 27 19 -0.0118272 0.00229516 0.000249558 0.0120504
39 27 19 0.0292246 0 0 0.0292246
1 28 19 -0.00522336 -0.000227371 -0.000369982 0.00524138
2 28 19 5.73717e-05 0.000318269 -0.00013106 0.000348946
3 28 19 0.0155373 -0.000399988 0.000501009 0.0155506
4 28 19 -0.0956984 0.000560754 -0.000209299 0.0957003
5 28 19 -0.218529 -0.00850018 -0.00135377 0.218698
6 28 19 -0.108399 -0.0249498 -0.00216301 0.111254
7 28 19 0.019489 0.00113033 -0.00258854 0.0196926
8 28 19 0.000677037 0.0187276 -0.00287594 0.0189592
9 28 19 -0.0186046 0.0273491 -0.00340521 0.033252
10 28 19 -0.0371236 0.030402 -0.00406314 0.0481555
11 28 19 -0.052208 0.0311195 -0.00478995 0.0609676
12 28 19 -0.0644119 0.03127 -0.00562786 0.0718219
13 28 19 -0.0750023 0.0318026 -0.00657742 0.0817314
14 28 19 -0.0853346 0.0322574 -0.00774584 0.0915561
15 28 19 -0.097291 0.036128 -0.0082217 0.104107
16 28 19 -0.109382 0.0387085 -0.00903983 0.116381
17 28 19 -0.125704 0.0421184 -0.0100716 0.132955
18 28 19 -0.14651 0.0515746 -0.0121509 0.155797
19 28 19 -0.170269 0.0589478 -0.0138645 0.180717
20 28 19 -0.201681 0.0627007 -0.0150562 0.211739
21 28 19 -0.24701 0.0704763 -0.0176927 0.257476
22 28 19 -0.305199 0.0788354 -0.0206043 0.31589
23 28 19 -0.378148 0.0809572 -0.0229979 0.3874
24 28 19 -0.474665 0.0783955 -0.0254577 0.481768
25 28 19 -0.605685 0.0604117 -0.0276856 0.60932
26 28 19 -0.782907 0.00758852 -0.0309289 0.783554
27 28 19 -1.0281 -0.108851 -0.0341558 1.03441
28 28 19 -1.35977 -0.347906 -0.0371784 1.40406
29 28 19 -1.77756 -0.797431 -0.0398157 1.94864
30 28 19 -2.2028 -1.55191 -0.0418941 2.6949
31 28 19 -2.34226 -2.58738 -0.0431896 3.49036
32 28 19 -1.91818 -3.663 -0.0434978 4.13508
33 28 19 5.14175 -0.8016 -0.0416239 5.20403
34 28 19 11.3515 0.178169 -0.0251249 11.3529
35 28 19 -0.864258 -0.0477525 0.0200469 0.865809
36 28 19 -0.758922 0.0105098 -0.00269264 0.758999
37 28 19 0.127953 -0.00360939 -0.00122594 0.12801
38 28 19 -0.00510292 0.00235878 0.00028773 0.00562907
39 28 19 0.0249084 0 0 0.0249084
1 29 19 -0.00511352 -0.000187397 -0.000382613 0.00513123
2 29 19 0.000977818 0.000435266 -0.000147674 0.00108046
3 29 19 0.014542 -0.000710188 0.000492194 0.0145676
4 29 19 -0.094325 0.000548244 -0.00023401 0.0943269
5 29 19 -0.222596 -0.00291831 -0.00128685 0.222618
6 29 19 -0.15807 -0.0522698 -0.00198106 0.1665
7 29 19 0.0814926 0.00935933 -0.00240581 0.0820636
8 29 19 0.0285853 0.0372443 -0.00267048 0.0470254
9 29 19 -0.0107576 0.0448583 -0.00307957 0.0462328
10 29 19 -0.0375713 0.0441457 -0.00366478 0.0580851
11 29 19 -0.0545402 0.0416321 -0.00436089 0.0687523
12 29 19 -0.0661642 0.0397621 -0.00513094 0.0773631
13 29 19 -0.0753031 0.0395757 -0.00595265 0.0852774
14 29 19 -0.0837169 0.0410423 -0.0069111 0.093492
15 29 19 -0.0927713 0.04519 -0.00791842 0.103496
16 29 19 -0.103063 0.051768 -0.00936381 0.115713
17 29 19 -0.116162 0.0593115 -0.0101821 0.130825
18 29 19 -0.134094 0.0704848 -0.0100014 0.15182
19 29 19 -0.156249 0.0847242 -0.0122183 0.178161
20 29 19 -0.186471 0.102229 -0.0152244 0.213199
21 29 19 -0.227159 0.121358 -0.0176248 0.258147
22 29 19 -0.281243 0.142828 -0.0179391 0.315942
23 29 19 -0.351397 0.167468 -0.0198968 0.389771
24 29 19 -0.446711 0.198456 -0.0230721 0.489355
25 29 19 -0.578044 0.225839 -0.0258595 0.621134
26 29 19 -0.769441 0.239129 -0.0287768 0.806257
27 29 19 -1.0604 0.207272 -0.0316646 1.08093
28 29 19 -1.51453 0.0525413 -0.0344345 1.51583
29 29 19 -2.22122 -0.391139 -0.0369146 2.25569
30 29 19 -3.24442 -1.43267 -0.0388517 3.54688
31 29 19 -4.34846 -3.43898 -0.0400179 5.54412
32 29 19 -5.19359 -6.71388 -0.0403654 8.4883
33 29 19 12.3564 0.500455 -0.038816 12.3665
34 29 19 10.5233 -0.326293 -0.0237964 10.5283
35 29 19 -0.536655 0.000529734 0.0187925 0.536984
36 29 19 -0.749753 0.00963107 -0.00240031 0.749819
37 29 19 0.114689 -0.00315465 -0.00129027 0.11474
38 29 19 0.00116063 0.0023686 0.000322389 0.00265731
39 29 19 0.0205468 0 0 0.0205468
1 30 19 -0.00494959 -0.00015054 -0.000400645 0.00496806
2 30 19 0.00195598 0.000608712 -0.000173073 0.0020558
3 30 19 0.013164 -0.000913601 0.0004789 0.0132043
4 30 19 -0.0924807 0.000519808 -0.000244519 0.0924824
5 30 19 -0.216182 0.00693342 -0.00119929 0.216296
6 30 19 -0.28089 -0.116247 -0.00175495 0.304
7 30 19 0.241293 0.0435616 -0.00215158 0.245203
8 30 19 0.0606351 0.0759178 -0.00244169 0.097191
9 30 19 -0.0160026 0.0708497 -0.00277384 0.0726873
10 30 19 -0.0485265 0.0600041 -0.00325312 0.0772392
11 30 19 -0.0627966 0.0517971 -0.00390357 0.0814959
12 30 19 -0.0706785 0.0470745 -0.00467487 0.0850489
13 30 19 -0.0764898 0.0458032 -0.00545408 0.0893217
14 30 19 -0.081781 0.0474781 -0.00631352 0.0947742
15 30 19 -0.0875641 0.0524476 -0.00729164 0.10233
16 30 19 -0.0945866 0.0610625 -0.00841796 0.112899
17 30 19 -0.104031 0.0733234 -0.00935876 0.127618
18 30 19 -0.117199 0.0897031 -0.0102203 0.147941
19 30 19 -0.135492 0.110678 -0.0116397 0.175337
20 30 19 -0.16118 0.136615 -0.0133534 0.211709
21 30 19 -0.196125 0.167793 -0.0150112 0.258543
22 30 19 -0.242396 0.20614 -0.0163823 0.318619
23 30 19 -0.302455 0.255148 -0.018157 0.396118
24 30 19 -0.381823 0.320233 -0.0204995 0.498757
25 30 19 -0.491974 0.406167 -0.0229178 0.638385
26 30 19 -0.657797 0.517375 -0.0254071 0.837269
27 30 19 -0.93067 0.647029 -0.0279247 1.13383
28 30 19 -1.4178 0.743221 -0.0304099 1.60108
29 30 19 -2.34965 0.61455 -0.0326297 2.4289
30 30 19 -4.20623 -0.347348 -0.0343274 4.22068
31 30 19 -7.73277 -3.73191 -0.0353848 8.58628
32 30 19 -15.6603 -14.1984 -0.0358619 21.1386
33 30 19 29.1895 2.63412 -0.0348484 29.3081
34 30 19 7.11106 -0.776059 -0.022515 7.15332
35 30 19 0.265823 0.0254118 0.017548 0.267611
36 30 19 -0.764391 0.0103849 -0.00209467 0.764464
37 30 19 0.101058 -0.00282321 -0.00134668 0.101106
38 30 19 0.006963 0.00234548 0.000360712 0.00735627
39 30 19 0.0161561 0 0 0.0161561
1 31 19 -0.00469611 -0.000156038 -0.000417485 0.00471722
2 31 19 0.00299024 0.000704444 -0.000199449 0.00307856
3 31 19 0.0111109 -0.00123254 0.000459969 0.0111885
4 31 19 -0.0907634 0.000524726 -0.000237983 0.0907652
5 31 19 -0.197995 0.0192783 -0.00108543 0.198934
6 31 19 -0.559093 -0.258481 -0.00149331 0.615954
7 31 19 0.68195 0.181794 -0.00180145 0.705768
8 31 19 0.030927 0.151978 -0.00211977 0.155108
9 31 19 -0.0651378 0.102689 -0.00245384 0.121631
10 31 19 -0.0777042 0.0733721 -0.00284489 0.106909
11 31 19 -0.0777736 0.0584386 -0.00339107 0.0973411
12 31 19 -0.0776966 0.051241 -0.00413825 0.093164
13 31 19 -0.0785976 0.0490964 -0.00494317 0.0928035
14 31 19 -0.079902 0.0508943 -0.00578985 0.0949109
15 31 19 -0.0815243 0.0566741 -0.00669421 0.0995137
16 31 19 -0.0838409 0.067203 -0.00766128 0.107723
17 31 19 -0.0878285 0.0829233 -0.00861582 0.121096
18 31 19 -0.0950165 0.10431 -0.00958012 0.141423
19 31 19 -0.107338 0.132073 -0.0105813 0.170518
20 31 19 -0.126569 0.166429 -0.0116568 0.209414
21 31 19 -0.153897 0.208214 -0.0128359 0.259234
22 31 19 -0.189918 0.259967 -0.0141137 0.32226
23 31 19 -0.234338 0.327548 -0.0155486 0.403043
24 31 19 -0.287078 0.422156 -0.0172697 0.510811
25 31 19 -0.351621 0.562445 -0.0191292 0.663587
26 31 19 -0.440872 0.779318 -0.0211258 0.895629
27 31 19 -0.588488 1.12178 -0.0232342 1.26698
28 31 19 -0.878331 1.66119 -0.0253202 1.87927
29 31 19 -1.55535 2.45588 -0.0271386 2.9071
30 31 19 -3.49951 3.16291 -0.0285584 4.71714
31 31 19 -10.2513 0.644509 -0.0295743 10.2715
32 31 19 -48.5811 -32.2759 -0.0302238 58.3254
33 31 19 65.4164 3.95069 -0.0298907 65.5356
34 31 19 2.26221 -0.896368 -0.0212056 2.43342
35 31 19 1.18646 0.0235582 0.0162751 1.1868
36 31 19 -0.775057 0.012347 -0.00177144 0.775158
37 31 19 0.0856916 -0.00257066 -0.00140195 0.0857416
38 31 19 0.0124103 0.00230579 0.000396624 0.0126289
39 31 19 0.0118364 0 0 0.0118364
1 32 19 -0.00432744 -0.000130493 -0.000430513 0.00435076
2 32 19 0.00424486 0.00083996 -0.000218452 0.00433267
3 32 19 0.00886005 -0.00151696 0.000437485 0.00899962
4 32 19 -0.0866342 0.00227579 -0.000199086 0.0866643
5 32 19 -0.1674 0.032927 -0.000901987 0.17061
6 32 19 -0.0222497 0.56983 -0.00116959 0.570266
7 32 19 0.931435 0.819162 -0.00132577 1.2404
8 32 19 -0.504034 0.284232 -0.0015872 0.578654
9 32 19 -0.21619 0.133161 -0.00195347 0.253917
10 32 19 -0.124276 0.0864391 -0.00234973 0.151399
11 32 19 -0.0939638 0.0703305 -0.00280738 0.117403
12 32 19 -0.0834953 0.0644126 -0.00344566 0.10551
13 32 19 -0.0792513 0.0637541 -0.00420657 0.101799
14 32 19 -0.0762431 0.0676028 -0.00505233 0.102023
15 32 19 -0.0727737 0.0764815 -0.00592691 0.105738
16 32 19 -0.0686856 0.0919247 -0.00677708 0.114951
17 32 19 -0.064857 0.115255 -0.00759715 0.132468
18 32 19 -0.0631221 0.147672 -0.00835598 0.160814
19 32 19 -0.0657816 0.190164 -0.00899232 0.201421
20 32 19 -0.0747097 0.242922 -0.00959763 0.254332
21 32 19 -0.0906862 0.306994 -0.0102268 0.320271
22 32 19 -0.112226 0.385279 -0.0108998 0.401439
23 32 19 -0.134028 0.485851 -0.0116367 0.504133
24 32 19 -0.146142 0.627012 -0.012576 0.643941
25 32 19 -0.134766 0.843963 -0.0136799 0.854765
26 32 19 -0.0824329 1.20238 -0.0149485 1.2053
27 32 19 0.0412419 1.83215 -0.016346 1.83268
28 32 19 0.332577 3.04277 -0.0177414 3.06094
29 32 19 1.15724 5.75541 -0.0190141 5.87063
30 32 19 3.80935 13.064 -0.0201666 13.6081
31 32 19 12.4449 35.7598 -0.0211737 37.8634
32 32 19 54.5008 138.842 -0.0219956 149.155
33 32 19 -72.2207 1.20575 -0.0226056 72.2307
34 32 19 0.460782 -0.594742 -0.0186595 0.752587
35 32 19 1.77818 -0.00365865 0.0147428 1.77824
36 32 19 -0.754844 0.0155919 -0.00140425 0.755006
37 32 19 0.0673944 -0.00232422 -0.0014515 0.0674501
38 32 19 0.0174288 0.00218046 0.000426443 0.0175698
39 32 19 0.00765748 0 0 0.00765748
1 33 19 -0.00386143 -0.00019769 -0.000441435 0.0038916
2 33 19 0.00523494 0.000653678 -0.000236457 0.00528089
3 33 19 0.00598539 -0.00206562 0.000383369 0.0063434
4 33 19 -0.0711195 0.0133573 -7.07005e-05 0.0723631
5 33 19 -0.0812248 0.0997601 -0.000445416 0.128646
6 33 19 0.0944164 0.216831 -0.000503103 0.236496
7 33 19 0.129085 -0.585479 -0.000446799 0.599541
8 33 19 -0.0132537 -0.0945902 -0.000477288 0.0955154
9 33 19 -0.0579456 0.0638209 -0.000695372 0.0862049
10 33 19 -0.0704788 0.117618 -0.00103879 0.137121
11 33 19 -0.0716306 0.140183 -0.00142518 0.15743
12 33 19 -0.0689969 0.15471 -0.00190449 0.169409
13 33 19 -0.0641803 0.169652 -0.00246428 0.181403
14 33 19 -0.0563291 0.189474 -0.00310341 0.197694
15 33 19 -0.0442639 0.217703 -0.00375407 0.222189
16 33 19 -0.0274585 0.258663 -0.00430357 0.260151
17 33 19 -0.00636135 0.316886 -0.00471299 0.316985
18 33 19 0.0172905 0.396942 -0.00491871 0.397349
19 33 19 0.0407858 0.50298 -0.00486304 0.504654
20 33 19 0.061344 0.638167 -0.00459027 0.641125
21 33 19 0.0777947 0.80615 -0.00405362 0.809905
22 33 19 0.0939609 1.01223 -0.00324507 1.01659
23 33 19 0.122895 1.26906 -0.0022756 1.275
24 33 19 0.191642 1.60683 -0.00134518 1.61822
25 33 19 0.344361 2.08594 -0.000479695 2.11418
26 33 19 0.638514 2.80688 0.000254229 2.87859
27 33 19 1.12347 3.88926 0.000766784 4.04828
28 33 19 1.78574 5.34247 0.00102555 5.63302
29 33 19 2.44626 6.63176 0.000973963 7.06855
30 33 19 2.63431 5.45654 0.000547571 6.05916
31 33 19 1.64463 -5.3443 -0.0002084 5.59163
32 33 19 0.92764 -58.9179 -0.00136896 58.9252
33 33 19 -7.49263 5.81095 -0.00427289 9.48191
34 33 19 -5.55472 -0.202434 -0.00904239 5.55841
35 33 19 1.86783 -0.113404 0.0118438 1.8713
36 33 19 -0.61767 0.0224312 -0.000949133 0.618078
37 33 19 0.0430306 -0.0015031 -0.00145274 0.0430813
38 33 19 0.0210948 0.00175141 0.00044066 0.0211719
39 33 19 0.0039139 0 0 0.0039139
1 34 19 -0.00306867 -0.000398914 -0.000438837 0.00312545
2 34 19 0.00538676 -0.000479967 -0.000249468 0.00541386
3 34 19 0.0042313 -0.00211126 0.000268798 0.00473641
4 34 19 -0.0205103 0.0484468 0.000296287 0.0526103
5 34 19 0.0310255 0.161085 0.000665051 0.164047
6 34 19 0.0568962 0.124589 0.0011093 0.13697
7 34 19 0.0363036 0.0327838 0.00154537 0.0489399
8 34 19 0.0302894 0.0773346 0.00198135 0.0830784
9 34 19 0.0236014 0.16001 0.00230815 0.161757
10 34 19 0.0139291 0.245392 0.00246704 0.245799
11 34 19 0.00362078 0.321898 0.00251469 0.321928
12 34 19 -0.00415838 0.388112 0.0024668 0.388142
13 34 19 -0.0062612 0.44744 0.00236474 0.44749
14 34 19 0.00049314 0.505864 0.00222429 0.505869
15 34 19 0.0191033 0.570805 0.00210374 0.571128
16 34 19 0.0519042 0.651781 0.00212245 0.653848
17 34 19 0.100104 0.759918 0.0023861 0.766487
18 34 19 0.162802 0.907153 0.00306583 0.921651
19 34 19 0.235972 1.10411 0.00431455 1.12905
20 34 19 0.31128 1.35571 0.00618192 1.391
21 34 19 0.375318 1.65516 0.00877535 1.69721
22 34 19 0.41019 1.97347 0.0121453 2.01569
23 34 19 0.394891 2.24738 0.0161838 2.28186
24 34 19 0.309098 2.36662 0.0206634 2.38681
25 34 19 0.140304 2.16401 0.025393 2.1687
26 34 19 -0.106286 1.42008 0.0300269 1.42437
27 34 19 -0.397236 -0.100236 0.0341449 0.411108
28 34 19 -0.664615 -2.55081 0.0374011 2.63624
29 34 19 -0.813112 -5.81053 0.0394964 5.86728
30 34 19 -0.753536 -9.19851 0.0402417 9.22941
31 34 19 -0.472717 -11.3155 0.0395706 11.3255
32 34 19 -0.13153 -12.374 0.0371624 12.3748
33 34 19 0.188666 -4.69217 0.029436 4.69605
34 34 19 -0.237983 0.626285 0.0110887 0.670069
35 34 19 0.900575 -0.34129 0.0069053 0.9631
36 34 19 -0.247915 0.0267501 -0.000518448 0.249355
37 34 19 0.0164281 0.000605265 -0.00131621 0.0164918
38 34 19 0.021545 0.000735181 0.000414413 0.0215615
39 34 19 0.00120142 0 0 0.00120142
1 35 19 -0.00200849 -0.0010189 -0.000406915 0.00228862
2 35 19 0.0032427 -0.00341293 -0.000261747 0.00471505
3 35 19 0.00884552 0.00116188 9.27373e-05 0.00892199
4 35 19 0.0628691 0.084181 0.000844035 0.10507
5 35 19 0.136216 0.189124 0.00230803 0.233084
6 35 19 0.126846 0.259109 0.00364092 0.288515
7 35 19 0.100036 0.32276 0.00469228 0.33794
8 35 19 0.0932083 0.385337 0.00575867 0.396491
9 35 19 0.0884227 0.449617 0.00686384 0.458281
10 35 19 0.0775865 0.512143 0.00789099 0.518046
11 35 19 0.0598526 0.566773 0.00877495 0.569992
12 35 19 0.034892 0.603717 0.00943763 0.604798
13 35 19 0.00285249 0.610092 0.00981462 0.610177
14 35 19 -0.035407 0.570947 0.0098327 0.572128
15 35 19 -0.078141 0.469839 0.00942419 0.476386
16 35 19 -0.122807 0.290654 0.00852437 0.315649
17 35 19 -0.16606 0.0194649 0.00707441 0.167347
18 35 19 -0.20398 -0.352714 0.00513487 0.407482
19 35 19 -0.232234 -0.826308 0.00280025 0.858327
20 35 19 -0.246591 -1.38953 8.73944e-05 1.41124
21 35 19 -0.243754 -2.0139 -0.00292127 2.0286
22 35 19 -0.221879 -2.65112 -0.00605395 2.66039
23 35 19 -0.181388 -3.23204 -0.00912535 3.23714
24 35 19 -0.125542 -3.67034 -0.011984 3.6725
25 35 19 -0.0606386 -3.87392 -0.0144566 3.87442
26 35 19 0.00419809 -3.76519 -0.0164633 3.76523
27 35 19 0.0582543 -3.3105 -0.0179507 3.31106
28 35 19 0.0917431 -2.55447 -0.018856 2.55618
29 35 19 0.0991645 -1.64232 -0.0191894 1.64542
30 35 19 0.0825943 -0.80608 -0.0189819 0.810523
31 35 19 0.0519466 -0.281272 -0.0182855 0.286612
32 35 19 0.0227181 -0.127001 -0.0171228 0.130148
33 35 19 0.0362278 -0.279476 -0.01465 0.282195
34 35 19 0.174273 0.132812 -0.00939352 0.219313
35 35 19 0.429818 -0.33821 -0.00266676 0.546934
36 35 19 0.0975859 0.00558388 -0.000759308 0.0977484
37 35 19 0.0147201 0.0041415 -0.000964971 0.0153221
38 35 19 0.0166704 -0.000887677 0.00032446 0.0166972
39 35 19 7.72344e-05 0 0 7.72344e-05
1 36 19 -0.00110328 -0.00270225 -0.000342308 0.00293881
2 36 19 -0.00339956 -0.00956994 -0.000309852 0.0101605
3 36 19 -0.0223009 -0.0410054 -0.00053934 0.0466805
4 36 19 -0.0548578 -0.159966 -0.00129772 0.169116
5 36 19 -0.0807875 -0.379189 -0.00239528 0.387707
6 36 19 -0.0742464 -0.582607 -0.00342227 0.587329
7 36 19 -0.0571766 -0.741629 -0.00429447 0.743842
8 36 19 -0.0465302 -0.882518 -0.00506376 0.883758
9 36 19 -0.0364621 -1.00758 -0.00570523 1.00826
10 36 19 -0.0245643 -1.109 -0.00621089 1.10929
11 36 19 -0.0113858 -1.17856 -0.00655712 1.17863
12 36 19 0.00247587 -1.2083 -0.00673374 1.20832
13 36 19 0.016312 -1.19129 -0.00674372 1.19142
14 36 19 0.0293147 -1.12216 -0.00658475 1.12257
15 36 19 0.0407129 -0.998174 -0.00624406 0.999024
16 36 19 0.0497874 -0.819882 -0.00574821 0.821412
17 36 19 0.0559493 -0.591884 -0.00516467 0.594545
18 36 19 0.0587174 -0.323295 -0.00449566 0.328615
19 36 19 0.057905 -0.0274737 -0.00372828 0.0642004
20 36 19 0.0537735 0.278209 -0.0029422 0.283374
21 36 19 0.0468422 0.573537 -0.00221817 0.575451
22 36 19 0.0378532 0.837378 -0.00156131 0.838234
23 36 19 0.0277491 1.05001 -0.000958675 1.05037
24 36 19 0.0176462 1.19606 -0.000447172 1.19619
25 36 19 0.00862039 1.26749 -4.66117e-05 1.26752
26 36 19 0.00140424 1.26621 0.000230091 1.26621
27 36 19 -0.00364787 1.20557 0.000406742 1.20558
28 36 19 -0.00647594 1.10839 0.000514359 1.10841
29 36 19 -0.00747126 1.00249 0.000548389 1.00252
30 36 19 -0.00729232 0.913247 0.000527166 0.913276
31 36 19 -0.00652479 0.855248 0.000458101 0.855273
32 36 19 -0.00599112 0.82679 0.000331089 0.826811
33 36 19 -0.0104908 0.780267 0.000120663 0.780338
34 36 19 -0.0259971 0.580056 -0.000245317 0.580639
35 36 19 -0.0220932 0.127898 -0.000428357 0.129793
36 36 19 -0.00561301 0.0236661 -0.000219567 0.0243236
37 36 19 -0.00192854 0.00701902 -0.000433205 0.00729202
38 36 19 0.00713487 -0.00232478 0.000201308 0.00750677
39 36 19 0.000298184 0 0 0.000298184
1 37 19 0.000501634 -0.00445235 -0.00021755 0.0044858
2 37 19 0.00364646 0.00247649 -0.00011217 0.00440934
3 37 19 0.0102712 0.0356221 3.76887e-05 0.0370734
4 37 19 0.0180266 0.109982 0.000283929 0.11145
5 37 19 0.0187851 0.211495 0.000605458 0.212329
6 37 19 0.0131374 0.3006 0.000921971 0.300888
7 37 19 0.00810307 0.367158 0.00117808 0.367249
8 37 19 0.0056275 0.42002 0.00138622 0.42006
9 37 19 0.00370105 0.46044 0.00156592 0.460458
10 37 19 0.00188053 0.486724 0.0017082 0.48673
11 37 19 0.000216795 0.497772 0.00181865 0.497775
12 37 19 -0.00123066 0.493236 0.00190758 0.493241
13 37 19 -0.00239649 0.473447 0.00196684 0.473457
14 37 19 -0.00326263 0.439613 0.00198948 0.439629
15 37 19 -0.00382669 0.393703 0.00199377 0.393727
16 37 19 -0.00410396 0.338435 0.0019856 0.338465
17 37 19 -0.0040948 0.277153 0.00194485 0.27719
18 37 19 -0.00384417 0.213437 0.00188733 0.21348
19 37 19 -0.00344482 0.151007 0.001844 0.151058
20 37 19 -0.00294647 0.0933347 0.00179635 0.0933984
21 37 19 -0.00241726 0.0432644 0.00172133 0.0433661
22 37 19 -0.00194702 0.00285152 0.00164348 0.00382401
23 37 19 -0.00158016 -0.0270066 0.0015886 0.0270994
24 37 19 -0.00130934 -0.0464922 0.0015347 0.046536
25 37 19 -0.00112925 -0.0567294 0.00147186 0.0567598
26 37 19 -0.00106243 -0.0597035 0.00140765 0.0597296
27 37 19 -0.00111171 -0.0576456 0.00135295 0.0576722
28 37 19 -0.00118164 -0.0527973 0.00129946 0.0528265
29 37 19 -0.00122283 -0.0470503 0.00123273 0.0470824
30 37 19 -0.00124803 -0.0415027 0.00116875 0.0415379
31 37 19 -0.00121319 -0.0367265 0.00110882 0.0367632
32 37 19 -0.00129633 -0.0325675 0.0010447 0.03261
33 37 19 -0.00225554 -0.0247941 0.000972825 0.0249155
34 37 19 -0.00448336 -0.0037683 0.000841233 0.00591677
35 37 19 -0.00767698 0.0102234 0.000589275 0.0127985
36 37 19 -0.00900702 0.00645279 0.000286026 0.0110836
37 37 19 -0.0058218 0.0027284 8.87133e-06 0.00642943
38 37 19 0.000745677 -0.00291038 0.000117656 0.00300669
39 37 19 0.000864007 0 0 0.000864007
1 38 19 -0.00118672 -0.0119856 -8.49705e-05 0.0120445
2 38 19 -0.00275949 -0.019019 -1.68062e-05 0.0192182
3 38 19 -0.00354775 -0.0335608 1.80976e-05 0.0337478
4 38 19 -0.0025366 -0.0549921 2.6263e-06 0.0550506
5 38 19 -0.000350762 -0.0749651 -4.47464e-05 0.0749659
6 38 19 0.00154214 -0.0872692 -8.45026e-05 0.0872829
7 38 19 0.00238295 -0.0935005 -0.000115637 0.0935309
8 38 19 0.00251116 -0.0970249 -0.000143994 0.0970575
9 38 19 0.00246259 -0.098589 -0.000165028 0.0986199
10 38 19 0.0023572 -0.0983728 -0.000184922 0.0984012
11 38 19 0.00219545 -0.0966461 -0.000204726 0.0966712
12 38 19 0.00197789 -0.0936791 -0.000217061 0.0937002
13 38 19 0.00172425 -0.0898123 -0.000223517 0.0898291
14 38 19 0.00145026 -0.0853707 -0.000231363 0.0853833
15 38 19 0.00116983 -0.0806855 -0.000237152 0.0806943
16 38 19 0.00088506 -0.0760833 -0.000239742 0.0760889
17 38 19 0.000606435 -0.07178 -0.000247614 0.071783
18 38 19 0.000352827 -0.0679803 -0.000255008 0.0679817
19 38 19 0.000130138 -0.0648122 -0.000251112 0.0648128
20 38 19 -4.80374e-05 -0.0623103 -0.000245848 0.0623108
21 38 19 -0.000179356 -0.0604564 -0.000250532 0.0604572
22 38 19 -0.000273825 -0.0591193 -0.000254172 0.0591205
23 38 19 -0.000326127 -0.0581957 -0.000246142 0.0581971
24 38 19 -0.000337919 -0.0575292 -0.000237704 0.0575306
25 38 19 -0.000320893 -0.0568909 -0.00023122 0.0568922
26 38 19 -0.000276691 -0.0561871 -0.000220041 0.0561882
27 38 19 -0.000216243 -0.0553279 -0.000203432 0.0553287
28 38 19 -0.000137444 -0.0542229 -0.000189324 0.0542234
29 38 19 -4.82526e-05 -0.0528753 -0.000178789 0.0528756
30 38 19 3.31445e-05 -0.0512939 -0.000160465 0.0512942
31 38 19 0.000119207 -0.0495549 -0.000137796 0.0495553
32 38 19 0.000247957 -0.0474736 -0.000115445 0.0474744
33 38 19 0.000603693 -0.0439273 -8.41456e-05 0.0439315
34 38 19 0.00131548 -0.0373093 -4.58783e-05 0.0373325
35 38 19 0.00210502 -0.0265073 -6.34999e-06 0.0265907
36 38 19 0.00217739 -0.014164 2.86616e-05 0.0143304
37 38 19 0.00137718 -0.00561266 3.25173e-05 0.00577924
38 38 19 0.00122455 -0.00333749 4.88302e-05 0.00355538
39 38 19 0.00121016 0 0 0.00121016
1 39 19 0 -0.0135411 0 0.0135411
2 39 19 0 -0.0121189 0 0.0121189
3 39 19 0 -0.01004 0 0.01004
4 39 19 0 -0.00902085 0 0.00902085
5 39 19 0 -0.0101376 0 0.0101376
6 39 19 0 -0.0130803 0 0.0130803
7 39 19 0 -0.0167348 0 0.0167348
8 39 19 0 -0.0203697 0 0.0203697
9 39 19 0 -0.023784 0 0.023784
10 39 19 0 -0.0268801 0 0.0268801
11 39 19 0 -0.0295931 0 0.0295931
12 39 19 0 -0.0318501 0 0.0318501
13 39 19 0 -0.0336142 0 0.0336142
14 39 19 0 -0.0348521 0 0.0348521
15 39 19 0 -0.0355404 0 0.0355404
16 39 19 0 -0.0357079 0 0.0357079
17 39 19 0 -0.0353697 0 0.0353697
18 39 19 0 -0.0345637 0 0.0345637
19 39 19 0 -0.0333442 0 0.0333442
20 39 19 0 -0.0317689 0 0.0317689
21 39 19 0 -0.0299184 0 0.0299184
22 39 19 0 -0.0278429 0 0.0278429
23 39 19 0 -0.0256217 0 0.0256217
24 39 19 0 -0.0233302 0 0.0233302
25 39 19 0 -0.0209993 0 0.0209993
26 39 19 0 -0.0186959 0 0.0186959
27 39 19 0 -0.0164727 0 0.0164727
28 39 19 0 -0.0143428 0 0.0143428
29 39 19 0 -0.0123368 0 0.0123368
30 39 19 0 -0.0104713 0 0.0104713
31 39 19 0 -0.00875763 0 0.00875763
32 39 19 0 -0.00722796 0 0.00722796
33 39 19 0 -0.00609509 0 0.00609509
34 39 19 0 -0.00566236 0 0.00566236
35 39 19 0 -0.00589437 0 0.00589437
36 39 19 0 -0.00596984 0 0.00596984
37 39 19 0 -0.00483966 0 0.00483966
38 39 19 0 -0.00292424 0 0.00292424
39 39 19 0 0 0 0
