1 38 1 0.000611065 -1.87262e-05 -0.0006634 0.000902137
2 38 1 0.000521257 7.34516e-05 -0.000137178 0.000543987
3 38 1 0.000432374 0.000123882 8.56465e-05 0.000457853
4 38 1 0.000344106 0.000138911 0.000245759 0.000445087
5 38 1 0.000183308 0.000132026 0.000382146 0.000443924
6 38 1 0.000209808 0.000133314 0.000605791 0.000654808
7 38 1 0.000245652 9.84883e-05 0.000773255 0.000817293
8 38 1 0.000285683 5.7678e-05 0.000899552 0.000945587
9 38 1 0.00032995 1.64273e-05 0.000989087 0.0010428
10 38 1 0.00037367 -2.66562e-05 0.00103728 0.00110286
11 38 1 0.000416463 -6.45431e-05 0.00104329 0.00112519
12 38 1 0.000456911 -9.32981e-05 0.00100786 0.00111052
13 38 1 0.000493145 -0.000113468 0.000933657 0.00106197
14 38 1 0.000524536 -0.000127064 0.000823606 0.000984688
15 38 1 0.000550007 -0.000133387 0.000683893 0.000887699
16 38 1 0.000570555 -0.000129462 0.00052062 0.000783159
17 38 1 0.000586193 -0.000118369 0.000338562 0.00068721
18 38 1 0.000596664 -0.000101359 0.000141366 0.000621503
19 38 1 0.000603132 -7.81033e-05 -6.91498e-05 0.000612087
20 38 1 0.00060524 -5.24951e-05 -0.000290376 0.000673342
21 38 1 0.000604471 -2.60127e-05 -0.000522984 0.000799734
22 38 1 0.000601764 5.21679e-07 -0.000767762 0.000975489
23 38 1 0.000595934 2.35235e-05 -0.00102283 0.00118401
24 38 1 0.000588456 4.09086e-05 -0.00129185 0.00142015
25 38 1 0.000580156 5.13035e-05 -0.00157927 0.00168324
26 38 1 0.000569418 4.95326e-05 -0.00188669 0.00197137
27 38 1 0.000556241 3.16287e-05 -0.00221874 0.00228762
28 38 1 0.000540389 -3.15767e-06 -0.00257926 0.00263526
29 38 1 0.000520429 -5.49282e-05 -0.00296964 0.0030154
30 38 1 0.000496009 -0.000123525 -0.00339134 0.00342964
31 38 1 0.000467078 -0.000211631 -0.00384778 0.0038818
32 38 1 0.000434195 -0.000318476 -0.00434509 0.00437833
33 38 1 0.000431109 -0.000433212 -0.00488352 0.00492162
34 38 1 0.0004313 -0.00055984 -0.00543355 0.00547931
35 38 1 0.000162813 -0.000703578 -0.00590336 0.00594737
36 38 1 6.89258e-05 -0.000768009 -0.00602945 0.00607856
37 38 1 0.00013187 -0.000776051 -0.00613056 0.00618089
38 38 1 0.000160494 -0.000771457 -0.00662539 0.00667208
39 38 1 0 -0.000769483 -0.00743106 0.00747079
1 38 2 0.00162447 -0.000119976 -0.000481195 0.00169849
2 38 2 0.00118992 -0.000791273 2.41429e-05 0.0014292
3 38 2 0.00100271 -0.00147493 0.000337368 0.00181512
4 38 2 0.000847691 -0.00209345 0.000621885 0.00234262
5 38 2 0.000748326 -0.00249072 0.000760892 0.00270973
6 38 2 0.000702929 -0.00268313 0.000727692 0.00286755
7 38 2 0.000691811 -0.00276924 0.00061557 0.00291997
8 38 2 0.000696254 -0.00281943 0.000512659 0.00294903
9 38 2 0.000698116 -0.00286694 0.000451691 0.00298508
10 38 2 0.000698378 -0.00291508 0.000430778 0.00302836
11 38 2 0.000702101 -0.00295405 0.00043947 0.00306798
12 38 2 0.000706517 -0.00298748 0.0004657 0.00310501
13 38 2 0.0007089 -0.00302113 0.000501612 0.00314347
14 38 2 0.000711825 -0.003057 0.000540247 0.00318493
15 38 2 0.000713339 -0.00309492 0.000579636 0.00322852
16 38 2 0.000712826 -0.00312834 0.000617693 0.00326744
17 38 2 0.000708944 -0.00316165 0.000652761 0.00330526
18 38 2 0.000699238 -0.00319657 0.000683145 0.0033427
19 38 2 0.000685306 -0.00322804 0.000706437 0.00337475
20 38 2 0.000666117 -0.00325901 0.000724093 0.00340429
21 38 2 0.000642826 -0.00328741 0.00073196 0.00342871
22 38 2 0.000617209 -0.00330902 0.000728966 0.00344412
23 38 2 0.000587052 -0.00332621 0.000718635 0.00345322
24 38 2 0.000554094 -0.00333635 0.000694032 0.00345253
25 38 2 0.000518311 -0.00333519 0.000652187 0.00343766
26 38 2 0.000476056 -0.00332614 0.000595702 0.00341243
27 38 2 0.000429838 -0.00330848 0.000518414 0.00337632
28 38 2 0.00038118 -0.00328067 0.000414915 0.00332871
29 38 2 0.000327132 -0.00324174 0.000286013 0.00327073
30 38 2 0.000266857 -0.00318392 0.000139041 0.0031981
31 38 2 0.000203558 -0.00310725 -1.69757e-05 0.00311396
32 38 2 0.00013964 -0.00301996 -0.000180069 0.00302855
33 38 2 0.000129884 -0.00291544 -0.000346112 0.00293878
34 38 2 0.000215032 -0.00276908 -0.000537236 0.0028289
35 38 2 0.000287686 -0.00253643 -0.00085198 0.00269112
36 38 2 0.000189542 -0.00214142 -0.00139163 0.0025609
37 38 2 -0.00016947 -0.00158662 -0.00212558 0.00265786
38 38 2 -0.000473576 -0.000974581 -0.00309332 0.00327761
39 38 2 0 -0.000542181 -0.00408854 0.00412433
1 38 3 0.00248175 -0.000173814 -0.000300649 0.00250593
2 38 3 0.00187611 -0.00163035 -0.000101379 0.00248759
3 38 3 0.00164928 -0.00313764 5.64661e-05 0.00354516
4 38 3 0.00130962 -0.0045009 0.000161111 0.00469033
5 38 3 0.00100997 -0.00534561 0.000125763 0.00544164
6 38 3 0.000850529 -0.00571887 -3.26175e-05 0.00578186
7 38 3 0.000817097 -0.0058426 -0.000226116 0.00590379
8 38 3 0.000834826 -0.00588884 -0.000380613 0.00595989
9 38 3 0.000843418 -0.00593992 -0.000457901 0.00601695
10 38 3 0.000845953 -0.00600288 -0.000458434 0.0060795
11 38 3 0.000847591 -0.00607494 -0.000397363 0.00614664
12 38 3 0.000843679 -0.00617116 -0.000289753 0.0062353
13 38 3 0.00083409 -0.00629134 -0.000144793 0.00634804
14 38 3 0.00082721 -0.0064247 2.82834e-05 0.0064778
15 38 3 0.000819743 -0.00657189 0.000223939 0.0066266
16 38 3 0.000808042 -0.00672398 0.000432873 0.00678618
17 38 3 0.000791708 -0.00688189 0.000647895 0.00695751
18 38 3 0.000768481 -0.00704453 0.000861848 0.00713854
19 38 3 0.000742065 -0.00719814 0.00106693 0.00731452
20 38 3 0.000711463 -0.00734236 0.00126242 0.00748399
21 38 3 0.000676902 -0.00747118 0.00143903 0.00763856
22 38 3 0.000641099 -0.00757507 0.00159491 0.00776765
23 38 3 0.000601477 -0.0076565 0.00173379 0.00787336
24 38 3 0.000561047 -0.00770875 0.00184508 0.00794632
25 38 3 0.000518612 -0.00772362 0.00193035 0.00797807
26 38 3 0.000468252 -0.0077019 0.00199733 0.00797044
27 38 3 0.000414729 -0.0076346 0.00203795 0.0079128
28 38 3 0.000362114 -0.00752185 0.00204407 0.00780305
29 38 3 0.000310934 -0.00737082 0.0020113 0.00764663
30 38 3 0.000260418 -0.00717138 0.00194307 0.00743451
31 38 3 0.000216805 -0.00691447 0.00184729 0.00716027
32 38 3 0.00018638 -0.00661189 0.00172093 0.00683472
33 38 3 0.000185102 -0.00626474 0.00156095 0.00645893
34 38 3 0.000186766 -0.00583202 0.00137698 0.00599529
35 38 3 7.16877e-05 -0.00522013 0.00113269 0.00534209
36 38 3 -0.000266267 -0.00427677 0.000696744 0.00434132
37 38 3 -0.000942777 -0.00300416 7.81144e-07 0.00314862
38 38 3 -0.00130582 -0.00159604 -0.000883414 0.00224342
39 38 3 0 -0.000593383 -0.00170619 0.00180643
1 38 4 0.00291914 -0.000205148 -5.99958e-05 0.00292696
2 38 4 0.00235026 -0.00222772 -0.000312123 0.00325329
3 38 4 0.00211399 -0.00438757 -0.000313609 0.00488038
4 38 4 0.0016348 -0.0063064 -0.000363499 0.00652499
5 38 4 0.00117795 -0.00744137 -0.000495546 0.00755031
6 38 4 0.000911425 -0.00787733 -0.000657531 0.0079571
7 38 4 0.000854947 -0.00793147 -0.00079138 0.00801657
8 38 4 0.000898328 -0.007892 -0.000870876 0.00799056
9 38 4 0.00093211 -0.00791524 -0.000888743 0.00801933
10 38 4 0.000955366 -0.00801407 -0.00085662 0.00811615
11 38 4 0.000968675 -0.00818171 -0.000787643 0.00827641
12 38 4 0.000971318 -0.00842099 -0.000686851 0.0085046
13 38 4 0.000966486 -0.00871098 -0.00055626 0.00878207
14 38 4 0.000960592 -0.0090279 -0.000399979 0.00908767
15 38 4 0.000947314 -0.009376 -0.000218921 0.00942627
16 38 4 0.000923866 -0.00974133 -2.29118e-05 0.00978507
17 38 4 0.000895959 -0.0101129 0.000182184 0.0101541
18 38 4 0.000862941 -0.0104837 0.000389208 0.0105263
19 38 4 0.00082934 -0.0108312 0.000589013 0.0108789
20 38 4 0.000793159 -0.0111521 0.000782869 0.0112076
21 38 4 0.000751844 -0.0114371 0.000959554 0.0115019
22 38 4 0.000708156 -0.0116699 0.00111959 0.0117449
23 38 4 0.00065911 -0.0118516 0.00126816 0.0119375
24 38 4 0.000610186 -0.0119709 0.00139213 0.012067
25 38 4 0.000562375 -0.0120184 0.00149878 0.0121245
26 38 4 0.000510224 -0.0119954 0.00159845 0.0121122
27 38 4 0.000456197 -0.0118844 0.00168251 0.0120116
28 38 4 0.000400275 -0.0116811 0.00174724 0.0118179
29 38 4 0.000348745 -0.0113967 0.00178585 0.011541
30 38 4 0.000300352 -0.0110292 0.00179425 0.0111782
31 38 4 0.000257024 -0.0105678 0.00177495 0.0107189
32 38 4 0.000229179 -0.0100224 0.00172211 0.0101719
33 38 4 0.000234033 -0.0093997 0.00163176 0.00954316
34 38 4 0.000220587 -0.00865585 0.00153211 0.00879316
35 38 4 -1.0176e-05 -0.00769572 0.00143754 0.00782884
36 38 4 -0.000635386 -0.00631681 0.00123203 0.00646712
37 38 4 -0.00161447 -0.00442197 0.000821271 0.00477858
38 38 4 -0.00197906 -0.00229501 0.000338839 0.00304935
39 38 4 0 -0.000767226 -9.07315e-05 0.000772572
1 38 5 0.00281062 -0.000249275 0.000177472 0.00282723
2 38 5 0.00260746 -0.00251918 -0.000452678 0.00365377
3 38 5 0.00240895 -0.00507097 -0.000575168 0.00564345
4 38 5 0.00184789 -0.0073315 -0.000711834 0.00759423
5 38 5 0.00126976 -0.00863403 -0.000831369 0.0087664
6 38 5 0.000914804 -0.00906012 -0.000882129 0.00914881
7 38 5 0.000845211 -0.00899986 -0.000873862 0.0090816
8 38 5 0.000905507 -0.00886875 -0.000844278 0.00895474
9 38 5 0.000946051 -0.00887456 -0.000804866 0.00896106
10 38 5 0.000971463 -0.00900552 -0.000753766 0.00908908
11 38 5 0.00098181 -0.00923693 -0.000690614 0.0093146
12 38 5 0.000983915 -0.00955622 -0.000612823 0.00962627
13 38 5 0.000979411 -0.00993881 -0.000521582 0.0100006
14 38 5 0.000967146 -0.0103659 -0.000418786 0.0104193
15 38 5 0.000943361 -0.0108437 -0.000300498 0.0108888
16 38 5 0.000910767 -0.0113479 -0.000176069 0.0113858
17 38 5 0.000879089 -0.0118551 -4.72343e-05 0.0118878
18 38 5 0.000844542 -0.0123573 8.25349e-05 0.0123864
19 38 5 0.000809639 -0.0128284 0.000206179 0.0128556
20 38 5 0.000772646 -0.0132635 0.000330234 0.01329
21 38 5 0.000730072 -0.013652 0.000443878 0.0136787
22 38 5 0.000685804 -0.0139711 0.00055102 0.0139987
23 38 5 0.000635152 -0.0142201 0.000657408 0.0142495
24 38 5 0.000582853 -0.0143831 0.000747044 0.0144143
25 38 5 0.000531798 -0.0144489 0.000831426 0.0144826
26 38 5 0.000481366 -0.0144244 0.000918328 0.0144616
27 38 5 0.000434084 -0.0142913 0.000996928 0.0143326
28 38 5 0.00038135 -0.0140409 0.00107214 0.014087
29 38 5 0.000332476 -0.0136753 0.00113966 0.0137267
30 38 5 0.00028733 -0.0131982 0.00119335 0.0132552
31 38 5 0.000242205 -0.0126028 0.00123562 0.0126656
32 38 5 0.000213437 -0.0119005 0.00126006 0.0119689
33 38 5 0.000238288 -0.011116 0.00125586 0.0111893
34 38 5 0.000266181 -0.0102112 0.0012331 0.0102888
35 38 5 2.1322e-05 -0.00909316 0.00122697 0.00917559
36 38 5 -0.000772314 -0.00753003 0.00119085 0.00766263
37 38 5 -0.00189062 -0.00531418 0.00107537 0.00574207
38 38 5 -0.00227858 -0.00280321 0.000978608 0.00374267
39 38 5 0 -0.000955018 0.000916183 0.00132342
1 38 6 0.00225296 -0.000292008 0.000157166 0.00227724
2 38 6 0.00268761 -0.0025902 -0.000484114 0.00376387
3 38 6 0.00256216 -0.0052911 -0.000677044 0.00591767
4 38 6 0.00196374 -0.00770887 -0.000818577 0.00799706
5 38 6 0.0013009 -0.00910523 -0.000878776 0.00923957
6 38 6 0.000889778 -0.00953378 -0.000838154 0.00961183
7 38 6 0.000806358 -0.00943355 -0.000752814 0.00949783
8 38 6 0.000853378 -0.00929175 -0.000678198 0.00935547
9 38 6 0.000876945 -0.00930691 -0.000613841 0.00936827
10 38 6 0.000891802 -0.00943883 -0.000551344 0.00949688
11 38 6 0.000893008 -0.00967068 -0.000492104 0.00972428
12 38 6 0.00089036 -0.00999458 -0.000436532 0.0100436
13 38 6 0.000880867 -0.0103949 -0.000384158 0.0104392
14 38 6 0.000859847 -0.0108558 -0.000331461 0.0108949
15 38 6 0.000831677 -0.0113724 -0.00026986 0.0114059
16 38 6 0.000800664 -0.0119107 -0.000209272 0.0119395
17 38 6 0.000772946 -0.0124451 -0.00014769 0.0124699
18 38 6 0.000739383 -0.0129733 -8.43477e-05 0.0129946
19 38 6 0.000702172 -0.0134684 -2.41018e-05 0.0134867
20 38 6 0.000662919 -0.0139242 4.41083e-05 0.01394
21 38 6 0.000619756 -0.0143307 0.000109481 0.0143445
22 38 6 0.000579626 -0.0146619 0.0001783 0.0146744
23 38 6 0.000536714 -0.0149191 0.000255489 0.0149309
24 38 6 0.000492244 -0.0150834 0.000322444 0.0150949
25 38 6 0.00044586 -0.0151395 0.00039471 0.0151512
26 38 6 0.000399643 -0.015096 0.000475302 0.0151088
27 38 6 0.000361241 -0.0149399 0.000549377 0.0149543
28 38 6 0.000315781 -0.0146684 0.000629267 0.0146853
29 38 6 0.000271949 -0.0142755 0.00071052 0.0142957
30 38 6 0.000232076 -0.0137639 0.000784001 0.0137882
31 38 6 0.000186873 -0.0131227 0.000855807 0.0131519
32 38 6 0.000160328 -0.0123492 0.000925716 0.0123849
33 38 6 0.000211678 -0.0114968 0.000982241 0.0115406
34 38 6 0.000302844 -0.0105606 0.00101285 0.0106134
35 38 6 0.000120602 -0.00944908 0.00104421 0.00950737
36 38 6 -0.000687168 -0.0079125 0.00108558 0.00801613
37 38 6 -0.00180911 -0.00566795 0.00113899 0.00605771
38 38 6 -0.00223919 -0.00308668 0.00125935 0.00401591
39 38 6 0 -0.00112258 0.00142152 0.00181133
1 38 7 0.00162933 -0.000275665 0.000149164 0.0016592
2 38 7 0.0026426 -0.00252227 -0.000451641 0.00368092
3 38 7 0.00264564 -0.00524118 -0.000691716 0.00591167
4 38 7 0.00203765 -0.00774704 -0.000839818 0.00805443
5 38 7 0.00131704 -0.00922888 -0.000883956 0.0093642
6 38 7 0.00087096 -0.00969435 -0.000819221 0.00976781
7 38 7 0.000762705 -0.00961029 -0.000713017 0.00966684
8 38 7 0.000781098 -0.00948428 -0.000617354 0.00953639
9 38 7 0.000784727 -0.00949029 -0.00053478 0.00953769
10 38 7 0.00078875 -0.00959125 -0.000463944 0.00963481
11 38 7 0.000778918 -0.0097978 -0.000409969 0.00983726
12 38 7 0.000767978 -0.0100992 -0.000371042 0.0101352
13 38 7 0.00075076 -0.0104762 -0.000337819 0.0105085
14 38 7 0.00072426 -0.0109077 -0.000303627 0.0109359
15 38 7 0.000698835 -0.01138 -0.000262526 0.0114045
16 38 7 0.000673621 -0.0118657 -0.000227808 0.011887
17 38 7 0.000649592 -0.0123488 -0.000194623 0.0123674
18 38 7 0.00061695 -0.0128333 -0.000158532 0.0128491
19 38 7 0.000580254 -0.0132902 -0.000123401 0.0133035
20 38 7 0.000542894 -0.0137112 -7.60025e-05 0.0137222
21 38 7 0.000502133 -0.0140874 -2.79675e-05 0.0140964
22 38 7 0.000466643 -0.0143916 2.87656e-05 0.0143992
23 38 7 0.000431372 -0.0146298 9.79467e-05 0.0146365
24 38 7 0.00039727 -0.0147844 0.000158728 0.0147906
25 38 7 0.000359885 -0.0148361 0.000230569 0.0148422
26 38 7 0.000318491 -0.0147881 0.000311689 0.0147948
27 38 7 0.000286802 -0.0146232 0.00038354 0.0146311
28 38 7 0.000248022 -0.0143463 0.000467957 0.0143561
29 38 7 0.000208607 -0.013951 0.000560919 0.0139639
30 38 7 0.000175203 -0.0134479 0.000645341 0.0134645
31 38 7 0.000129775 -0.012833 0.000724942 0.0128541
32 38 7 9.70102e-05 -0.0120712 0.000806426 0.0120985
33 38 7 0.000164213 -0.0112115 0.000889581 0.0112479
34 38 7 0.000319985 -0.0102922 0.000952939 0.0103412
35 38 7 0.000244249 -0.00924446 0.0010001 0.00930161
36 38 7 -0.00047959 -0.00782 0.00105534 0.00790545
37 38 7 -0.00153565 -0.00569075 0.00115208 0.00600584
38 38 7 -0.00200383 -0.00320379 0.00133292 0.00400703
39 38 7 0 -0.00125198 0.0015773 0.00201378
1 38 8 0.000999132 -0.000237698 0.00014151 0.00103672
2 38 8 0.00250022 -0.00241063 -0.000422503 0.00349867
3 38 8 0.00267116 -0.00512068 -0.000704589 0.00581833
4 38 8 0.00207337 -0.00768953 -0.000883499 0.00801301
5 38 8 0.00132451 -0.00922507 -0.000937484 0.0093667
6 38 8 0.000857557 -0.00970832 -0.000863263 0.00978427
7 38 8 0.000718114 -0.00963192 -0.000739799 0.00968694
8 38 8 0.000708342 -0.00950352 -0.000623066 0.00955023
9 38 8 0.000700225 -0.00948343 -0.000529295 0.00952396
10 38 8 0.000694857 -0.00955612 -0.00045786 0.00959229
11 38 8 0.000673474 -0.00974081 -0.000408297 0.0097726
12 38 8 0.000655386 -0.0100054 -0.000373989 0.0100338
13 38 8 0.000633289 -0.010329 -0.000340476 0.010354
14 38 8 0.000605846 -0.0106969 -0.000307123 0.0107185
15 38 8 0.00058381 -0.0110997 -0.000274321 0.0111185
16 38 8 0.000559886 -0.0115222 -0.000253516 0.0115386
17 38 8 0.000534802 -0.0119535 -0.000233754 0.0119677
18 38 8 0.000503047 -0.012393 -0.000207245 0.0124049
19 38 8 0.000471327 -0.0128072 -0.000178522 0.0128171
20 38 8 0.00044141 -0.013186 -0.000134772 0.0131941
21 38 8 0.000407096 -0.013522 -8.91832e-05 0.0135284
22 38 8 0.000376286 -0.0137875 -3.17495e-05 0.0137927
23 38 8 0.000344552 -0.0139924 4.11204e-05 0.0139967
24 38 8 0.000316646 -0.0141249 0.000107225 0.0141288
25 38 8 0.000288192 -0.0141697 0.000189623 0.0141739
26 38 8 0.000252772 -0.0141303 0.000280374 0.0141353
27 38 8 0.000227529 -0.0139808 0.00035292 0.0139871
28 38 8 0.000195063 -0.0137243 0.000438652 0.0137327
29 38 8 0.000157136 -0.0133455 0.000541201 0.0133574
30 38 8 0.00012966 -0.0128562 0.000639887 0.0128727
31 38 8 9.0957e-05 -0.012282 0.000731389 0.0123041
32 38 8 5.2137e-05 -0.0115779 0.000817422 0.0116069
33 38 8 0.000117083 -0.0107647 0.000905012 0.0108033
34 38 8 0.000312973 -0.00989565 0.000978553 0.00994884
35 38 8 0.000345156 -0.00892298 0.00102761 0.00898858
36 38 8 -0.000257394 -0.00761278 0.00106536 0.00769127
37 38 8 -0.00121524 -0.00561113 0.00114897 0.00585506
38 38 8 -0.00170576 -0.00324388 0.00132831 0.0038983
39 38 8 0 -0.00134437 0.00159406 0.00208527
1 38 9 0.000370337 -0.000190583 0.000119721 0.000433364
2 38 9 0.0022706 -0.00227461 -0.000402132 0.00323901
3 38 9 0.0026149 -0.00493739 -0.000707106 0.00563165
4 38 9 0.00205427 -0.00749082 -0.000904146 0.00781983
5 38 9 0.0013147 -0.00900852 -0.000957474 0.00915415
6 38 9 0.000838668 -0.00948164 -0.000871224 0.00955845
7 38 9 0.000673567 -0.00941349 -0.00073419 0.00946607
8 38 9 0.000646833 -0.00929316 -0.00061167 0.0093357
9 38 9 0.000633081 -0.00926757 -0.000523428 0.0093039
10 38 9 0.000615663 -0.00933339 -0.000457065 0.00936483
11 38 9 0.000584016 -0.00949712 -0.000409225 0.00952385
12 38 9 0.000561941 -0.00971649 -0.000377354 0.00974004
13 38 9 0.000535957 -0.00998856 -0.000346825 0.0100089
14 38 9 0.000506697 -0.0103089 -0.000323083 0.0103264
15 38 9 0.000483489 -0.0106674 -0.000306255 0.0106828
16 38 9 0.000456503 -0.0110512 -0.000298858 0.0110646
17 38 9 0.000430006 -0.0114458 -0.000285399 0.0114575
18 38 9 0.000402118 -0.0118451 -0.000259861 0.0118548
19 38 9 0.000378998 -0.0122175 -0.000230556 0.0122255
20 38 9 0.000359535 -0.012557 -0.000186854 0.0125636
21 38 9 0.000335133 -0.0128592 -0.000143679 0.0128644
22 38 9 0.000311977 -0.0130958 -8.89873e-05 0.0130999
23 38 9 0.000283696 -0.0132751 -1.80069e-05 0.0132781
24 38 9 0.000258164 -0.0133856 4.79454e-05 0.0133882
25 38 9 0.000234833 -0.013416 0.000139046 0.0134188
26 38 9 0.000202983 -0.0133776 0.000245003 0.0133814
27 38 9 0.000182773 -0.0132449 0.000326222 0.0132502
28 38 9 0.000158348 -0.0130246 0.000415354 0.0130322
29 38 9 0.000120925 -0.0126913 0.000523437 0.0127027
30 38 9 9.36431e-05 -0.0122331 0.000632816 0.0122498
31 38 9 6.37519e-05 -0.0116936 0.000741877 0.0117173
32 38 9 2.71705e-05 -0.0110458 0.000845577 0.0110782
33 38 9 8.32075e-05 -0.0102943 0.000944597 0.0103379
34 38 9 0.000289871 -0.00948943 0.00102453 0.00954898
35 38 9 0.000400384 -0.00859262 0.00107125 0.00866839
36 38 9 -7.43073e-05 -0.00738283 0.00108527 0.00746254
37 38 9 -0.000911947 -0.00549633 0.00114335 0.00568757
38 38 9 -0.00140395 -0.0032417 0.00131385 0.00376907
39 38 9 0 -0.00140447 0.00159803 0.0021275
1 38 10 -0.000233246 -0.000130545 8.47896e-05 0.000280419
2 38 10 0.00198176 -0.0021021 -0.000391709 0.00291541
3 38 10 0.00249298 -0.00468069 -0.000704968 0.00534984
4 38 10 0.00199804 -0.00716804 -0.000920863 0.00749807
5 38 10 0.00129124 -0.00865094 -0.000982384 0.00880176
6 38 10 0.000812884 -0.00912839 -0.00089235 0.00920785
7 38 10 0.000629242 -0.00908629 -0.000749656 0.00913885
8 38 10 0.000592541 -0.00897923 -0.000629194 0.00902073
9 38 10 0.000571676 -0.00894471 -0.000544496 0.00897948
10 38 10 0.000540416 -0.00898963 -0.000474302 0.00901834
11 38 10 0.000503617 -0.00911285 -0.000424478 0.00913662
12 38 10 0.000479601 -0.00928461 -0.00039789 0.0093055
13 38 10 0.000448685 -0.00951768 -0.000373455 0.00953557
14 38 10 0.000417872 -0.00980047 -0.000358119 0.00981591
15 38 10 0.000394259 -0.0101148 -0.00034965 0.0101286
16 38 10 0.000367676 -0.0104495 -0.000344069 0.0104616
17 38 10 0.000344657 -0.0107922 -0.000328149 0.0108027
18 38 10 0.000323097 -0.0111381 -0.000300802 0.0111469
19 38 10 0.00030715 -0.0114635 -0.000271881 0.0114708
20 38 10 0.000294564 -0.0117669 -0.000229858 0.0117728
21 38 10 0.000278047 -0.0120455 -0.000189653 0.0120502
22 38 10 0.000263936 -0.0122721 -0.000138273 0.0122757
23 38 10 0.000242886 -0.0124518 -7.18926e-05 0.0124543
24 38 10 0.00022204 -0.0125696 -1.36844e-05 0.0125715
25 38 10 0.000204066 -0.0126095 7.42476e-05 0.0126114
26 38 10 0.000174032 -0.012585 0.000187452 0.0125876
27 38 10 0.000154517 -0.012471 0.000277307 0.012475
28 38 10 0.000138293 -0.0122854 0.000373831 0.0122919
29 38 10 0.00010558 -0.0120153 0.000489443 0.0120257
30 38 10 7.59251e-05 -0.0116261 0.000603784 0.011642
31 38 10 5.00761e-05 -0.0111508 0.000721513 0.0111743
32 38 10 1.83856e-05 -0.0105748 0.000841875 0.0106082
33 38 10 6.29077e-05 -0.00989604 0.000958957 0.00994259
34 38 10 0.000255129 -0.00915375 0.00105167 0.0092175
35 38 10 0.000404492 -0.00830759 0.00110264 0.0083902
36 38 10 5.05198e-05 -0.00715376 0.00110204 0.00723832
37 38 10 -0.000650095 -0.0053503 0.0011337 0.00550759
38 38 10 -0.00111496 -0.00319473 0.00129088 0.00362158
39 38 10 0 -0.00142906 0.00159308 0.00214012
1 38 11 -0.00079944 -6.153e-05 3.90374e-05 0.000802754
2 38 11 0.00164485 -0.00190247 -0.000390313 0.00254504
3 38 11 0.00230148 -0.00436376 -0.000698888 0.00498274
4 38 11 0.00189123 -0.00673156 -0.000928 0.0070535
5 38 11 0.00123331 -0.00813656 -0.000991248 0.00828899
6 38 11 0.000766632 -0.00858267 -0.000889071 0.00866258
7 38 11 0.000579382 -0.00853293 -0.000738507 0.0085844
8 38 11 0.000541628 -0.00840855 -0.000619247 0.0084487
9 38 11 0.000516039 -0.00834614 -0.000533944 0.00837911
10 38 11 0.000477207 -0.00836272 -0.000460641 0.00838898
11 38 11 0.000442507 -0.0084535 -0.000416697 0.00847532
12 38 11 0.000417117 -0.00860052 -0.000399989 0.00861992
13 38 11 0.00038302 -0.00881003 -0.000379498 0.00882652
14 38 11 0.000355546 -0.00905585 -0.000369231 0.00907035
15 38 11 0.000334849 -0.00932381 -0.000368674 0.0093371
16 38 11 0.000310851 -0.00961276 -0.000369424 0.00962487
17 38 11 0.000290874 -0.00991518 -0.000361161 0.00992601
18 38 11 0.000271473 -0.0102248 -0.000344153 0.0102342
19 38 11 0.000255898 -0.0105209 -0.000324954 0.010529
20 38 11 0.000242196 -0.0108 -0.000288588 0.0108065
21 38 11 0.000225904 -0.0110582 -0.000249129 0.0110633
22 38 11 0.000215156 -0.0112724 -0.000193426 0.0112761
23 38 11 0.000199863 -0.0114497 -0.000119941 0.011452
24 38 11 0.000185121 -0.0115789 -5.86006e-05 0.0115805
25 38 11 0.000176321 -0.0116414 2.95863e-05 0.0116427
26 38 11 0.000152963 -0.0116489 0.000147228 0.0116509
27 38 11 0.000133189 -0.0115686 0.000241039 0.0115718
28 38 11 0.000122315 -0.0114138 0.000342632 0.0114196
29 38 11 9.85048e-05 -0.0111938 0.000470135 0.0112041
30 38 11 7.13619e-05 -0.0108785 0.000595216 0.010895
31 38 11 5.0192e-05 -0.01049 0.000720664 0.0105148
32 38 11 2.79543e-05 -0.0100152 0.000853635 0.0100515
33 38 11 6.68623e-05 -0.00944679 0.000987787 0.00949853
34 38 11 0.000233065 -0.00880602 0.00109176 0.0088765
35 38 11 0.000386137 -0.00803062 0.00114151 0.00812053
36 38 11 0.000134229 -0.00692025 0.00112577 0.00701251
37 38 11 -0.000426416 -0.0051792 0.00112836 0.00531781
38 38 11 -0.00084275 -0.00310919 0.00126416 0.00346055
39 38 11 0 -0.00142071 0.00157973 0.00212461
1 38 12 -0.00132765 6.36061e-06 -1.28031e-05 0.00132773
2 38 12 0.00126673 -0.00168452 -0.000393565 0.00214409
3 38 12 0.00204784 -0.00398164 -0.000688777 0.00453007
4 38 12 0.00174047 -0.00616775 -0.000926121 0.00647519
5 38 12 0.00115174 -0.00745395 -0.000987005 0.00760671
6 38 12 0.000717954 -0.00785609 -0.000875223 0.00793723
7 38 12 0.000541674 -0.00780985 -0.00072621 0.00786223
8 38 12 0.00050609 -0.00769389 -0.000613072 0.00773485
9 38 12 0.000475119 -0.0076367 -0.000528035 0.00766966
10 38 12 0.000431195 -0.00765593 -0.00045496 0.00768154
11 38 12 0.000397411 -0.00773999 -0.000417935 0.00776145
12 38 12 0.000367027 -0.00787466 -0.000404029 0.00789355
13 38 12 0.000331864 -0.00805349 -0.00038115 0.00806934
14 38 12 0.00030958 -0.00825317 -0.000377612 0.0082676
15 38 12 0.000289493 -0.00847845 -0.000390066 0.00849236
16 38 12 0.000265757 -0.00873494 -0.000400925 0.00874817
17 38 12 0.000247445 -0.00901241 -0.000401811 0.00902475
18 38 12 0.000230685 -0.00929863 -0.000393741 0.00930982
19 38 12 0.000218268 -0.00957503 -0.000381243 0.0095851
20 38 12 0.000207211 -0.00983627 -0.000348766 0.00984463
21 38 12 0.000193309 -0.0100776 -0.000310892 0.0100842
22 38 12 0.000184541 -0.01028 -0.000253574 0.0102848
23 38 12 0.000171749 -0.0104508 -0.000173449 0.0104536
24 38 12 0.000158364 -0.0105863 -0.000104664 0.010588
25 38 12 0.000155388 -0.0106699 -1.03699e-05 0.010671
26 38 12 0.000141527 -0.0107176 0.000116811 0.0107192
27 38 12 0.00012333 -0.0106953 0.000215209 0.0106982
28 38 12 0.000112771 -0.0105954 0.000314036 0.0106007
29 38 12 9.38007e-05 -0.0104277 0.000443899 0.0104375
30 38 12 6.85743e-05 -0.010174 0.000575736 0.0101906
31 38 12 4.95445e-05 -0.0098582 0.000705743 0.00988356
32 38 12 3.51634e-05 -0.00946978 0.000845864 0.00950755
33 38 12 7.13697e-05 -0.00899855 0.000995732 0.00905375
34 38 12 0.000207993 -0.008452 0.00111611 0.00852791
35 38 12 0.000344016 -0.0077416 0.00116961 0.007837
36 38 12 0.000182656 -0.00666035 0.00114714 0.00676088
37 38 12 -0.000232186 -0.00497177 0.00112916 0.00510367
38 38 12 -0.000582295 -0.00298611 0.00124076 0.00328564
39 38 12 0 -0.00138459 0.0015624 0.00208762
1 38 13 -0.00181189 7.12879e-05 -6.5968e-05 0.00181449
2 38 13 0.000870225 -0.0014375 -0.000396477 0.00172652
3 38 13 0.00175845 -0.00351222 -0.00067811 0.00398593
4 38 13 0.00156366 -0.00546606 -0.000930699 0.00576099
5 38 13 0.00105749 -0.0066162 -0.00100046 0.00677446
6 38 13 0.00066896 -0.00698102 -0.000892931 0.00706962
7 38 13 0.000506364 -0.0069487 -0.000752085 0.00700761
8 38 13 0.000468222 -0.0068419 -0.000639786 0.00688768
9 38 13 0.000430074 -0.00677795 -0.000548186 0.00681367
10 38 13 0.000383099 -0.00677767 -0.000471503 0.00680484
11 38 13 0.000349999 -0.00682935 -0.000435337 0.00685216
12 38 13 0.000317725 -0.00692348 -0.000418215 0.00694338
13 38 13 0.000287755 -0.00705002 -0.000396494 0.00706702
14 38 13 0.000270325 -0.00720253 -0.000408093 0.00721915
15 38 13 0.000247477 -0.00739774 -0.00043509 0.00741466
16 38 13 0.000223517 -0.00763224 -0.000450824 0.00764881
17 38 13 0.000207964 -0.00788769 -0.000454308 0.0079035
18 38 13 0.000196125 -0.00814892 -0.00044906 0.00816364
19 38 13 0.000189994 -0.00840543 -0.00043874 0.00841902
20 38 13 0.000185577 -0.00865213 -0.000408526 0.00866375
21 38 13 0.000178194 -0.00888463 -0.000373891 0.00889428
22 38 13 0.000173873 -0.00908822 -0.000320761 0.00909554
23 38 13 0.000164932 -0.0092639 -0.000242143 0.00926853
24 38 13 0.000150883 -0.0094128 -0.000172822 0.00941559
25 38 13 0.000147753 -0.0095192 -7.68922e-05 0.00952065
26 38 13 0.00014231 -0.00960304 6.1832e-05 0.0096043
27 38 13 0.00013092 -0.00964693 0.000174489 0.0096494
28 38 13 0.000123067 -0.00963367 0.00027731 0.00963845
29 38 13 0.000107812 -0.00955794 0.000407643 0.00956724
30 38 13 8.37824e-05 -0.00940145 0.000543067 0.00941749
31 38 13 6.37481e-05 -0.00918968 0.000674893 0.00921465
32 38 13 5.01495e-05 -0.00891401 0.000814509 0.00895129
33 38 13 7.61788e-05 -0.00855567 0.000971146 0.00861095
34 38 13 0.000172424 -0.00810509 0.00110733 0.0081822
35 38 13 0.000269787 -0.0074477 0.00117084 0.00754399
36 38 13 0.000184346 -0.00637183 0.00115269 0.00647787
37 38 13 -7.65655e-05 -0.0047199 0.00112903 0.00485366
38 38 13 -0.000336892 -0.00282113 0.00122205 0.00309284
39 38 13 0 -0.00132212 0.00154469 0.00203324
1 38 14 -0.00224289 0.000130608 -0.000120974 0.00224994
2 38 14 0.00047065 -0.00116845 -0.000402238 0.00132234
3 38 14 0.00143499 -0.00298078 -0.000667773 0.00337493
4 38 14 0.00134646 -0.00467019 -0.000927143 0.00494805
5 38 14 0.000933312 -0.00565882 -0.000994505 0.00582085
6 38 14 0.000604243 -0.00595931 -0.00088009 0.00605417
7 38 14 0.000462595 -0.0059099 -0.000732848 0.0059731
8 38 14 0.000425851 -0.00578418 -0.00060949 0.00583177
9 38 14 0.000387943 -0.00569595 -0.000510904 0.00573196
10 38 14 0.000345219 -0.00567365 -0.00043614 0.00570085
11 38 14 0.000317045 -0.00570458 -0.000405514 0.00572776
12 38 14 0.000289047 -0.0057778 -0.000393121 0.00579837
13 38 14 0.000266246 -0.00588251 -0.000384981 0.00590111
14 38 14 0.000248236 -0.00602553 -0.000416425 0.006045
15 38 14 0.000220432 -0.00621772 -0.000450989 0.00623795
16 38 14 0.000198124 -0.00644021 -0.000464344 0.00645997
17 38 14 0.0001858 -0.00667378 -0.000468956 0.00669282
18 38 14 0.000177237 -0.0069094 -0.000467646 0.00692748
19 38 14 0.000173588 -0.00714868 -0.000460775 0.00716561
20 38 14 0.000171762 -0.00738484 -0.000433048 0.00739952
21 38 14 0.000168198 -0.00761372 -0.000399675 0.00762606
22 38 14 0.000166706 -0.00782684 -0.000348446 0.00783637
23 38 14 0.000163012 -0.00801584 -0.000270616 0.00802207
24 38 14 0.000150503 -0.00818408 -0.000202315 0.00818796
25 38 14 0.000143227 -0.00831502 -0.000111802 0.008317
26 38 14 0.000140104 -0.00842149 2.91353e-05 0.0084227
27 38 14 0.000136091 -0.0085041 0.00015598 0.00850662
28 38 14 0.00013541 -0.00855533 0.000271241 0.0085607
29 38 14 0.000127859 -0.00856303 0.000408107 0.0085737
30 38 14 0.000109972 -0.00850516 0.000551379 0.00852372
31 38 14 9.40834e-05 -0.00840954 0.000691256 0.00843843
32 38 14 8.36239e-05 -0.00827327 0.00083141 0.00831536
33 38 14 9.86605e-05 -0.0080661 0.000984414 0.00812654
34 38 14 0.00014792 -0.00774842 0.00112082 0.00783046
35 38 14 0.000185303 -0.00716342 0.001179 0.00726215
36 38 14 0.000147349 -0.00608235 0.00115225 0.00619228
37 38 14 3.37047e-05 -0.00444124 0.00112202 0.0045809
38 38 14 -0.000114142 -0.00261892 0.00120268 0.00288413
39 38 14 0 -0.00123472 0.00152596 0.00196292
1 38 15 -0.00261245 0.000186254 -0.000179864 0.00262525
2 38 15 7.85089e-05 -0.000878007 -0.000417383 0.00097533
3 38 15 0.00108219 -0.00240158 -0.000669138 0.0027178
4 38 15 0.00109519 -0.00380649 -0.000931684 0.00406901
5 38 15 0.000793515 -0.00461592 -0.000996237 0.00478841
6 38 15 0.000541044 -0.00484459 -0.00088039 0.00495357
7 38 15 0.000426704 -0.0047864 -0.000733693 0.00486107
8 38 15 0.000392671 -0.00466709 -0.000610899 0.00472325
9 38 15 0.000356583 -0.00458927 -0.000520581 0.00463245
10 38 15 0.000317584 -0.00457859 -0.000456365 0.00461222
11 38 15 0.000292127 -0.00461278 -0.000431777 0.00464214
12 38 15 0.000267116 -0.00467659 -0.000423075 0.00470328
13 38 15 0.000246029 -0.00476547 -0.000423217 0.00479055
14 38 15 0.000223177 -0.00489544 -0.000457894 0.00492187
15 38 15 0.000195305 -0.00506521 -0.000481517 0.00509179
16 38 15 0.000180579 -0.00525091 -0.000485555 0.0052764
17 38 15 0.000173425 -0.00544528 -0.000492869 0.00547029
18 38 15 0.000168315 -0.00564957 -0.000497475 0.00567393
19 38 15 0.000166004 -0.0058731 -0.000495254 0.00589628
20 38 15 0.000165673 -0.00610173 -0.000470723 0.0061221
21 38 15 0.000165504 -0.006331 -0.000437824 0.00634827
22 38 15 0.000165848 -0.00656255 -0.000387136 0.00657605
23 38 15 0.00016855 -0.0067802 -0.000308778 0.00678932
24 38 15 0.000163276 -0.00698792 -0.000239521 0.00699393
25 38 15 0.000154284 -0.00717092 -0.000157456 0.00717431
26 38 15 0.000147945 -0.00732755 -2.81382e-05 0.0073291
27 38 15 0.000144891 -0.00746244 9.78612e-05 0.00746449
28 38 15 0.000147841 -0.00757818 0.000218951 0.00758278
29 38 15 0.000145527 -0.00766164 0.000358522 0.00767141
30 38 15 0.000132266 -0.00768645 0.000506514 0.00770426
31 38 15 0.000119914 -0.00768146 0.000659263 0.00771064
32 38 15 0.000111917 -0.00765668 0.000812455 0.00770048
33 38 15 0.000115662 -0.00758162 0.000973495 0.00764474
34 38 15 0.000118561 -0.00739053 0.00111914 0.00747573
35 38 15 8.98218e-05 -0.00687887 0.00117887 0.00697973
36 38 15 7.89519e-05 -0.00578642 0.00114311 0.00589878
37 38 15 0.000100413 -0.00413769 0.00110571 0.00428406
38 38 15 8.24009e-05 -0.002382 0.00117974 0.00265942
39 38 15 0 -0.00112348 0.00150536 0.00187838
1 38 16 -0.00291956 0.00023442 -0.000240139 0.00293879
2 38 16 -0.000304975 -0.000571203 -0.00043239 0.000778616
3 38 16 0.000704491 -0.00176877 -0.000662689 0.00201594
4 38 16 0.000819659 -0.00284135 -0.000919309 0.00309681
5 38 16 0.00064557 -0.00342588 -0.00098168 0.00362176
6 38 16 0.000476843 -0.00355806 -0.000870563 0.00369393
7 38 16 0.000387731 -0.00348451 -0.000727198 0.00358063
8 38 16 0.00035326 -0.00337167 -0.000604527 0.0034436
9 38 16 0.000318739 -0.00329712 -0.000517364 0.00335265
10 38 16 0.00028437 -0.00327835 -0.000451024 0.00332143
11 38 16 0.00026336 -0.00328884 -0.000418033 0.00332574
12 38 16 0.000243594 -0.00331918 -0.000402952 0.00335241
13 38 16 0.000225135 -0.0033783 -0.000401701 0.00340954
14 38 16 0.000203268 -0.00348393 -0.000429871 0.00351623
15 38 16 0.000184167 -0.00362179 -0.000444524 0.00365361
16 38 16 0.000178423 -0.00377424 -0.000454813 0.00380573
17 38 16 0.000172879 -0.00394753 -0.000480426 0.00398041
18 38 16 0.000168057 -0.00414328 -0.00049933 0.00417664
19 38 16 0.000164425 -0.00436637 -0.000505448 0.00439861
20 38 16 0.000163476 -0.00459243 -0.000484726 0.00462083
21 38 16 0.000164931 -0.00481735 -0.000449486 0.00484108
22 38 16 0.000163964 -0.00505573 -0.000394047 0.00507371
23 38 16 0.000169616 -0.00529183 -0.000308149 0.00530351
24 38 16 0.000174628 -0.00553255 -0.000227049 0.00553996
25 38 16 0.000172058 -0.00576919 -0.000141466 0.00577349
26 38 16 0.000166982 -0.00599036 -2.15349e-05 0.00599273
27 38 16 0.000165078 -0.00619956 9.60591e-05 0.0062025
28 38 16 0.000170961 -0.00640571 0.000215425 0.00641161
29 38 16 0.000173576 -0.00659586 0.000349406 0.00660739
30 38 16 0.000164857 -0.00673688 0.000488619 0.00675659
31 38 16 0.000154408 -0.00684949 0.000640573 0.00688111
32 38 16 0.000144291 -0.00695116 0.000798799 0.00699839
33 38 16 0.000129504 -0.007017 0.000964153 0.00708411
34 38 16 8.06305e-05 -0.00696314 0.00111954 0.00705302
35 38 16 -1.58252e-05 -0.00654267 0.00118634 0.00664937
36 38 16 -8.76046e-06 -0.00545967 0.00114226 0.00557788
37 38 16 0.000136223 -0.00381135 0.00109141 0.00396688
38 38 16 0.000255874 -0.00212095 0.00115611 0.0024291
39 38 16 0 -0.000994618 0.00148264 0.00178535
1 38 17 -0.00316162 0.000270727 -0.000302976 0.00318762
2 38 17 -0.000673461 -0.000266646 -0.000450066 0.000852765
3 38 17 0.000314673 -0.00112052 -0.000655058 0.00133555
4 38 17 0.000531637 -0.00183675 -0.000903217 0.00211473
5 38 17 0.000490762 -0.00218249 -0.00096706 0.00243707
6 38 17 0.000405081 -0.002223 -0.000862217 0.00241852
7 38 17 0.000340735 -0.00214428 -0.000716777 0.00228644
8 38 17 0.000308914 -0.00204558 -0.000586255 0.00215023
9 38 17 0.000281411 -0.00197629 -0.000494682 0.00205661
10 38 17 0.000256746 -0.00195035 -0.000421189 0.00201176
11 38 17 0.00024344 -0.0019462 -0.000380805 0.00199799
12 38 17 0.00023021 -0.00196297 -0.000365821 0.00201
13 38 17 0.000215061 -0.00201506 -0.000369311 0.00205988
14 38 17 0.000197103 -0.00211049 -0.000397539 0.00215663
15 38 17 0.000185724 -0.00222736 -0.000414964 0.00227328
16 38 17 0.000181841 -0.00236223 -0.000441172 0.00240994
17 38 17 0.00017352 -0.00252932 -0.000483187 0.00258089
18 38 17 0.000169151 -0.00272243 -0.000507363 0.00277447
19 38 17 0.000166367 -0.00294239 -0.000514559 0.00299168
20 38 17 0.000166704 -0.00316755 -0.000495624 0.00321042
21 38 17 0.000170514 -0.00339532 -0.000461004 0.00343071
22 38 17 0.000167005 -0.00364208 -0.000406432 0.00366849
23 38 17 0.000169058 -0.003894 -0.000318392 0.00391065
24 38 17 0.000177633 -0.00416161 -0.000225767 0.00417152
25 38 17 0.000181295 -0.00444075 -0.00012843 0.0044463
26 38 17 0.00018043 -0.00471346 -7.97641e-06 0.00471692
27 38 17 0.000181647 -0.00498163 0.000106509 0.00498607
28 38 17 0.000191214 -0.00526059 0.000228731 0.00526904
29 38 17 0.000200364 -0.00554368 0.00036236 0.00555912
30 38 17 0.000200065 -0.00579827 0.000493406 0.00582267
31 38 17 0.000195758 -0.00603413 0.000638837 0.00607101
32 38 17 0.000185393 -0.00626646 0.000792955 0.00631915
33 38 17 0.000147616 -0.00647202 0.000951999 0.00654332
34 38 17 3.67702e-05 -0.00654743 0.00110899 0.00664079
35 38 17 -0.000134199 -0.00620679 0.00118404 0.00632015
36 38 17 -0.000114685 -0.00512786 0.00113754 0.00525377
37 38 17 0.00014587 -0.00347552 0.00107502 0.0036409
38 38 17 0.000406541 -0.00184275 0.00113101 0.00220004
39 38 17 0 -0.000849103 0.00145766 0.00168694
1 38 18 -0.00333581 0.000300383 -0.000366039 0.00336925
2 38 18 -0.00101892 4.5457e-05 -0.000467003 0.00112177
3 38 18 -7.42102e-05 -0.000441833 -0.000647381 0.00078729
4 38 18 0.000239875 -0.000778692 -0.000892372 0.0012084
5 38 18 0.000329908 -0.000879193 -0.000966766 0.00134776
6 38 18 0.000325825 -0.000835714 -0.00087389 0.0012523
7 38 18 0.000290389 -0.000758254 -0.000728881 0.00109112
8 38 18 0.000266482 -0.00067812 -0.000593519 0.000939747
9 38 18 0.000248775 -0.000617574 -0.000501901 0.000833782
10 38 18 0.000233821 -0.000588683 -0.000427961 0.000764442
11 38 18 0.000225954 -0.000577424 -0.000387776 0.00073133
12 38 18 0.000216554 -0.000586696 -0.000377507 0.000730492
13 38 18 0.000204025 -0.000628362 -0.00038492 0.00076461
14 38 18 0.000190455 -0.000702816 -0.000410039 0.000835677
15 38 18 0.000183582 -0.000793513 -0.000425633 0.000918982
16 38 18 0.000179193 -0.000909719 -0.000456366 0.00103343
17 38 18 0.000171067 -0.00106265 -0.000497753 0.00118586
18 38 18 0.000169938 -0.00123761 -0.000513083 0.00135049
19 38 18 0.000169824 -0.00143923 -0.00051388 0.00153763
20 38 18 0.000172161 -0.0016636 -0.000495544 0.00174435
21 38 18 0.000179054 -0.00190957 -0.000466702 0.00197391
22 38 18 0.00017742 -0.00217998 -0.000422843 0.00222769
23 38 18 0.000177566 -0.00245985 -0.000345599 0.00249034
24 38 18 0.00018543 -0.00276383 -0.000255205 0.00278177
25 38 18 0.000191502 -0.00309338 -0.000154819 0.00310317
26 38 18 0.000193727 -0.0034282 -3.64394e-05 0.00343386
27 38 18 0.00019728 -0.00376515 7.3802e-05 0.00377104
28 38 18 0.000208025 -0.00411879 0.000198913 0.00412883
29 38 18 0.000220683 -0.0044883 0.000336716 0.00450632
30 38 18 0.0002279 -0.00484975 0.000467154 0.00487752
31 38 18 0.000231624 -0.0052063 0.000612447 0.00524731
32 38 18 0.000225677 -0.00556773 0.000766567 0.00562478
33 38 18 0.000167011 -0.00591185 0.000921369 0.00598555
34 38 18 -1.28559e-05 -0.00611291 0.00108011 0.00620761
35 38 18 -0.000267663 -0.00584378 0.00116668 0.00596511
36 38 18 -0.000240909 -0.00476706 0.00112578 0.00490411
37 38 18 0.000130942 -0.0031169 0.00105768 0.00329407
38 38 18 0.000534473 -0.00154617 0.00110683 0.00197519
39 38 18 0 -0.000689169 0.00143146 0.00158872
1 38 19 -0.00344024 0.000317826 -0.000427659 0.00348126
2 38 19 -0.0013372 0.000352409 -0.000479913 0.00146377
3 38 19 -0.000458108 0.000251073 -0.000633064 0.000820774
4 38 19 -5.74614e-05 0.000317157 -0.000870458 0.000928217
5 38 19 0.00015713 0.000477532 -0.000947773 0.00107285
6 38 19 0.000234798 0.000616626 -0.00085661 0.00108127
7 38 19 0.000234248 0.000707314 -0.000704956 0.00102573
8 38 19 0.000221887 0.000780741 -0.000560503 0.000986385
9 38 19 0.000213464 0.000841318 -0.000463841 0.00098414
10 38 19 0.00020656 0.000880405 -0.000385155 0.000982917
11 38 19 0.000202956 0.000903295 -0.000340205 0.000986343
12 38 19 0.000198121 0.000905359 -0.000327002 0.000982781
13 38 19 0.000191592 0.000878029 -0.000330726 0.000957613
14 38 19 0.000185353 0.000820404 -0.000349834 0.000910935
15 38 19 0.000183093 0.000738448 -0.000363673 0.00084326
16 38 19 0.000180684 0.000623245 -0.000399219 0.000761877
17 38 19 0.000175799 0.000473305 -0.000444634 0.000672772
18 38 19 0.000175038 0.000304217 -0.000460896 0.00057932
19 38 19 0.000173448 0.000110663 -0.000462741 0.000506418
20 38 19 0.000173309 -0.000114119 -0.000445154 0.000491143
21 38 19 0.000178333 -0.000370025 -0.00041584 0.000584503
22 38 19 0.000180204 -0.000651342 -0.000372489 0.000771666
23 38 19 0.000183534 -0.000948101 -0.000296923 0.00101032
24 38 19 0.000192453 -0.00127522 -0.000206429 0.00130608
25 38 19 0.000201389 -0.00163982 -0.000105828 0.00165553
26 38 19 0.00020835 -0.00202981 7.35408e-06 0.00204049
27 38 19 0.000216115 -0.00244012 0.000108742 0.00245209
28 38 19 0.000227956 -0.00287729 0.000228129 0.00289531
29 38 19 0.00024189 -0.00334018 0.000361661 0.0033684
30 38 19 0.000253872 -0.00381517 0.00048602 0.00385437
31 38 19 0.0002642 -0.00430122 0.000625786 0.00435453
32 38 19 0.000265743 -0.00480185 0.000773728 0.00487104
33 38 19 0.00019096 -0.00529854 0.000918235 0.00538091
34 38 19 -6.055e-05 -0.00564103 0.00106911 0.00574176
35 38 19 -0.000407781 -0.00545298 0.00115507 0.00558887
36 38 19 -0.000380348 -0.00438613 0.00111306 0.00454111
37 38 19 9.83004e-05 -0.00274748 0.00103911 0.00293906
38 38 19 0.000642417 -0.00124355 0.00108234 0.00176935
39 38 19 0 -0.00052329 0.00140248 0.00149693
1 38 20 -0.00347047 0.000326147 -0.000487541 0.00351969
2 38 20 -0.00161937 0.00065198 -0.000491378 0.00181353
3 38 20 -0.000826374 0.000940836 -0.000621433 0.00139794
4 38 20 -0.000350973 0.0014087 -0.000854311 0.00168448
5 38 20 -1.83925e-05 0.00181974 -0.000933787 0.00204543
6 38 20 0.00014078 0.00204183 -0.000843151 0.00221354
7 38 20 0.000178503 0.00213549 -0.00068959 0.00225116
8 38 20 0.000178807 0.00219073 -0.000542135 0.00226389
9 38 20 0.000178361 0.00223881 -0.000442301 0.00228904
10 38 20 0.000178488 0.00227604 -0.000360496 0.00231131
11 38 20 0.000179029 0.00229853 -0.000312467 0.00232657
12 38 20 0.000179337 0.00230196 -0.000296459 0.00232789
13 38 20 0.000179455 0.00228329 -0.000297801 0.00230961
14 38 20 0.000179124 0.0022399 -0.000314818 0.00226899
15 38 20 0.000178199 0.00216949 -0.000327007 0.00220122
16 38 20 0.000177053 0.00207037 -0.000361382 0.00210912
17 38 20 0.000175922 0.0019414 -0.00040607 0.0019912
18 38 20 0.000175039 0.00178128 -0.00042211 0.00183896
19 38 20 0.000174858 0.00158904 -0.000424236 0.00165396
20 38 20 0.000175713 0.00136378 -0.000407444 0.00143414
21 38 20 0.000177895 0.00110445 -0.00037943 0.00118128
22 38 20 0.000181764 0.000810352 -0.00033788 0.000896588
23 38 20 0.000187431 0.000480401 -0.000264599 0.000579593
24 38 20 0.000195046 0.000114173 -0.000176858 0.00028698
25 38 20 0.000204626 -0.000288837 -7.9452e-05 0.000362783
26 38 20 0.000216012 -0.000728748 3.00987e-05 0.000760684
27 38 20 0.000229113 -0.00120482 0.000127429 0.00123301
28 38 20 0.000243021 -0.00171623 0.000242445 0.00175023
29 38 20 0.000258 -0.00226063 0.000371216 0.00230539
30 38 20 0.000273233 -0.00283631 0.000490472 0.00289135
31 38 20 0.00028825 -0.00343921 0.000624998 0.0035074
32 38 20 0.000297944 -0.00406565 0.000767479 0.00414817
33 38 20 0.000210402 -0.0047027 0.0009065 0.00479389
34 38 20 -0.000111918 -0.00517611 0.00105259 0.00528324
35 38 20 -0.000554355 -0.0050578 0.00113498 0.00521314
36 38 20 -0.000529298 -0.00399351 0.00109066 0.00417347
37 38 20 5.27412e-05 -0.00236708 0.00101575 0.00257636
38 38 20 0.000731751 -0.000933542 0.00105781 0.00158931
39 38 20 0 -0.000349633 0.001372 0.00141585
1 38 21 -0.00342474 0.000325513 -0.00054492 0.00348306
2 38 21 -0.00186198 0.000940803 -0.000500987 0.00214548
3 38 21 -0.00117631 0.00162041 -0.000611921 0.00209377
4 38 21 -0.000638642 0.00248823 -0.00084326 0.00270374
5 38 21 -0.000194231 0.00314655 -0.000923835 0.00328512
6 38 21 4.40404e-05 0.00344792 -0.000832239 0.00354721
7 38 21 0.000119461 0.00354114 -0.000681418 0.00360808
8 38 21 0.000132401 0.00357509 -0.000537149 0.00361764
9 38 21 0.000139897 0.00360784 -0.000436136 0.0036368
10 38 21 0.000146939 0.00364061 -0.000352887 0.00366062
11 38 21 0.000151507 0.00366047 -0.000303479 0.00367615
12 38 21 0.000156791 0.00366341 -0.000284728 0.0036778
13 38 21 0.000163333 0.00365193 -0.000284801 0.00366666
14 38 21 0.000168738 0.0036218 -0.000303354 0.00363839
15 38 21 0.000169023 0.0035625 -0.000313644 0.00358027
16 38 21 0.000169045 0.00347945 -0.000340492 0.00350015
17 38 21 0.000171601 0.00337177 -0.000379357 0.00339738
18 38 21 0.000170573 0.00322126 -0.000393761 0.00324972
19 38 21 0.000171779 0.00303126 -0.000395267 0.00306174
20 38 21 0.000173604 0.00280667 -0.000379341 0.0028375
21 38 21 0.000172916 0.0025453 -0.000354579 0.00257569
22 38 21 0.00017871 0.00224008 -0.000316423 0.00226937
23 38 21 0.000186604 0.00187895 -0.000246396 0.0019042
24 38 21 0.000192761 0.00147601 -0.000164612 0.00149761
25 38 21 0.000202829 0.00103746 -7.40969e-05 0.00105969
26 38 21 0.000218439 0.000550974 3.31863e-05 0.000593624
27 38 21 0.000236614 1.30579e-05 0.000131153 0.000270847
28 38 21 0.000252435 -0.000568209 0.000243147 0.000667612
29 38 21 0.000268319 -0.00118948 0.000366731 0.00127332
30 38 21 0.000286644 -0.00186086 0.000481951 0.00194351
31 38 21 0.000306266 -0.00257534 0.000611604 0.00266463
32 38 21 0.000324098 -0.00332231 0.000749454 0.00342118
33 38 21 0.0002243 -0.00409444 0.000887865 0.0041956
34 38 21 -0.000167111 -0.00469445 0.00103207 0.00480947
35 38 21 -0.000702584 -0.0046447 0.00110749 0.00482632
36 38 21 -0.00068046 -0.00358685 0.0010592 0.00380138
37 38 21 1.73883e-07 -0.00197965 0.000987908 0.00221246
38 38 21 0.000803624 -0.000622878 0.0010332 0.00144959
39 38 21 0 -0.000173764 0.00133974 0.00135097
1 38 22 -0.00330182 0.000316533 -0.000598709 0.00337056
2 38 22 -0.00206144 0.00121607 -0.000505744 0.00244625
3 38 22 -0.00150511 0.00228251 -0.000595254 0.00279813
4 38 22 -0.000918193 0.00354661 -0.000821476 0.00375451
5 38 22 -0.00036758 0.00445441 -0.000895822 0.00455844
6 38 22 -5.48343e-05 0.00483907 -0.00079302 0.00490393
7 38 22 5.35428e-05 0.00493427 -0.00063805 0.00497564
8 38 22 7.77346e-05 0.00495148 -0.000493212 0.00497659
9 38 22 9.42865e-05 0.00497529 -0.000386486 0.00499117
10 38 22 0.000108966 0.00501015 -0.000297771 0.00502017
11 38 22 0.000117413 0.00503464 -0.000242235 0.00504183
12 38 22 0.000126828 0.00504304 -0.000213277 0.00504914
13 38 22 0.000138863 0.00504095 -0.000204637 0.00504701
14 38 22 0.000151261 0.00502385 -0.000222102 0.00503103
15 38 22 0.000155958 0.00497075 -0.000230969 0.00497855
16 38 22 0.000157795 0.0048873 -0.000251078 0.00489628
17 38 22 0.000163425 0.00478226 -0.000289309 0.00479379
18 38 22 0.000162631 0.00463855 -0.000312288 0.00465189
19 38 22 0.000162144 0.00445877 -0.000320875 0.00447324
20 38 22 0.000161241 0.00423722 -0.000306011 0.00425132
21 38 22 0.000158457 0.00397067 -0.000278098 0.00398355
22 38 22 0.000167486 0.00366059 -0.000232787 0.0036718
23 38 22 0.000178316 0.00328991 -0.000156419 0.00329845
24 38 22 0.00018523 0.00287234 -7.7741e-05 0.00287935
25 38 22 0.00019786 0.00240848 3.51927e-06 0.0024166
26 38 22 0.000217745 0.00187769 0.000105745 0.00189323
27 38 22 0.000239447 0.00127856 0.000199958 0.00131607
28 38 22 0.000255873 0.000627076 0.000300463 0.000740928
29 38 22 0.000272506 -7.35783e-05 0.000410552 0.000498223
30 38 22 0.000295021 -0.000843362 0.000516443 0.00103199
31 38 22 0.000320876 -0.00167139 0.000636124 0.00181691
32 38 22 0.000345958 -0.00254118 0.000763722 0.00267592
33 38 22 0.00023136 -0.00344911 0.000896138 0.00357112
34 38 22 -0.000226594 -0.00417623 0.00102917 0.00430714
35 38 22 -0.000847923 -0.00420253 0.00108554 0.00442251
36 38 22 -0.000826729 -0.00316487 0.0010267 0.00342841
37 38 22 -5.36914e-05 -0.00158928 0.000958952 0.00185696
38 38 22 0.000859199 -0.000318136 0.00100803 0.00136219
39 38 22 0 -1.14345e-06 0.00130393 0.00130393
1 38 23 -0.0030992 0.000303353 -0.000649148 0.00318095
2 38 23 -0.00220922 0.00147724 -0.000508041 0.00270574
3 38 23 -0.0018032 0.00291104 -0.000577047 0.00347256
4 38 23 -0.00118103 0.00454322 -0.000804477 0.00476266
5 38 23 -0.000529585 0.00567769 -0.000881883 0.00577013
6 38 23 -0.000147084 0.00612659 -0.000773218 0.00617694
7 38 23 -1.30454e-05 0.0062025 -0.000616287 0.00623306
8 38 23 1.84423e-05 0.00618507 -0.000473994 0.00620323
9 38 23 4.4449e-05 0.00618593 -0.00036625 0.00619692
10 38 23 6.82928e-05 0.00621099 -0.000279053 0.00621763
11 38 23 8.1604e-05 0.00623158 -0.000225121 0.00623618
12 38 23 9.41948e-05 0.00623838 -0.000190504 0.006242
13 38 23 0.000108062 0.00623925 -0.000172073 0.00624256
14 38 23 0.000124205 0.00623743 -0.000184976 0.00624141
15 38 23 0.000132927 0.00620682 -0.000187484 0.00621107
16 38 23 0.000133877 0.00614032 -0.000189194 0.00614469
17 38 23 0.000139369 0.00604952 -0.000209635 0.00605476
18 38 23 0.000141622 0.00592608 -0.000227044 0.00593212
19 38 23 0.000143549 0.00576859 -0.000235262 0.00577517
20 38 23 0.000144322 0.00555364 -0.000220307 0.00555988
21 38 23 0.000144314 0.00527663 -0.000194417 0.00528218
22 38 23 0.000154812 0.0049525 -0.000151794 0.00495724
23 38 23 0.000163315 0.00456554 -8.20628e-05 0.0045692
24 38 23 0.000168966 0.00412516 -2.03903e-05 0.00412867
25 38 23 0.000183368 0.00362653 4.26501e-05 0.00363141
26 38 23 0.000205509 0.00305124 0.000136879 0.00306121
27 38 23 0.0002285 0.00240297 0.000225907 0.00242436
28 38 23 0.000245345 0.0016983 0.000314758 0.00174456
29 38 23 0.000264704 0.000933975 0.000415845 0.00105608
30 38 23 0.000293988 8.19306e-05 0.000520163 0.000603084
31 38 23 0.000327373 -0.00084103 0.000636621 0.00110444
32 38 23 0.000356389 -0.0018135 0.000758543 0.00199779
33 38 23 0.000223021 -0.00283275 0.000887299 0.00297683
34 38 23 -0.000295314 -0.00366241 0.00100907 0.00381034
35 38 23 -0.000989409 -0.0037527 0.00104925 0.00402028
36 38 23 -0.000963866 -0.00273508 0.000987707 0.00306354
37 38 23 -0.00010402 -0.00119546 0.000929487 0.00151786
38 38 23 0.000900139 -1.78909e-05 0.000983365 0.00133326
39 38 23 0 0.000169826 0.00126562 0.00127696
1 38 24 -0.00281794 0.000282042 -0.000697306 0.0029166
2 38 24 -0.00230179 0.0017137 -0.000510404 0.00291471
3 38 24 -0.00206803 0.00349037 -0.00055548 0.00409487
4 38 24 -0.00143001 0.00546191 -0.000783114 0.00570005
5 38 24 -0.000686462 0.00680891 -0.000868014 0.00689825
6 38 24 -0.000236775 0.00732201 -0.000755309 0.00736467
7 38 24 -8.23567e-05 0.00737787 -0.000591031 0.00740196
8 38 24 -4.93802e-05 0.0073235 -0.000443466 0.00733708
9 38 24 -1.70751e-05 0.00729896 -0.000327696 0.00730633
10 38 24 1.57426e-05 0.00731341 -0.000237952 0.0073173
11 38 24 3.60632e-05 0.00733325 -0.000187806 0.00733575
12 38 24 5.45049e-05 0.00734093 -0.000155107 0.00734278
13 38 24 7.08743e-05 0.00733858 -0.000133949 0.00734014
14 38 24 9.0139e-05 0.0073391 -0.000149571 0.00734118
15 38 24 0.000105848 0.00732438 -0.000157775 0.00732684
16 38 24 0.000107957 0.00727311 -0.0001507 0.00727547
17 38 24 0.000110003 0.00718874 -0.000151242 0.00719117
18 38 24 0.000112287 0.00707102 -0.000153821 0.00707358
19 38 24 0.000114669 0.00692225 -0.000154284 0.00692492
20 38 24 0.000116285 0.00671637 -0.000137207 0.00671878
21 38 24 0.000118222 0.00644735 -0.00011638 0.00644948
22 38 24 0.000125576 0.00612816 -8.22406e-05 0.00613
23 38 24 0.000129785 0.00574164 -2.48005e-05 0.00574316
24 38 24 0.000138126 0.00529344 1.93395e-05 0.00529528
25 38 24 0.000157786 0.00477436 7.24386e-05 0.00477752
26 38 24 0.00018312 0.00417247 0.000169007 0.0041799
27 38 24 0.000208161 0.00349283 0.000258979 0.0035086
28 38 24 0.000227918 0.00274535 0.000341829 0.00277592
29 38 24 0.000252953 0.00192012 0.000440385 0.00198615
30 38 24 0.000289816 0.000988932 0.000545096 0.00116581
31 38 24 0.00032856 -2.13596e-05 0.000653783 0.000732011
32 38 24 0.00035641 -0.00108729 0.000761659 0.00137454
33 38 24 0.000203045 -0.00220782 0.000876462 0.00238409
34 38 24 -0.000364812 -0.0031344 0.000978882 0.0033039
35 38 24 -0.00111778 -0.00329441 0.00100417 0.0036209
36 38 24 -0.00108432 -0.00230609 0.000945942 0.0027182
37 38 24 -0.000144115 -0.000809869 0.000898687 0.00121832
38 38 24 0.000929633 0.000265675 0.000956573 0.00136009
39 38 24 0 0.000330398 0.00122333 0.00126716
1 38 25 -0.00245907 0.000260619 -0.000740694 0.00258139
2 38 25 -0.00233218 0.00193882 -0.000508686 0.00307519
3 38 25 -0.00228837 0.00403768 -0.00052322 0.00467047
4 38 25 -0.00165734 0.006318 -0.000744046 0.006574
5 38 25 -0.000837765 0.00785564 -0.000838243 0.00794453
6 38 25 -0.000323718 0.00843062 -0.000728484 0.00846823
7 38 25 -0.000149124 0.00847046 -0.000559917 0.00849026
8 38 25 -0.000118208 0.008381 -0.000406156 0.00839167
9 38 25 -8.57624e-05 0.00832793 -0.000276386 0.00833296
10 38 25 -4.96522e-05 0.00832871 -0.000170771 0.00833061
11 38 25 -2.61103e-05 0.00835382 -0.00010972 0.00835458
12 38 25 -3.42042e-06 0.00838007 -6.89766e-05 0.00838035
13 38 25 1.47566e-05 0.0083959 -3.59786e-05 0.00839599
14 38 25 3.43791e-05 0.00841223 -4.56639e-05 0.00841242
15 38 25 5.83269e-05 0.00842397 -6.28707e-05 0.00842441
16 38 25 6.88163e-05 0.00840351 -6.39361e-05 0.00840404
17 38 25 7.16897e-05 0.00834057 -6.13582e-05 0.0083411
18 38 25 7.35988e-05 0.00823516 -5.83365e-05 0.0082357
19 38 25 7.40127e-05 0.00809389 -5.52341e-05 0.00809441
20 38 25 7.43219e-05 0.00790117 -3.67466e-05 0.00790161
21 38 25 7.72764e-05 0.00765077 -1.78539e-05 0.00765118
22 38 25 8.25326e-05 0.00734232 1.37051e-05 0.0073428
23 38 25 8.8881e-05 0.00695861 6.67132e-05 0.0069595
24 38 25 0.000106667 0.00650196 0.00010528 0.00650368
25 38 25 0.000131859 0.00595691 0.000161613 0.00596056
26 38 25 0.00015756 0.00532127 0.000263918 0.00533014
27 38 25 0.000182709 0.00460105 0.000348193 0.00461782
28 38 25 0.000204346 0.00379983 0.000417958 0.0038282
29 38 25 0.000233015 0.00290749 0.000505797 0.00296034
30 38 25 0.000273092 0.00190272 0.000597299 0.00201288
31 38 25 0.00031236 0.000819718 0.000684131 0.00111245
32 38 25 0.000336843 -0.000325473 0.000769375 0.000900741
33 38 25 0.00016922 -0.0015381 0.000866315 0.00177338
34 38 25 -0.000433972 -0.00256114 0.000950423 0.00276606
35 38 25 -0.00123472 -0.00279996 0.000967214 0.00320933
36 38 25 -0.00118997 -0.00185348 0.000913489 0.00238451
37 38 25 -0.000172715 -0.000418559 0.000870531 0.000981247
38 38 25 0.000948506 0.000534298 0.000928123 0.00143058
39 38 25 0 0.00047819 0.00117694 0.00127037
1 38 26 -0.00202481 0.000238361 -0.000780367 0.00218303
2 38 26 -0.00229674 0.00213783 -0.000510581 0.003179
3 38 26 -0.00245458 0.00451725 -0.000499216 0.00516524
4 38 26 -0.00185273 0.00705136 -0.000712043 0.00732539
5 38 26 -0.000983105 0.00872582 -0.000815874 0.00881885
6 38 26 -0.000415263 0.00933131 -0.000715274 0.00936789
7 38 26 -0.000218515 0.0093435 -0.000550591 0.00936226
8 38 26 -0.000186043 0.00921421 -0.000403255 0.0092249
9 38 26 -0.000153126 0.00912049 -0.000275114 0.00912592
10 38 26 -0.000114778 0.00908332 -0.000162276 0.00908549
11 38 26 -9.02211e-05 0.0090827 -9.06537e-05 0.0090836
12 38 26 -6.62892e-05 0.00910011 -4.03508e-05 0.00910044
13 38 26 -4.80034e-05 0.00911802 1.05409e-05 0.00911815
14 38 26 -3.44697e-05 0.009138 2.41973e-05 0.0091381
15 38 26 -1.14598e-05 0.00916719 1.72101e-05 0.00916721
16 38 26 5.92533e-06 0.00918267 1.5486e-05 0.00918268
17 38 26 1.32138e-05 0.00916154 2.00364e-05 0.00916157
18 38 26 1.79531e-05 0.00909382 2.70943e-05 0.00909388
19 38 26 1.91867e-05 0.00897805 3.28344e-05 0.00897813
20 38 26 2.04575e-05 0.00880613 5.20278e-05 0.00880631
21 38 26 2.62669e-05 0.00857235 6.94903e-05 0.00857267
22 38 26 3.25302e-05 0.00826585 9.93275e-05 0.00826651
23 38 26 4.43454e-05 0.00787794 0.000148739 0.00787946
24 38 26 6.84116e-05 0.00740998 0.00018335 0.00741257
25 38 26 9.0742e-05 0.0068448 0.00023951 0.00684959
26 38 26 0.000111915 0.00619526 0.000333235 0.00620522
27 38 26 0.000136466 0.00546322 0.000396261 0.00547927
28 38 26 0.00016012 0.00464218 0.000445886 0.00466629
29 38 26 0.000192464 0.00372273 0.000519009 0.00376365
30 38 26 0.000235849 0.00268734 0.000594314 0.00276236
31 38 26 0.000277445 0.00156836 0.000664399 0.00172573
32 38 26 0.000303794 0.000368762 0.000740146 0.000880961
33 38 26 0.000130965 -0.00091811 0.000832149 0.00124601
34 38 26 -0.000498485 -0.00202014 0.000908349 0.00227036
35 38 26 -0.00134169 -0.00231865 0.00092411 0.00283377
36 38 26 -0.00127904 -0.00140096 0.000874129 0.00208871
37 38 26 -0.000184964 -3.36032e-05 0.000833762 0.000854693
38 38 26 0.000958494 0.000781622 0.000894862 0.00152657
39 38 26 0 0.000612051 0.00112667 0.00128218
1 38 27 -0.00151937 0.000216148 -0.000812797 0.00173662
2 38 27 -0.00219862 0.00230953 -0.000507584 0.00322886
3 38 27 -0.00256594 0.00493662 -0.00047279 0.00558371
4 38 27 -0.00200696 0.00769608 -0.000672702 0.00798186
5 38 27 -0.00111413 0.00948043 -0.000775425 0.00957711
6 38 27 -0.000513528 0.0101009 -0.000672351 0.0101363
7 38 27 -0.000302021 0.0100883 -0.000497152 0.0101051
8 38 27 -0.000269284 0.00994086 -0.000345258 0.0099505
9 38 27 -0.000237378 0.00983813 -0.000219454 0.00984344
10 38 27 -0.000195983 0.00979403 -0.000106185 0.00979657
11 38 27 -0.000167803 0.00978948 -3.02144e-05 0.00979097
12 38 27 -0.000141134 0.00980734 2.00294e-05 0.00980837
13 38 27 -0.000117469 0.00983089 7.49008e-05 0.00983188
14 38 27 -0.00010621 0.00984849 0.000106016 0.00984963
15 38 27 -8.95042e-05 0.0098735 0.000115354 0.00987458
16 38 27 -7.14712e-05 0.00989883 0.000119493 0.0098998
17 38 27 -6.18927e-05 0.00990193 0.000126828 0.00990294
18 38 27 -5.48326e-05 0.00986673 0.000136374 0.00986782
19 38 27 -5.20388e-05 0.00977942 0.000143308 0.00978061
20 38 27 -4.91477e-05 0.00963376 0.000163013 0.00963527
21 38 27 -4.04913e-05 0.00942415 0.00018119 0.00942598
22 38 27 -3.24869e-05 0.00913302 0.00021194 0.00913553
23 38 27 -1.65241e-05 0.00876147 0.000259112 0.00876532
24 38 27 7.97413e-06 0.0083084 0.000289012 0.00831343
25 38 27 2.47762e-05 0.00775746 0.00033867 0.00776489
26 38 27 4.67148e-05 0.00712922 0.000415247 0.00714146
27 38 27 7.70796e-05 0.00640693 0.000457985 0.00642374
28 38 27 0.000106583 0.00557401 0.000497258 0.00559716
29 38 27 0.000145659 0.00462752 0.000563306 0.00466395
30 38 27 0.000194371 0.00355307 0.000628232 0.00361341
31 38 27 0.000239226 0.00238041 0.00068922 0.0024897
32 38 27 0.000268496 0.00110657 0.000758027 0.00136791
33 38 27 9.1646e-05 -0.000265494 0.000836172 0.000882083
34 38 27 -0.000562051 -0.00144519 0.000889643 0.00178772
35 38 27 -0.00143792 -0.0017994 0.000888812 0.00246889
36 38 27 -0.00133923 -0.00092342 0.000829385 0.00182595
37 38 27 -0.000168216 0.000343643 0.000790023 0.000877795
38 38 27 0.00096474 0.000997917 0.00085925 0.00163244
39 38 27 0 0.000725876 0.00107346 0.00129585
1 38 28 -0.00094011 0.000202108 -0.00083538 0.00127378
2 38 28 -0.00203449 0.00245814 -0.000493265 0.00322877
3 38 28 -0.00262324 0.00528516 -0.000442745 0.00591696
4 38 28 -0.00211552 0.00822975 -0.000641006 0.00852145
5 38 28 -0.0012154 0.0100914 -0.000755121 0.0101923
6 38 28 -0.000599116 0.0106932 -0.000662764 0.0107304
7 38 28 -0.00038144 0.0106195 -0.000482465 0.0106373
8 38 28 -0.000353121 0.0104226 -0.000319802 0.0104335
9 38 28 -0.000330571 0.0102914 -0.000188742 0.0102985
10 38 28 -0.00029427 0.010237 -7.03558e-05 0.0102415
11 38 28 -0.000266956 0.0102408 1.66899e-05 0.0102443
12 38 28 -0.000243435 0.0102807 7.30381e-05 0.0102839
13 38 28 -0.000216061 0.0103431 0.000128022 0.0103461
14 38 28 -0.000201549 0.0103987 0.000167652 0.010402
15 38 28 -0.000189085 0.0104489 0.000191288 0.0104524
16 38 28 -0.000172433 0.0104963 0.000206056 0.0104997
17 38 28 -0.000161043 0.0105262 0.00022209 0.0105298
18 38 28 -0.000150178 0.0105253 0.000239484 0.0105291
19 38 28 -0.000142293 0.0104718 0.000251562 0.0104758
20 38 28 -0.000134048 0.0103592 0.000273241 0.0103636
21 38 28 -0.000120106 0.0101818 0.000290771 0.0101866
22 38 28 -0.000108687 0.00991743 0.000317267 0.0099231
23 38 28 -8.98805e-05 0.00957357 0.000354804 0.00958056
24 38 28 -6.71321e-05 0.00914446 0.000373639 0.00915234
25 38 28 -5.18213e-05 0.00861306 0.00041264 0.00862309
26 38 28 -2.28466e-05 0.00799611 0.000474483 0.00801021
27 38 28 1.32133e-05 0.00725924 0.000507159 0.00727695
28 38 28 4.45737e-05 0.00639537 0.000543228 0.00641855
29 38 28 8.652e-05 0.00541683 0.000600342 0.00545069
30 38 28 0.000135206 0.00430951 0.000651345 0.00436055
31 38 28 0.000177672 0.00310118 0.000700004 0.00318416
32 38 28 0.000207281 0.00178639 0.000753901 0.00195
33 38 28 2.77273e-05 0.000374801 0.000808881 0.000891926
34 38 28 -0.000640613 -0.00083827 0.000838387 0.00134758
35 38 28 -0.00152303 -0.00122703 0.000826841 0.00212342
36 38 28 -0.00136224 -0.000412402 0.000769487 0.00161799
37 38 28 -0.000120473 0.000712747 0.000745364 0.00103831
38 38 28 0.000966408 0.00118211 0.000826576 0.00173625
39 38 28 0 0.00081904 0.00101845 0.00130693
1 38 29 -0.000283781 0.000199962 -0.000850643 0.000918755
2 38 29 -0.00179975 0.00257971 -0.000470023 0.0031804
3 38 29 -0.0026314 0.00553789 -0.000406982 0.00614477
4 38 29 -0.00219676 0.0086066 -0.000602086 0.00890291
5 38 29 -0.00130604 0.0105223 -0.000725 0.0106278
6 38 29 -0.000687563 0.0111078 -0.000647025 0.0111478
7 38 29 -0.000466422 0.010979 -0.000471988 0.010999
8 38 29 -0.000437284 0.0107293 -0.000304779 0.0107425
9 38 29 -0.000422374 0.0105534 -0.000171038 0.0105632
10 38 29 -0.000394182 0.0104615 -5.23174e-05 0.0104691
11 38 29 -0.000368709 0.0104433 4.39113e-05 0.0104499
12 38 29 -0.000352248 0.0104735 0.000112917 0.01048
13 38 29 -0.000327862 0.0105512 0.000173863 0.0105578
14 38 29 -0.000310053 0.0106438 0.000219844 0.0106506
15 38 29 -0.000298858 0.0107327 0.000252438 0.0107398
16 38 29 -0.000283553 0.0108141 0.000274308 0.0108213
17 38 29 -0.000271597 0.0108761 0.000298017 0.0108835
18 38 29 -0.000259082 0.0109109 0.000324967 0.0109188
19 38 29 -0.000248773 0.010894 0.000345319 0.0109023
20 38 29 -0.000238596 0.0108207 0.000370749 0.0108296
21 38 29 -0.000223123 0.0106862 0.000386745 0.0106955
22 38 29 -0.000210541 0.0104641 0.000406156 0.0104741
23 38 29 -0.000190427 0.0101623 0.000433318 0.0101733
24 38 29 -0.000167788 0.00976812 0.000445055 0.00977969
25 38 29 -0.000148215 0.00926248 0.000479213 0.00927605
26 38 29 -0.000111226 0.00865788 0.000532001 0.00867492
27 38 29 -7.47396e-05 0.00792058 0.000556099 0.00794043
28 38 29 -4.42199e-05 0.00706485 0.000581857 0.00708891
29 38 29 1.04545e-06 0.006103 0.00062126 0.00613454
30 38 29 4.99175e-05 0.00500826 0.000655438 0.00505121
31 38 29 9.34894e-05 0.00380572 0.000690242 0.00386894
32 38 29 0.000131481 0.00248549 0.000725721 0.00259261
33 38 29 -4.1636e-05 0.00105879 0.000757933 0.00130278
34 38 29 -0.000709825 -0.000179006 0.000770148 0.00106255
35 38 29 -0.00157204 -0.000614544 0.000754366 0.0018488
36 38 29 -0.00133875 0.000104444 0.00070876 0.00151838
37 38 29 -4.82451e-05 0.00105659 0.000706941 0.00127219
38 38 29 0.000959576 0.00133126 0.000795399 0.00182365
39 38 29 0 0.000890934 0.000958729 0.00130879
1 38 30 0.000447996 0.000214974 -0.00086021 0.000993416
2 38 30 -0.00148669 0.00268991 -0.000439711 0.00310471
3 38 30 -0.00256824 0.00572196 -0.000368316 0.00628271
4 38 30 -0.00223355 0.00884004 -0.000555986 0.00913477
5 38 30 -0.00137521 0.0107627 -0.000679907 0.0108715
6 38 30 -0.000777347 0.011317 -0.000607506 0.0113599
7 38 30 -0.000568142 0.0111436 -0.000434997 0.0111666
8 38 30 -0.000541131 0.0108677 -0.000261975 0.0108843
9 38 30 -0.000532356 0.0106825 -0.000121625 0.0106965
10 38 30 -0.000514353 0.010587 -3.95752e-06 0.0105995
11 38 30 -0.000489923 0.0105741 9.2991e-05 0.0105859
12 38 30 -0.00047748 0.0106077 0.000169698 0.0106198
13 38 30 -0.000458518 0.0106941 0.000238429 0.0107066
14 38 30 -0.000439291 0.0108153 0.00029337 0.0108282
15 38 30 -0.000427075 0.0109475 0.000334238 0.0109609
16 38 30 -0.000411041 0.0110767 0.000357733 0.0110901
17 38 30 -0.000397503 0.0111865 0.000378482 0.0111999
18 38 30 -0.000384228 0.0112702 0.000402649 0.011284
19 38 30 -0.000374496 0.0113014 0.000421968 0.0113155
20 38 30 -0.000366247 0.0112762 0.000447306 0.011291
21 38 30 -0.000351691 0.0111912 0.000464193 0.0112063
22 38 30 -0.000336894 0.0110164 0.000484443 0.0110322
23 38 30 -0.000312574 0.0107574 0.000513317 0.0107742
24 38 30 -0.000285426 0.0103979 0.000529448 0.0104153
25 38 30 -0.000258043 0.00992136 0.000563125 0.00994067
26 38 30 -0.00021571 0.00934115 0.000605042 0.00936321
27 38 30 -0.000180658 0.00863212 0.000616403 0.00865598
28 38 30 -0.00014617 0.00781332 0.000629594 0.00784001
29 38 30 -9.35664e-05 0.00687479 0.000655807 0.00690663
30 38 30 -4.31473e-05 0.00578418 0.000679428 0.00582411
31 38 30 5.4696e-06 0.00457615 0.000700093 0.0046294
32 38 30 5.44676e-05 0.00323844 0.000713521 0.00331656
33 38 30 -0.000114135 0.00178751 0.000722096 0.00193123
34 38 30 -0.000775557 0.000521374 0.000715788 0.00117715
35 38 30 -0.00159251 3.1676e-05 0.000690807 0.00173617
36 38 30 -0.00128116 0.000630642 0.000656539 0.00157166
37 38 30 3.94434e-05 0.00138586 0.000671994 0.00154069
38 38 30 0.000946037 0.0014528 0.000758526 0.00189235
39 38 30 0 0.000941382 0.000890969 0.00129616
1 38 31 0.00124477 0.000242827 -0.000862256 0.00153359
2 38 31 -0.00111147 0.002783 -0.000401538 0.00302352
3 38 31 -0.00243114 0.00584681 -0.000331018 0.00634075
4 38 31 -0.00221852 0.00894714 -0.000513435 0.00923237
5 38 31 -0.00140989 0.0108252 -0.000645036 0.0109357
6 38 31 -0.0008476 0.0113082 -0.000586973 0.0113551
7 38 31 -0.000666985 0.0110532 -0.00042556 0.0110815
8 38 31 -0.000652495 0.0107176 -0.000254808 0.0107405
9 38 31 -0.000652556 0.0105035 -0.000106027 0.0105243
10 38 31 -0.000650514 0.0103987 1.89577e-05 0.0104191
11 38 31 -0.000634194 0.0104021 0.000119547 0.0104221
12 38 31 -0.000626599 0.0104646 0.000200597 0.0104852
13 38 31 -0.00061513 0.0105776 0.00027413 0.010599
14 38 31 -0.000599561 0.010731 0.000339637 0.0107531
15 38 31 -0.000589597 0.0109078 0.000396543 0.0109309
16 38 31 -0.000574852 0.0110922 0.000433229 0.0111155
17 38 31 -0.000559186 0.0112651 0.000459862 0.0112884
18 38 31 -0.000541167 0.0114179 0.000484242 0.011441
19 38 31 -0.00052559 0.0115174 0.000501824 0.0115403
20 38 31 -0.000511687 0.0115548 0.000525568 0.0115781
21 38 31 -0.000490785 0.0115247 0.000542742 0.011548
22 38 31 -0.000468195 0.0113975 0.000563142 0.011421
23 38 31 -0.000438017 0.0111804 0.000590922 0.0112046
24 38 31 -0.000407458 0.0108613 0.000603957 0.0108858
25 38 31 -0.000375829 0.0104285 0.000625519 0.010454
26 38 31 -0.000333024 0.00989288 0.000648645 0.00991971
27 38 31 -0.000298553 0.00923007 0.000647028 0.00925754
28 38 31 -0.000257203 0.00844793 0.000651755 0.00847694
29 38 31 -0.000200864 0.00752301 0.000667499 0.00755524
30 38 31 -0.00015273 0.00644447 0.000675747 0.0064816
31 38 31 -9.91961e-05 0.00525735 0.000674057 0.00530131
32 38 31 -4.42187e-05 0.00393778 0.000664801 0.00399375
33 38 31 -0.000214063 0.00250773 0.000656941 0.00260117
34 38 31 -0.00085397 0.00125837 0.000639677 0.00164983
35 38 31 -0.00158546 0.00073522 0.000613726 0.00185227
36 38 31 -0.00118381 0.00119243 0.000600766 0.00178444
37 38 31 0.000153785 0.00171557 0.000631016 0.00183439
38 38 31 0.000938027 0.001549 0.000711774 0.00194575
39 38 31 0 0.000966705 0.00081646 0.00126536
1 38 32 0.00210374 0.000282862 -0.000855418 0.00228856
2 38 32 -0.000692745 0.00284989 -0.000357502 0.00295459
3 38 32 -0.00222985 0.00589982 -0.000295514 0.00631406
4 38 32 -0.00216575 0.00891952 -0.000457941 0.0091901
5 38 32 -0.00143195 0.0107299 -0.000579138 0.0108405
6 38 32 -0.000911066 0.0111568 -0.000531557 0.0112066
7 38 32 -0.000766214 0.0108402 -0.00038678 0.0108741
8 38 32 -0.00077239 0.0104509 -0.000235962 0.0104821
9 38 32 -0.000780957 0.0102037 -9.73352e-05 0.010234
10 38 32 -0.000793291 0.0100753 2.76032e-05 0.0101065
11 38 32 -0.000790093 0.0100763 0.000132521 0.0101081
12 38 32 -0.00078945 0.0101665 0.000217947 0.0101994
13 38 32 -0.000784636 0.0103196 0.000291359 0.0103535
14 38 32 -0.000773417 0.0105156 0.000357745 0.0105501
15 38 32 -0.000766896 0.0107379 0.000422451 0.0107735
16 38 32 -0.000757126 0.0109688 0.000472356 0.011005
17 38 32 -0.00074418 0.011192 0.000511671 0.0112284
18 38 32 -0.000723757 0.0114033 0.000544789 0.0114392
19 38 32 -0.000700889 0.0115687 0.000567769 0.0116038
20 38 32 -0.000677748 0.0116743 0.000593818 0.011709
21 38 32 -0.000648451 0.0117117 0.000611757 0.0117456
22 38 32 -0.000619374 0.0116531 0.000629468 0.0116866
23 38 32 -0.000587093 0.0115062 0.000651289 0.0115395
24 38 32 -0.000555695 0.0112593 0.000656611 0.0112921
25 38 32 -0.000520524 0.0108976 0.000665058 0.0109303
26 38 32 -0.000475842 0.0104238 0.000675609 0.0104565
27 38 32 -0.000437684 0.00981378 0.00066969 0.00984634
28 38 32 -0.000389419 0.00907111 0.00066926 0.00910409
29 38 32 -0.000332984 0.0081814 0.000671938 0.0082157
30 38 32 -0.000284156 0.00715711 0.000662321 0.00719331
31 38 32 -0.000221289 0.00602611 0.000644667 0.00606453
32 38 32 -0.000163143 0.00474658 0.000626619 0.00479054
33 38 32 -0.000329803 0.00335359 0.000610407 0.00342461
34 38 32 -0.000917948 0.0021217 0.00057981 0.00238336
35 38 32 -0.00151925 0.00153742 0.000550869 0.00223053
36 38 32 -0.00102815 0.00179648 0.000553845 0.00214271
37 38 32 0.00030206 0.0020403 0.000586366 0.00214427
38 38 32 0.000939737 0.00161583 0.0006576 0.00198153
39 38 32 0 0.000965901 0.000737415 0.00121521
1 38 33 0.00302715 0.000340319 -0.000877713 0.00317015
2 38 33 -0.00023472 0.00290607 -0.000379037 0.00294007
3 38 33 -0.00194988 0.00589508 -0.00033157 0.00621803
4 38 33 -0.00205199 0.00874302 -0.00047564 0.00899318
5 38 33 -0.00143683 0.0104049 -0.000592257 0.0105203
6 38 33 -0.000970182 0.0107495 -0.000571575 0.0108083
7 38 33 -0.000866222 0.0103785 -0.00046501 0.0104249
8 38 33 -0.00090399 0.00995388 -0.000352674 0.0100011
9 38 33 -0.000927667 0.00970006 -0.000246112 0.00974742
10 38 33 -0.000951973 0.0095742 -0.0001403 0.00962244
11 38 33 -0.00096307 0.0095787 -3.87246e-05 0.00962707
12 38 33 -0.000972314 0.00969374 5.68126e-05 0.00974255
13 38 33 -0.000974836 0.00989375 0.000145419 0.00994272
14 38 33 -0.00096691 0.0101526 0.00022861 0.0102011
15 38 33 -0.000959299 0.0104487 0.000313744 0.0104974
16 38 33 -0.000950462 0.0107527 0.000390817 0.0108017
17 38 33 -0.000940289 0.0110434 0.000461117 0.011093
18 38 33 -0.000920681 0.0113198 0.000525211 0.0113693
19 38 33 -0.000894351 0.0115537 0.000577946 0.0116027
20 38 33 -0.000865143 0.011732 0.00063 0.0117808
21 38 33 -0.000831064 0.0118448 0.000670769 0.0118929
22 38 33 -0.00079878 0.0118662 0.000706056 0.011914
23 38 33 -0.000764691 0.0117984 0.000740947 0.0118463
24 38 33 -0.00072903 0.0116252 0.000756905 0.0116726
25 38 33 -0.000686697 0.0113286 0.000769241 0.0113754
26 38 33 -0.000637508 0.0109098 0.000781346 0.0109563
27 38 33 -0.000593886 0.010354 0.000778334 0.0104002
28 38 33 -0.000540132 0.00966604 0.000773153 0.00971194
29 38 33 -0.000482287 0.00884034 0.000763212 0.00888633
30 38 33 -0.000426989 0.00788849 0.000740597 0.00793467
31 38 33 -0.000357025 0.00680944 0.000712336 0.0068559
32 38 33 -0.000303061 0.00557013 0.000680064 0.00561967
33 38 33 -0.000457213 0.00422979 0.000635215 0.00430159
34 38 33 -0.000959425 0.00302927 0.000573524 0.00322892
35 38 33 -0.00139911 0.00238249 0.000540585 0.00281532
36 38 33 -0.000834323 0.00241838 0.000549989 0.0026167
37 38 33 0.00046383 0.00235803 0.000562183 0.00246809
38 38 33 0.000943896 0.00166018 0.000601219 0.00200215
39 38 33 0 0.000944689 0.00063152 0.00113633
1 38 34 0.00397742 0.000409321 -0.000949805 0.00410969
2 38 34 0.000252643 0.0029312 -0.000514252 0.00298668
3 38 34 -0.00159991 0.00582402 -0.000418014 0.00605422
4 38 34 -0.00187013 0.00846235 -0.000488959 0.00868031
5 38 34 -0.00141819 0.00993776 -0.000615112 0.0100573
6 38 34 -0.00103095 0.010196 -0.000704298 0.0102721
7 38 34 -0.000961402 0.0097891 -0.000731133 0.00986333
8 38 34 -0.00102829 0.00933688 -0.00071827 0.00942076
9 38 34 -0.00107347 0.00907953 -0.000680769 0.00916808
10 38 34 -0.00111019 0.00897295 -0.000621425 0.0090627
11 38 34 -0.00113419 0.00899402 -0.000543109 0.00908151
12 38 34 -0.00115391 0.009126 -0.000445282 0.00920943
13 38 34 -0.00116628 0.00934704 -0.000330448 0.00942532
14 38 34 -0.0011658 0.00963662 -0.000202645 0.00970899
15 38 34 -0.00115738 0.00998131 -5.98288e-05 0.0100484
16 38 34 -0.00114486 0.010346 8.75333e-05 0.0104095
17 38 34 -0.00113294 0.0107002 0.000236173 0.0107626
18 38 34 -0.00111435 0.0110364 0.000381569 0.0110991
19 38 34 -0.0010894 0.0113298 0.000515492 0.0113937
20 38 34 -0.00106016 0.0115688 0.000643195 0.0116351
21 38 34 -0.0010258 0.0117426 0.000753219 0.0118114
22 38 34 -0.000990957 0.0118279 0.000848202 0.0118996
23 38 34 -0.00095147 0.0118219 0.000933135 0.0118968
24 38 34 -0.00090772 0.011708 0.000991565 0.0117849
25 38 34 -0.000858348 0.0114726 0.00103412 0.011551
26 38 34 -0.000805955 0.0111217 0.00106847 0.0112019
27 38 34 -0.000756972 0.0106449 0.00108367 0.0107266
28 38 34 -0.000697622 0.01004 0.00108519 0.0101225
29 38 34 -0.000635337 0.00930116 0.00107022 0.00938406
30 38 34 -0.000572736 0.00843202 0.00103353 0.0085144
31 38 34 -0.000501645 0.00742416 0.000979349 0.00750526
32 38 34 -0.000449967 0.00627473 0.000903861 0.00635545
33 38 34 -0.000569046 0.00504361 0.000798815 0.00513809
34 38 34 -0.000952406 0.00390982 0.000693147 0.0040834
35 38 34 -0.00122776 0.00320406 0.000661644 0.00349445
36 38 34 -0.000627022 0.00299686 0.000672899 0.00313483
37 38 34 0.000609966 0.00262129 0.000627673 0.00276354
38 38 34 0.000929299 0.00165951 0.000568213 0.00198506
39 38 34 0 0.000898697 0.000490472 0.00102383
1 38 35 0.0048905 0.000487307 -0.000838657 0.00498576
2 38 35 0.000827402 0.00282877 -0.000707554 0.00303103
3 38 35 -0.00112376 0.00547664 -0.000479344 0.00561126
4 38 35 -0.00158185 0.00780969 -0.000370656 0.0079769
5 38 35 -0.00135433 0.00909523 -0.000447636 0.0092064
6 38 35 -0.00108803 0.00935368 -0.000662067 0.00944
7 38 35 -0.0010387 0.00903944 -0.000892735 0.00914261
8 38 35 -0.00111269 0.00865089 -0.00105451 0.00878567
9 38 35 -0.00117192 0.00842441 -0.00112455 0.00857955
10 38 35 -0.00121781 0.00834564 -0.00112169 0.00850829
11 38 35 -0.00125019 0.00838646 -0.00106572 0.00854584
12 38 35 -0.00127473 0.00852686 -0.000966015 0.00867557
13 38 35 -0.00129256 0.00873776 -0.000826966 0.00887148
14 38 35 -0.0013012 0.00899769 -0.000654711 0.00911483
15 38 35 -0.00129767 0.00930504 -0.000451776 0.00940595
16 38 35 -0.00128456 0.00963555 -0.000229284 0.0097235
17 38 35 -0.00126987 0.00996295 5.35705e-06 0.0100436
18 38 35 -0.00125152 0.0102756 0.000243566 0.0103544
19 38 35 -0.00123026 0.0105514 0.000474549 0.0106335
20 38 35 -0.00120492 0.0107812 0.000697764 0.0108708
21 38 35 -0.00117321 0.0109547 0.000900648 0.0110541
22 38 35 -0.00113672 0.0110533 0.0010818 0.0111641
23 38 35 -0.00109236 0.0110727 0.00124476 0.0111958
24 38 35 -0.00104383 0.0109994 0.00137524 0.011134
25 38 35 -0.000992767 0.0108248 0.0014787 0.0109703
26 38 35 -0.000939245 0.0105524 0.00156419 0.010709
27 38 35 -0.000884564 0.0101677 0.001622 0.0103342
28 38 35 -0.000820456 0.00966238 0.00164779 0.00983615
29 38 35 -0.000754233 0.00903733 0.00163479 0.00921492
30 38 35 -0.000686353 0.00829658 0.00157864 0.00847327
31 38 35 -0.000614103 0.00743484 0.00148302 0.00760613
32 38 35 -0.000556777 0.00646125 0.00134425 0.00662305
33 38 35 -0.000623202 0.00540775 0.00116253 0.00556629
34 38 35 -0.000868147 0.00439403 0.00100329 0.00458996
35 38 35 -0.000998241 0.00366616 0.000950757 0.00391678
36 38 35 -0.000438388 0.00325305 0.000934208 0.00341281
37 38 35 0.000672724 0.00264828 0.00080392 0.0028482
38 38 35 0.000841842 0.00154592 0.000580072 0.00185339
39 38 35 0 0.000818238 0.000359454 0.000893711
1 38 36 0.0055312 0.000501022 -0.00088304 0.00562361
2 38 36 0.00155575 0.00253214 -0.000823957 0.00308399
3 38 36 -0.000459811 0.00469327 -0.000523886 0.00474475
4 38 36 -0.0011579 0.00653665 -0.000289767 0.00664473
5 38 36 -0.00122253 0.0075868 -0.000261947 0.00768913
6 38 36 -0.00112913 0.0079119 -0.000452806 0.00800488
7 38 36 -0.00109777 0.00782749 -0.000741089 0.00793876
8 38 36 -0.00113627 0.00764159 -0.000998222 0.00778983
9 38 36 -0.00117658 0.00751746 -0.00115919 0.00769677
10 38 36 -0.00121336 0.0074675 -0.00122337 0.00766371
11 38 36 -0.00124381 0.00748635 -0.00120785 0.00768449
12 38 36 -0.00126551 0.00757247 -0.00113005 0.00776021
13 38 36 -0.00128035 0.00770406 -0.00100112 0.00787363
14 38 36 -0.00129216 0.00785876 -0.000831821 0.0080076
15 38 36 -0.00129576 0.00803618 -0.000628719 0.00816422
16 38 36 -0.00128892 0.0082245 -0.000401836 0.00833458
17 38 36 -0.00127587 0.00841173 -0.000158848 0.00850942
18 38 36 -0.00125726 0.00858989 9.23662e-05 0.00868191
19 38 36 -0.00123596 0.00874275 0.000343028 0.00883635
20 38 36 -0.00121063 0.00886449 0.000591181 0.00896628
21 38 36 -0.00118001 0.00894754 0.000826391 0.00906277
22 38 36 -0.00114489 0.00898084 0.00104518 0.00911366
23 38 36 -0.00110367 0.00896244 0.0012495 0.00911618
24 38 36 -0.00106066 0.00888387 0.00142724 0.00906008
25 38 36 -0.00101571 0.00873856 0.00157731 0.00893768
26 38 36 -0.000964662 0.00852538 0.00170456 0.00874746
27 38 36 -0.000908535 0.00823022 0.00179834 0.00847326
28 38 36 -0.000846535 0.00784917 0.00184798 0.00810809
29 38 36 -0.000783342 0.00739032 0.00184647 0.00765767
30 38 36 -0.00071852 0.00685284 0.00179431 0.0071202
31 38 36 -0.000653679 0.00622855 0.00169865 0.00648903
32 38 36 -0.000599614 0.00552654 0.00155849 0.00577331
33 38 36 -0.000611407 0.00476238 0.00137759 0.00499518
34 38 36 -0.000711402 0.0040047 0.00121393 0.00424469
35 38 36 -0.000724909 0.0033943 0.00113149 0.00365062
36 38 36 -0.00030462 0.00292294 0.0010902 0.00313447
37 38 36 0.00056318 0.00228694 0.000964176 0.00254497
38 38 36 0.000632478 0.00127975 0.000633444 0.00156174
39 38 36 0 0.000693561 0.0003187 0.00076328
1 38 37 0.00613008 0.000514038 -0.000818852 0.00620586
2 38 37 0.00234732 0.00200973 -0.000684782 0.0031651
3 38 37 0.000255662 0.00353624 -0.000333842 0.00356115
4 38 37 -0.000695678 0.00481519 -3.57681e-05 0.00486531
5 38 37 -0.00104917 0.0055807 5.93054e-05 0.00567877
6 38 37 -0.00114409 0.00590143 -7.23542e-05 0.00601174
7 38 37 -0.00115454 0.0059769 -0.000333546 0.00609652
8 38 37 -0.00115711 0.00596665 -0.000618324 0.00610919
9 38 37 -0.0011609 0.00594462 -0.000872265 0.0061194
10 38 37 -0.00116739 0.0059164 -0.00108186 0.00612674
11 38 37 -0.00117722 0.00588348 -0.00124414 0.00612773
12 38 37 -0.00118455 0.00585936 -0.00136096 0.00613086
13 38 37 -0.00118791 0.00584526 -0.00143362 0.00613461
14 38 37 -0.00119185 0.00583507 -0.0014654 0.00613318
15 38 37 -0.00119354 0.00583009 -0.00145738 0.00612686
16 38 37 -0.00119012 0.00582624 -0.00141245 0.00611199
17 38 37 -0.00118089 0.00582388 -0.00133357 0.00609019
18 38 37 -0.00116509 0.00582202 -0.00122454 0.00606242
19 38 37 -0.00114508 0.00581286 -0.00109004 0.00602401
20 38 37 -0.00112032 0.00579446 -0.000931089 0.00597477
21 38 37 -0.00109178 0.00576246 -0.000754458 0.0059133
22 38 37 -0.00106066 0.00571151 -0.000563789 0.00583645
23 38 37 -0.00102572 0.00564124 -0.000358406 0.00574492
24 38 37 -0.000989502 0.00554689 -0.000147671 0.00563639
25 38 37 -0.000950664 0.00542358 6.22988e-05 0.00550662
26 38 37 -0.000905256 0.00527026 0.000270437 0.00535427
27 38 37 -0.00085637 0.00508071 0.000467161 0.00517351
28 38 37 -0.000806624 0.00485549 0.000642766 0.00496383
29 38 37 -0.000756119 0.00460031 0.000792128 0.00472885
30 38 37 -0.000703547 0.00430898 0.000914651 0.00446082
31 38 37 -0.000651205 0.00397558 0.00101064 0.0041534
32 38 37 -0.000601652 0.00360973 0.00107271 0.0038135
33 38 37 -0.00056994 0.00321883 0.00109762 0.00344826
34 38 37 -0.000556993 0.00282507 0.00110477 0.00308412
35 38 37 -0.000486252 0.00246431 0.00110774 0.00274524
36 38 37 -0.000225574 0.00209057 0.00108802 0.00236752
37 38 37 0.000283614 0.00158131 0.00100296 0.00189391
38 38 37 0.000321101 0.000876314 0.000703167 0.00116854
39 38 37 0 0.000503157 0.0004016 0.000643778
1 38 38 0.00678642 0.000532274 -0.000596956 0.00683339
2 38 38 0.00312686 0.00134733 -0.000139633 0.00340765
3 38 38 0.000916366 0.00220863 0.000367604 0.00241928
4 38 38 -0.000301549 0.00292942 0.000693839 0.00302553
5 38 38 -0.000918869 0.00338681 0.000750357 0.00358857
6 38 38 -0.00117969 0.00362181 0.000580117 0.00385302
7 38 38 -0.00124522 0.00373493 0.000289797 0.00394769
8 38 38 -0.00124672 0.00379795 -3.3061e-05 0.00399747
9 38 38 -0.00124294 0.00384079 -0.000350522 0.00405209
10 38 38 -0.00123641 0.00386476 -0.000650468 0.00410953
11 38 38 -0.00122991 0.00386573 -0.000923794 0.00416052
12 38 38 -0.00122192 0.00384841 -0.00116432 0.00420226
13 38 38 -0.00121132 0.00381853 -0.00136713 0.00423291
14 38 38 -0.00119974 0.00377961 -0.00152915 0.00425008
15 38 38 -0.00118616 0.0037334 -0.00164638 0.00424922
16 38 38 -0.0011703 0.0036783 -0.00171636 0.00422438
17 38 38 -0.00115102 0.00361782 -0.00173834 0.00417556
18 38 38 -0.00112726 0.00355333 -0.00171338 0.00410275
19 38 38 -0.00109993 0.00348288 -0.00164407 0.0040054
20 38 38 -0.00106832 0.00340741 -0.00153223 0.00388581
21 38 38 -0.00103384 0.00332529 -0.00138313 0.00374692
22 38 38 -0.000997419 0.00323439 -0.00120136 0.00359157
23 38 38 -0.000958125 0.00313484 -0.000988976 0.00342393
24 38 38 -0.000917747 0.00302511 -0.000752989 0.00324969
25 38 38 -0.000876518 0.00290361 -0.000500539 0.00307405
26 38 38 -0.000832771 0.00277228 -0.000235898 0.00290425
27 38 38 -0.000788388 0.00263191 3.39818e-05 0.00274767
28 38 38 -0.000744803 0.0024834 0.000302593 0.00261028
29 38 38 -0.000700764 0.00232838 0.00056534 0.00249641
30 38 38 -0.000655633 0.00216488 0.000817512 0.00240518
31 38 38 -0.000609946 0.00199548 0.00105226 0.00233693
32 38 38 -0.000562247 0.00182805 0.00125887 0.00228968
33 38 38 -0.000520357 0.00166312 0.00143033 0.00225446
34 38 38 -0.00048546 0.0015029 0.00156039 0.00222018
35 38 38 -0.000420948 0.00134166 0.00161598 0.00214211
36 38 38 -0.000280225 0.00113048 0.001536 0.00192764
37 38 38 -5.45452e-05 0.000820987 0.00127767 0.00151968
38 38 38 -7.33658e-07 0.000443601 0.000848573 0.000957527
39 38 38 0 0.00026057 0.000503644 0.000567057
1 38 39 0.00765436 0.000551517 0 0.0076742
2 38 39 0.00397498 0.000680717 0 0.00403284
3 38 39 0.00154047 0.000926525 0 0.00179764
4 38 39 1.31101e-05 0.00118588 0 0.00118595
5 38 39 -0.000852328 0.00140835 0 0.00164618
6 38 39 -0.00124798 0.00158801 0 0.00201971
7 38 39 -0.00135672 0.00173822 0 0.00220502
8 38 39 -0.00136336 0.00186789 0 0.00231253
9 38 39 -0.00136047 0.00198209 0 0.00240407
10 38 39 -0.00135083 0.00208208 0 0.00248189
11 38 39 -0.00133606 0.00216415 0 0.00254334
12 38 39 -0.0013171 0.00222595 0 0.00258643
13 38 39 -0.00129422 0.00226777 0 0.00261109
14 38 39 -0.00126754 0.00229114 0 0.00261839
15 38 39 -0.0012368 0.00229541 0 0.00260741
16 38 39 -0.00120308 0.00227891 0 0.00257698
17 38 39 -0.00116628 0.00224325 0 0.00252832
18 38 39 -0.00112649 0.00218824 0 0.00246118
19 38 39 -0.00108453 0.00211348 0 0.0023755
20 38 39 -0.00103993 0.00202087 0 0.00227275
21 38 39 -0.000993916 0.00191102 0 0.00215404
22 38 39 -0.000947058 0.00178462 0 0.00202034
23 38 39 -0.000898622 0.00164364 0 0.00187325
24 38 39 -0.000849709 0.00149014 0 0.00171538
25 38 39 -0.000801157 0.00132604 0 0.00154927
26 38 39 -0.000752346 0.00115529 0 0.00137867
27 38 39 -0.000703381 0.00098229 0 0.00120815
28 38 39 -0.000654548 0.000809825 0 0.00104127
29 38 39 -0.000605642 0.000641123 0 0.000881953
30 38 39 -0.000556987 0.000480573 0 0.000735652
31 38 39 -0.000508361 0.000334838 0 0.000608726
32 38 39 -0.000459214 0.000208375 0 0.000504279
33 38 39 -0.000427819 0.000100178 0 0.000439391
34 38 39 -0.0004414 1.63427e-05 0 0.000441702
35 38 39 -0.000498385 -3.1729e-05 0 0.000499394
36 38 39 -0.000554171 -4.48746e-05 0 0.000555985
37 38 39 -0.000517943 -3.47224e-05 0 0.000519106
38 38 39 -0.000365066 -2.44924e-05 0 0.000365887
39 38 39 0 7.40523e-06 0 7.40523e-06
