1 19 1 -3.96516e-05 6.47834e-05 0.000156671 0.000174112
2 19 1 0.00024574 7.79105e-05 0.00133253 0.00135724
3 19 1 0.000342114 4.2796e-05 0.00157884 0.00161604
4 19 1 0.000332172 -2.41669e-05 0.00105453 0.00110588
5 19 1 0.000444268 -7.80046e-05 0.00026199 0.00052163
6 19 1 0.000465998 -9.10236e-05 -0.000555833 0.00073102
7 19 1 0.000496048 -8.97999e-05 -0.00122437 0.00132409
8 19 1 0.000505138 -9.80922e-05 -0.00184002 0.00191062
9 19 1 0.000504228 -0.000105449 -0.00239832 0.00245302
10 19 1 0.000495833 -0.000111279 -0.00289636 0.0029406
11 19 1 0.000485326 -0.000122142 -0.00335125 0.00338841
12 19 1 0.000468022 -0.000129805 -0.00376047 0.0037917
13 19 1 0.000451648 -0.000132922 -0.00414641 0.00417305
14 19 1 0.000434022 -0.000132734 -0.00451179 0.00453456
15 19 1 0.000412948 -0.000127883 -0.00485837 0.00487756
16 19 1 0.000394706 -0.000116529 -0.00520756 0.0052238
17 19 1 0.000374017 -0.000102604 -0.00555491 0.00556843
18 19 1 0.00035554 -8.39174e-05 -0.00591273 0.005924
19 19 1 0.000340779 -5.89787e-05 -0.00629089 0.00630039
20 19 1 0.000321387 -3.90775e-05 -0.00666788 0.00667574
21 19 1 0.000301693 -1.98966e-05 -0.00705182 0.0070583
22 19 1 0.000279797 5.07182e-06 -0.00745066 0.00745592
23 19 1 0.000254743 3.37278e-05 -0.00787193 0.00787612
24 19 1 0.000230077 6.68018e-05 -0.00832045 0.0083239
25 19 1 0.000202838 0.000104345 -0.00878714 0.0087901
26 19 1 0.000176441 0.000148028 -0.00927179 0.00927465
27 19 1 0.000149437 0.000196898 -0.00976392 0.00976705
28 19 1 0.00012225 0.000249549 -0.0102622 0.010266
29 19 1 9.92374e-05 0.000306525 -0.0107629 0.0107678
30 19 1 7.72842e-05 0.000361937 -0.0112528 0.0112589
31 19 1 6.1244e-05 0.000414017 -0.0117311 0.0117386
32 19 1 5.35927e-05 0.000468301 -0.0121846 0.0121937
33 19 1 8.15017e-05 0.000519354 -0.0126059 0.0126169
34 19 1 0.000310096 0.000556653 -0.0128349 0.0128507
35 19 1 0.000510151 0.000589245 -0.0126206 0.0126446
36 19 1 0.000629327 0.000636941 -0.0117488 0.0117829
37 19 1 0.000825423 0.000734089 -0.0100707 0.0101311
38 19 1 0.000777411 0.000873037 -0.00957636 0.00964745
39 19 1 0 0.00116759 -0.0116766 0.0117349
1 19 2 0.00122028 6.80544e-05 0.000190844 0.00123699
2 19 2 0.000835213 4.39873e-05 0.000597916 0.00102811
3 19 2 0.000341307 0.000241733 0.00108029 0.00115843
4 19 2 0.000162778 0.000524159 0.00176177 0.00184529
5 19 2 0.000289613 0.000746454 0.00486833 0.00493373
6 19 2 0.000465614 0.000815403 0.00529914 0.00538168
7 19 2 0.000550722 0.000764561 0.00237028 0.0025507
8 19 2 0.000600395 0.000660634 -0.00157924 0.00181409
9 19 2 0.000629509 0.000555063 -0.00553818 0.00560141
10 19 2 0.000642909 0.000442655 -0.00942792 0.00946018
11 19 2 0.00064819 0.000323668 -0.0132194 0.0132392
12 19 2 0.000637386 0.000216039 -0.0168308 0.0168443
13 19 2 0.000619868 0.000112746 -0.0202387 0.0202485
14 19 2 0.000588958 1.50164e-05 -0.0233681 0.0233755
15 19 2 0.000541114 -7.23567e-05 -0.0261657 0.0261714
16 19 2 0.000489724 -0.000145062 -0.0286245 0.0286291
17 19 2 0.000429246 -0.000211326 -0.0306719 0.0306756
18 19 2 0.000365163 -0.000271562 -0.0322927 0.0322959
19 19 2 0.000301418 -0.0003189 -0.0334676 0.0334705
20 19 2 0.000229981 -0.000373359 -0.0341176 0.0341204
21 19 2 0.000161012 -0.000431365 -0.0342471 0.0342502
22 19 2 9.33241e-05 -0.000481653 -0.0338558 0.0338594
23 19 2 2.64596e-05 -0.000529097 -0.032952 0.0329562
24 19 2 -3.18584e-05 -0.000571761 -0.031552 0.0315572
25 19 2 -8.33575e-05 -0.000608554 -0.0296544 0.0296607
26 19 2 -0.000120398 -0.000636007 -0.0272942 0.0273018
27 19 2 -0.000147029 -0.00065302 -0.0244861 0.0244953
28 19 2 -0.000164746 -0.00066279 -0.021284 0.021295
29 19 2 -0.000167267 -0.000658156 -0.0177555 0.0177684
30 19 2 -0.000160988 -0.000644784 -0.0139498 0.0139656
31 19 2 -0.000137597 -0.000632802 -0.00995707 0.00997811
32 19 2 -8.31055e-05 -0.000610253 -0.00583266 0.00586509
33 19 2 0.000188059 -0.000575744 -0.00174814 0.00185009
34 19 2 0.000916863 -0.000539867 0.000666752 0.00125565
35 19 2 0.00184107 -0.000463471 -0.0013183 0.00231133
36 19 2 0.00285574 -0.00027842 -0.00514905 0.00589453
37 19 2 0.00199467 5.87423e-05 -0.00366338 0.00417163
38 19 2 -0.0006467 0.00014102 -0.0048531 0.00489802
39 19 2 0 0.000814166 -0.00766175 0.00770489
1 19 3 0.00162068 2.55814e-05 0.000237311 0.00163816
2 19 3 0.00132901 -0.000252534 0.000300727 0.00138582
3 19 3 0.00107933 -0.000465539 0.000372497 0.00123306
4 19 3 0.00348743 -0.00123458 -0.0153709 0.0158098
5 19 3 0.00107927 -0.00222635 -0.04181 0.0418832
6 19 3 -0.00205438 -0.00283282 -0.0553132 0.0554238
7 19 3 -0.00297672 -0.00309621 -0.0532346 0.0534076
8 19 3 -0.002967 -0.00321921 -0.0465431 0.0467485
9 19 3 -0.00290384 -0.00327727 -0.040064 0.0403026
10 19 3 -0.00280687 -0.00330015 -0.0340871 0.0343613
11 19 3 -0.0026716 -0.00328098 -0.0287001 0.0290103
12 19 3 -0.00251168 -0.00321524 -0.0238691 0.0242153
13 19 3 -0.00231872 -0.00313103 -0.0196138 0.019997
14 19 3 -0.00210711 -0.00302318 -0.0158223 0.0162458
15 19 3 -0.00187855 -0.00289323 -0.0124144 0.0128848
16 19 3 -0.00161459 -0.00274857 -0.00934866 0.00987719
17 19 3 -0.00133065 -0.00260642 -0.00646113 0.00709298
18 19 3 -0.00102616 -0.00247215 -0.00372658 0.00458824
19 19 3 -0.000696612 -0.00233358 -0.00113626 0.00268737
20 19 3 -0.000352743 -0.00222088 0.00137814 0.00263743
21 19 3 1.85261e-05 -0.00213616 0.0036995 0.00427198
22 19 3 0.000411714 -0.00205812 0.00569066 0.00606539
23 19 3 0.000816902 -0.00199369 0.00717209 0.00748872
24 19 3 0.00123229 -0.00193969 0.00793775 0.00826371
25 19 3 0.00164104 -0.00189203 0.00781799 0.00820937
26 19 3 0.00204601 -0.00184953 0.00660991 0.00716225
27 19 3 0.00243041 -0.00179989 0.00422685 0.00519738
28 19 3 0.00277464 -0.00175034 0.000604229 0.00333578
29 19 3 0.00307579 -0.00168763 -0.00425924 0.00551813
30 19 3 0.00331169 -0.00159993 -0.0102244 0.0108658
31 19 3 0.00348423 -0.00150717 -0.0171402 0.0175555
32 19 3 0.00351975 -0.00140418 -0.0247212 0.02501
33 19 3 0.0021839 -0.00127385 -0.0322817 0.0323806
34 19 3 -0.00140121 -0.00112539 -0.034851 0.0348973
35 19 3 -0.00221778 -0.000988218 -0.0282727 0.0283768
36 19 3 0.00471259 -0.000876734 -0.0127727 0.0136425
37 19 3 0.0013113 3.56711e-06 -2.89063e-05 0.00131163
38 19 3 -0.00292546 -0.00053749 -0.00206947 0.00362353
39 19 3 0 0.000709945 -0.00448923 0.00454502
1 19 4 0.00164553 9.50103e-06 0.000169954 0.00165431
2 19 4 0.00123633 -0.000403465 0.00012076 0.0013061
3 19 4 -0.0149286 -0.000177838 0.00369829 0.0153809
4 19 4 -0.023315 0.000380535 0.00753754 0.0245061
5 19 4 -0.0130692 0.000942407 0.0211616 0.0248898
6 19 4 -0.000825094 0.00219621 0.0501479 0.0502028
7 19 4 0.0027498 0.0033384 0.048238 0.0484315
8 19 4 0.00242825 0.00435711 0.0389 0.0392185
9 19 4 0.00192527 0.00530662 0.0302606 0.0307826
10 19 4 0.00142697 0.00613412 0.0229566 0.0238048
11 19 4 0.000975085 0.00684798 0.0172338 0.0185701
12 19 4 0.000609553 0.00742577 0.0132515 0.0152025
13 19 4 0.000384403 0.00784465 0.0108662 0.0134075
14 19 4 0.000313751 0.00812897 0.00990875 0.0128204
15 19 4 0.000412062 0.00827342 0.00996708 0.01296
16 19 4 0.000681679 0.00827961 0.0105025 0.013391
17 19 4 0.00106697 0.00815826 0.0111105 0.0138253
18 19 4 0.00152557 0.00792801 0.0112125 0.0138167
19 19 4 0.00201134 0.00763031 0.0103711 0.0130318
20 19 4 0.00244998 0.0072542 0.00844258 0.0113975
21 19 4 0.00279207 0.00680984 0.00528081 0.00905851
22 19 4 0.00297963 0.006348 0.00100597 0.0070843
23 19 4 0.00296715 0.00586981 -0.00404326 0.00772053
24 19 4 0.00273816 0.00538709 -0.00933448 0.0111198
25 19 4 0.00227345 0.00491111 -0.0141354 0.0151359
26 19 4 0.00161539 0.00441751 -0.0177393 0.0183523
27 19 4 0.000819845 0.00391941 -0.0193497 0.0197597
28 19 4 -5.13896e-05 0.00338789 -0.0183561 0.0186662
29 19 4 -0.000902564 0.00280397 -0.0144442 0.0147415
30 19 4 -0.00167048 0.00218501 -0.00755776 0.00804267
31 19 4 -0.00230065 0.00151017 0.00185297 0.0033177
32 19 4 -0.00249192 0.000762264 0.0130374 0.0132952
33 19 4 0.000699364 -1.38529e-05 0.0243445 0.0243546
34 19 4 0.00515365 -0.000618479 0.0243296 0.0248772
35 19 4 0.0111158 -0.000862875 -0.0105654 0.0153602
36 19 4 0.0183718 -0.00194771 -0.00333309 0.018773
37 19 4 -0.000214215 0.000536867 0.00197857 0.00206128
38 19 4 -0.00491069 -0.00118106 -0.000712175 0.00510068
39 19 4 0 0.000736998 -0.00218192 0.00230302
1 19 5 0.00158636 1.36108e-05 -2.86177e-05 0.00158668
2 19 5 0.0046891 -0.00050441 -3.60099e-06 0.00471616
3 19 5 -0.0111411 -0.000205136 0.0018163 0.01129
4 19 5 -0.00909578 8.76849e-05 0.00467079 0.0102253
5 19 5 0.0166404 -0.00236709 -0.0145553 0.0222343
6 19 5 -0.00208577 -0.0027087 0.0260934 0.0263164
7 19 5 -0.00592657 -0.00421943 0.0462899 0.0468581
8 19 5 -0.00553698 -0.00580854 0.0521065 0.0527208
9 19 5 -0.00469551 -0.00731212 0.0560044 0.0566746
10 19 5 -0.00360461 -0.00871442 0.0580471 0.0588081
11 19 5 -0.00238609 -0.00994573 0.0579795 0.0588747
12 19 5 -0.00116376 -0.0110154 0.0558119 0.0569005
13 19 5 -6.46979e-05 -0.0119007 0.0515954 0.0529501
14 19 5 0.000772439 -0.0125805 0.0457413 0.0474461
15 19 5 0.00125158 -0.0130924 0.0387166 0.0408895
16 19 5 0.00130653 -0.0134491 0.0311826 0.0339844
17 19 5 0.000904033 -0.0136586 0.0241007 0.0277167
18 19 5 9.30354e-05 -0.013744 0.0181591 0.0227741
19 19 5 -0.00103678 -0.0137001 0.0140663 0.0196629
20 19 5 -0.0023694 -0.0135631 0.0125499 0.0186299
21 19 5 -0.00373231 -0.0133546 0.0137987 0.0195622
22 19 5 -0.00494776 -0.0130362 0.017725 0.0225521
23 19 5 -0.00584495 -0.0126364 0.0239297 0.0276853
24 19 5 -0.00625501 -0.0121508 0.0317969 0.0346094
25 19 5 -0.00610045 -0.0115416 0.0405729 0.0426214
26 19 5 -0.00534862 -0.0108416 0.0491534 0.0506183
27 19 5 -0.00404978 -0.0100041 0.0564442 0.0574668
28 19 5 -0.00238182 -0.00902317 0.061252 0.0619588
29 19 5 -0.000584101 -0.00792335 0.0623352 0.0628394
30 19 5 0.0010385 -0.00668409 0.0588486 0.0592361
31 19 5 0.00218273 -0.00529937 0.0505318 0.0508558
32 19 5 0.00229384 -0.00378673 0.0384046 0.038659
33 19 5 -0.00507036 -0.00222325 0.0250153 0.0256206
34 19 5 -0.0334899 -0.000974808 0.0131222 0.0359822
35 19 5 0.0096343 -0.000280842 -0.0210318 0.0231352
36 19 5 0.0254359 -0.00363581 0.000650547 0.0257027
37 19 5 -0.00251556 0.00126894 0.000834251 0.00293841
38 19 5 -0.00604258 -0.00162063 -0.000123612 0.00625736
39 19 5 0 0.000772634 -0.000751884 0.0010781
1 19 6 0.00160938 2.12926e-05 6.02413e-07 0.00160952
2 19 6 0.00637647 -0.000537076 -4.8539e-06 0.00639905
3 19 6 -0.00848306 -0.000236912 0.000379245 0.00849484
4 19 6 -0.0278023 0.000388637 0.00247101 0.0279146
5 19 6 0.0579815 -0.00289505 -0.00962237 0.0588458
6 19 6 0.0186737 0.00177665 -0.00322785 0.0190337
7 19 6 0.000422073 0.00331827 0.0116454 0.0121163
8 19 6 -0.00112163 0.00356608 0.00858099 0.00935994
9 19 6 -0.00212846 0.00357553 0.00802046 0.00903563
10 19 6 -0.00309212 0.00345864 0.00893926 0.0100714
11 19 6 -0.00395405 0.00327392 0.0106582 0.0118301
12 19 6 -0.00467077 0.00299743 0.0128409 0.0139889
13 19 6 -0.00519853 0.00269591 0.0151768 0.0162674
14 19 6 -0.00546459 0.00238493 0.0175992 0.0185817
15 19 6 -0.00537516 0.0020566 0.0199102 0.0207253
16 19 6 -0.00488117 0.00176085 0.021947 0.0225521
17 19 6 -0.0039931 0.0015305 0.0235807 0.0239654
18 19 6 -0.00275834 0.00136239 0.0246027 0.0247943
19 19 6 -0.00126517 0.00129876 0.0250705 0.025136
20 19 6 0.000325599 0.00133565 0.0248618 0.0248998
21 19 6 0.0018596 0.00145787 0.0237627 0.0238799
22 19 6 0.00320275 0.00169681 0.0218397 0.0221384
23 19 6 0.00427852 0.00197604 0.0193354 0.0199014
24 19 6 0.00503374 0.00223743 0.0161638 0.0170767
25 19 6 0.00535217 0.002505 0.012436 0.0137686
26 19 6 0.00511617 0.00268834 0.00828405 0.0101009
27 19 6 0.00420412 0.00279772 0.00398417 0.00643237
28 19 6 0.00245519 0.00284401 2.6548e-05 0.00375727
29 19 6 -0.000142306 0.00280074 -0.00289083 0.00402756
30 19 6 -0.0032076 0.0026593 -0.00359615 0.00550389
31 19 6 -0.00579824 0.00244037 -0.000887571 0.00635317
32 19 6 -0.00690101 0.002162 0.00542954 0.00904312
33 19 6 -0.0118426 0.00177553 0.00789185 0.0143416
34 19 6 -0.0618794 0.000523579 0.00198292 0.0619134
35 19 6 0.0215062 0.000812654 -0.00729344 0.0227238
36 19 6 0.0283243 -0.00475202 0.00196801 0.0287875
37 19 6 -0.00305905 0.00169279 5.79583e-05 0.00349667
38 19 6 -0.00639716 -0.00180475 6.25184e-05 0.00664716
39 19 6 0 0.000768881 -4.92258e-05 0.000770455
1 19 7 0.00161077 3.14165e-05 3.19993e-05 0.0016114
2 19 7 0.00664077 -0.000518818 6.88105e-06 0.00666101
3 19 7 -0.00663121 -0.000264374 -1.48339e-05 0.00663649
4 19 7 -0.0394137 0.000529334 0.000722127 0.0394239
5 19 7 0.064993 -0.0034608 -0.00149975 0.0651023
6 19 7 0.0338818 0.0025213 -0.00398294 0.0342081
7 19 7 -0.00246542 0.00448929 -0.00485243 0.00705536
8 19 7 -0.0015486 0.0049187 -0.00145388 0.00535776
9 19 7 -0.00105355 0.0051711 -0.000609612 0.00531242
10 19 7 -0.00115103 0.00533798 -0.00072405 0.00550846
11 19 7 -0.00155184 0.00539407 -0.00132154 0.00576634
12 19 7 -0.00206188 0.00528813 -0.00216798 0.00607584
13 19 7 -0.00255795 0.00509225 -0.00325951 0.00656495
14 19 7 -0.00290933 0.00477606 -0.00446215 0.00715442
15 19 7 -0.00304548 0.00435987 -0.00575562 0.00783649
16 19 7 -0.00302271 0.00392592 -0.00698919 0.00856729
17 19 7 -0.00262436 0.0035144 -0.0080527 0.00916974
18 19 7 -0.00183295 0.00330439 -0.00892601 0.0096929
19 19 7 -0.00108395 0.00322065 -0.00933755 0.00993667
20 19 7 -0.000320289 0.00323909 -0.00927286 0.00982752
21 19 7 0.000508029 0.00332524 -0.00886336 0.00948022
22 19 7 0.00143614 0.00352887 -0.00817212 0.0090166
23 19 7 0.00203415 0.00380583 -0.00713507 0.00833855
24 19 7 0.00230556 0.0041911 -0.0060439 0.00770777
25 19 7 0.0023635 0.00455238 -0.00496162 0.00713638
26 19 7 0.0021052 0.00477441 -0.00396001 0.00655046
27 19 7 0.0016059 0.0048257 -0.00313132 0.00597255
28 19 7 0.0010545 0.00470579 -0.00241273 0.00539237
29 19 7 0.000771795 0.00443303 -0.00186101 0.00486937
30 19 7 0.00120374 0.00400769 -0.00165516 0.00450001
31 19 7 0.00224954 0.00347568 -0.00233671 0.00475405
32 19 7 -0.00275262 0.002945 -0.00472052 0.00620752
33 19 7 -0.0146641 0.00233278 -0.00268177 0.0150887
34 19 7 -0.0660584 0.000568748 -0.00318845 0.0661377
35 19 7 0.0217577 0.0015715 -0.000518147 0.0218206
36 19 7 0.028868 -0.00518048 0.00198456 0.0293962
37 19 7 -0.00249154 0.00181616 8.91131e-05 0.0030845
38 19 7 -0.00630015 -0.00181504 4.73593e-05 0.00655656
39 19 7 0 0.000742838 0.000188652 0.000766419
1 19 8 0.00160566 4.42582e-05 4.23628e-05 0.00160683
2 19 8 0.00650002 -0.000493447 2.38787e-05 0.00651877
3 19 8 -0.00615562 -0.000321904 8.01485e-06 0.00616403
4 19 8 -0.0411639 0.000527292 -4.54666e-05 0.0411673
5 19 8 0.0630581 -0.00370066 0.00012382 0.0631667
6 19 8 0.0327492 0.00260801 -0.00434215 0.0331386
7 19 8 0.000958502 0.00456167 -0.00641026 0.00792584
8 19 8 -0.000650667 0.00504392 -0.00557266 0.00754447
9 19 8 -0.00106904 0.00542418 -0.00542523 0.00774581
10 19 8 -0.00161002 0.00569252 -0.00581642 0.00829624
11 19 8 -0.00229105 0.00578288 -0.00666561 0.00911707
12 19 8 -0.00301281 0.00566799 -0.0078691 0.0101551
13 19 8 -0.00366635 0.00541846 -0.00944599 0.0114904
14 19 8 -0.00408832 0.00497314 -0.011287 0.012994
15 19 8 -0.00418791 0.00440607 -0.0132757 0.0146012
16 19 8 -0.00411153 0.00380412 -0.014957 0.0159715
17 19 8 -0.00346723 0.00312412 -0.0168074 0.0174434
18 19 8 -0.00220587 0.00291191 -0.0186584 0.0190126
19 19 8 -0.00109656 0.00286113 -0.0190553 0.0193001
20 19 8 4.64984e-05 0.00288557 -0.0190046 0.0192225
21 19 8 0.00119845 0.00294105 -0.0185235 0.0187938
22 19 8 0.0025007 0.00304968 -0.0177346 0.0181678
23 19 8 0.00320904 0.00327162 -0.0156678 0.0163243
24 19 8 0.00338647 0.00386383 -0.0137207 0.0146511
25 19 8 0.00335801 0.00435686 -0.0120494 0.0132456
26 19 8 0.00295795 0.00472377 -0.0102046 0.0116275
27 19 8 0.0022962 0.00491478 -0.00858485 0.0101552
28 19 8 0.00157434 0.00487336 -0.00724178 0.00886969
29 19 8 0.000943036 0.0046384 -0.00618915 0.00779164
30 19 8 0.000480376 0.0042127 -0.00550176 0.006946
31 19 8 -0.000175696 0.00361431 -0.00521365 0.00634635
32 19 8 -0.0007546 0.00297503 -0.00509038 0.00594409
33 19 8 -0.0135442 0.00230443 -0.00461232 0.0144924
34 19 8 -0.0594222 0.0005381 -0.00389334 0.059552
35 19 8 0.0163671 0.00210638 -0.000172198 0.016503
36 19 8 0.0288226 -0.00538588 0.0021296 0.0293987
37 19 8 -0.00173349 0.00179814 0.000357193 0.00252307
38 19 8 -0.00601151 -0.00176284 -2.20664e-05 0.0062647
39 19 8 0 0.000712796 0.000259749 0.000758649
1 19 9 0.00161576 5.46446e-05 4.7774e-05 0.00161739
2 19 9 0.00636326 -0.000467431 2.90681e-05 0.00638047
3 19 9 -0.00645181 -0.000368994 1.79249e-05 0.00646237
4 19 9 -0.0404776 0.000535796 -0.000669891 0.0404867
5 19 9 0.0591641 -0.00371115 0.00138219 0.0592964
6 19 9 0.0304436 0.00250373 -0.00486295 0.0309311
7 19 9 0.00187032 0.00439002 -0.00588401 0.00757574
8 19 9 -0.000398948 0.00493355 -0.0059681 0.00775353
9 19 9 -0.00135484 0.00533514 -0.00628581 0.00835529
10 19 9 -0.00232915 0.00552814 -0.00691211 0.00915219
11 19 9 -0.00335604 0.00549947 -0.00793438 0.0102206
12 19 9 -0.00438073 0.0052475 -0.00933939 0.0115737
13 19 9 -0.00530465 0.00480674 -0.0111971 0.0132898
14 19 9 -0.00586543 0.00409634 -0.0135345 0.015309
15 19 9 -0.00574057 0.00323927 -0.0162697 0.0175542
16 19 9 -0.00595405 0.00224984 -0.0172896 0.018424
17 19 9 -0.00527741 0.000319007 -0.0191743 0.0198898
18 19 9 -0.00254075 0.00109224 -0.0240014 0.0241602
19 19 9 -0.00108247 0.00139396 -0.0235447 0.0236107
20 19 9 0.000457332 0.0014963 -0.0236758 0.0237275
21 19 9 0.00190874 0.0014814 -0.0230206 0.0231471
22 19 9 0.00451155 0.00117268 -0.0229304 0.0233994
23 19 9 0.00514263 0.000443532 -0.0180219 0.0187465
24 19 9 0.00493228 0.00220206 -0.0160094 0.0168961
25 19 9 0.0049887 0.00304606 -0.014866 0.0159738
26 19 9 0.00440332 0.00369148 -0.0123066 0.013582
27 19 9 0.00346697 0.00415255 -0.0101714 0.0115205
28 19 9 0.00245197 0.00432983 -0.00852128 0.00986771
29 19 9 0.0014711 0.00427425 -0.00723176 0.00852829
30 19 9 0.000570039 0.00401113 -0.00630073 0.00749088
31 19 9 -0.000315116 0.00354247 -0.00564282 0.00667007
32 19 9 -0.000529958 0.00294662 -0.00505139 0.00587197
33 19 9 -0.0112159 0.00224834 -0.0047607 0.0123901
34 19 9 -0.0520118 0.000609053 -0.00454701 0.0522138
35 19 9 0.0113099 0.00254906 -0.000312035 0.0115978
36 19 9 0.0283079 -0.00548655 0.00227969 0.0289246
37 19 9 -0.00105583 0.00173304 0.000638094 0.00212729
38 19 9 -0.00563045 -0.00169673 -9.74145e-05 0.00588135
39 19 9 0 0.000673815 0.0003179 0.000745042
1 19 10 0.00161281 5.29217e-05 5.89845e-05 0.00161476
2 19 10 0.00622767 -0.000449035 2.19328e-05 0.00624388
3 19 10 -0.00735633 -0.000410432 -5.86713e-06 0.00736777
4 19 10 -0.0379073 0.000525699 -0.00114992 0.0379284
5 19 10 0.0534813 -0.00358733 0.00251682 0.0536606
6 19 10 0.029197 0.00219763 -0.0050655 0.0297146
7 19 10 0.00184855 0.0039695 -0.00566027 0.00715631
8 19 10 -0.000648889 0.0045173 -0.00608471 0.00760597
9 19 10 -0.0019131 0.00482286 -0.00667795 0.00845665
10 19 10 -0.00321482 0.00487073 -0.00750052 0.00950352
11 19 10 -0.00457171 0.00470826 -0.00866209 0.0108674
12 19 10 -0.00599076 0.00428683 -0.0101863 0.0125709
13 19 10 -0.00740966 0.00357092 -0.012215 0.0147262
14 19 10 -0.00839334 0.00244356 -0.0151545 0.0174951
15 19 10 -0.00664867 0.0010431 -0.0209061 0.0219626
16 19 10 -0.00783456 -0.000649987 -0.0170725 0.0187956
17 19 10 -0.0100707 -0.0106481 -0.00985757 0.0176628
18 19 10 -0.00175421 -0.00156259 -0.000267617 0.00236444
19 19 10 -0.00102563 -0.000362941 -0.000327972 0.00113631
20 19 10 0.000852061 -5.40687e-05 -0.000431159 0.000956468
21 19 10 0.0015929 -0.000196789 -0.000319609 0.00163652
22 19 10 0.00933248 -0.0015883 -0.00023388 0.00946956
23 19 10 0.00715495 -0.0100761 -0.00916429 0.0153852
24 19 10 0.00600146 -0.000700324 -0.015737 0.0168571
25 19 10 0.00735838 0.000805775 -0.0188008 0.0202056
26 19 10 0.00632922 0.00200415 -0.0136538 0.0151823
27 19 10 0.00491484 0.00287822 -0.0109771 0.0123668
28 19 10 0.00352266 0.00334455 -0.00915263 0.0103617
29 19 10 0.00223419 0.00349896 -0.00773539 0.00877898
30 19 10 0.00105122 0.00340984 -0.00664439 0.00754188
31 19 10 -5.27363e-06 0.0031319 -0.00577876 0.00657289
32 19 10 -0.000567361 0.00271503 -0.004991 0.00570994
33 19 10 -0.00932761 0.00210633 -0.00442953 0.0105386
34 19 10 -0.0441578 0.000700757 -0.0050885 0.0444555
35 19 10 0.0069282 0.00285448 -0.000600022 0.00751718
36 19 10 0.027361 -0.00548147 0.0024325 0.0280105
37 19 10 -0.000493741 0.00164989 0.000908365 0.00194706
38 19 10 -0.00514576 -0.00161207 -0.000178404 0.00539531
39 19 10 0 0.000620954 0.00037496 0.000725382
1 19 11 0.00158918 5.19829e-05 6.60164e-05 0.0015914
2 19 11 0.0061077 -0.000413322 -6.13432e-06 0.00612167
3 19 11 -0.00870287 -0.000423941 -4.87409e-05 0.00871333
4 19 11 -0.033781 0.00050584 -0.00144168 0.0338155
5 19 11 0.0464333 -0.0033472 0.00344715 0.0466812
6 19 11 0.0283694 0.00177721 -0.00486812 0.0288388
7 19 11 0.00144444 0.0033892 -0.0054537 0.00658148
8 19 11 -0.00119544 0.00387917 -0.0059656 0.00721563
9 19 11 -0.00264999 0.00404123 -0.00668524 0.00824903
10 19 11 -0.00420254 0.00395706 -0.00760862 0.00955043
11 19 11 -0.00588754 0.00366503 -0.00880918 0.0112115
12 19 11 -0.00780668 0.00303238 -0.0102676 0.01325
13 19 11 -0.0101683 0.001977 -0.0119922 0.0158466
14 19 11 -0.0140095 0.000282911 -0.0137869 0.0196577
15 19 11 -0.00261792 -0.00177928 -0.000229863 0.00317367
16 19 11 -0.00061311 -0.000387127 0.000287025 0.000779843
17 19 11 -0.000685595 -0.000947755 -0.000219921 0.00119023
18 19 11 -0.000525559 -0.00105912 -0.000893641 0.00148207
19 19 11 -0.00017386 -0.00128074 -0.00115342 0.00173231
20 19 11 4.69575e-05 -0.00133264 -0.00102792 0.00168367
21 19 11 0.000207316 -0.00125884 -0.00093157 0.00157971
22 19 11 0.000554631 -0.00108777 -0.000949296 0.00154661
23 19 11 0.000585306 -0.000965822 -0.000196823 0.00114636
24 19 11 0.00278902 -0.00063735 0.000355664 0.00288294
25 19 11 0.0124666 -0.00216148 -0.000136229 0.0126533
26 19 11 0.00887535 -0.000100505 -0.0122168 0.0151008
27 19 11 0.00656893 0.00134383 -0.0105676 0.0125152
28 19 11 0.00468317 0.00216171 -0.00901016 0.0103821
29 19 11 0.00308144 0.00257515 -0.00767498 0.0086621
30 19 11 0.00168241 0.0026722 -0.00656209 0.00728232
31 19 11 0.000469008 0.00257294 -0.00561219 0.00619166
32 19 11 -0.0003809 0.00237057 -0.00473446 0.00530846
33 19 11 -0.00825035 0.00192858 -0.00399014 0.0093653
34 19 11 -0.0359818 0.000808278 -0.00533464 0.0363841
35 19 11 0.00328385 0.00300939 -0.00102085 0.0045697
36 19 11 0.0260565 -0.0053839 0.00261709 0.0267353
37 19 11 -7.536e-05 0.00155563 0.00117554 0.0019513
38 19 11 -0.00455946 -0.00149485 -0.00026465 0.00480555
39 19 11 0 0.000561674 0.000426497 0.00070525
1 19 12 0.0015524 6.88257e-05 6.65116e-05 0.00155535
2 19 12 0.00601318 -0.000355549 -3.96574e-05 0.00602381
3 19 12 -0.0103218 -0.000429279 -8.2799e-05 0.010331
4 19 12 -0.0284957 0.000453866 -0.00153736 0.0285407
5 19 12 0.0386818 -0.00302624 0.00410002 0.039016
6 19 12 0.027582 0.00133182 -0.00426806 0.027942
7 19 12 0.000960199 0.00277303 -0.00510306 0.00588667
8 19 12 -0.00181108 0.00318094 -0.00559457 0.00668562
9 19 12 -0.00341846 0.00320101 -0.00633577 0.00787873
10 19 12 -0.00519725 0.00299384 -0.00726898 0.00942404
11 19 12 -0.00715456 0.00254326 -0.00845706 0.0113656
12 19 12 -0.00938298 0.00169767 -0.00973334 0.0136257
13 19 12 -0.0118712 0.000464996 -0.0109946 0.0161871
14 19 12 -0.00056229 -0.00151972 0.000321073 0.00165191
15 19 12 -0.00127529 -0.000781622 -0.000291749 0.00152395
16 19 12 -0.0010417 -0.000968372 -0.000276729 0.00144896
17 19 12 -0.000747249 -0.00171542 -0.000539563 0.00194735
18 19 12 -0.000621119 -0.00205806 -0.00132544 0.0025255
19 19 12 -0.000237962 -0.00229805 -0.00185872 0.00296522
20 19 12 0.000207508 -0.00226556 -0.00160768 0.00278576
21 19 12 0.000461207 -0.00230523 -0.0014826 0.00277937
22 19 12 0.000697571 -0.00204833 -0.00132685 0.00253826
23 19 12 0.00111981 -0.00176554 -0.000519181 0.00215422
24 19 12 0.00144726 -0.00120648 -0.000208138 0.00189565
25 19 12 0.000801157 -0.000972912 -0.000183551 0.00127362
26 19 12 0.0105484 -0.00165581 0.000569784 0.0106928
27 19 12 0.00805978 -4.96364e-05 -0.0094231 0.0123999
28 19 12 0.00581594 0.000937108 -0.00820172 0.0100981
29 19 12 0.00392275 0.00159443 -0.00710061 0.00826734
30 19 12 0.00230426 0.00190258 -0.00606535 0.00676151
31 19 12 0.000936538 0.00197774 -0.00514473 0.00559078
32 19 12 -8.87637e-05 0.00198128 -0.0042684 0.00470665
33 19 12 -0.00784185 0.00174044 -0.00348745 0.00875705
34 19 12 -0.0278818 0.000923802 -0.00517688 0.0283733
35 19 12 0.000364263 0.00301648 -0.0015928 0.00343058
36 19 12 0.024462 -0.00521785 0.0028258 0.0251715
37 19 12 0.000184364 0.00141892 0.0014484 0.00203597
38 19 12 -0.0038863 -0.00135265 -0.000344605 0.00412937
39 19 12 0 0.000507222 0.000470255 0.000691674
1 19 13 0.00146907 6.0097e-05 7.60911e-05 0.00147226
2 19 13 0.00589401 -0.00035215 -6.49201e-05 0.00590487
3 19 13 -0.0120755 -0.000481312 -0.00012227 0.0120857
4 19 13 -0.0225116 0.000358767 -0.00148765 0.0225636
5 19 13 0.0309271 -0.00264839 0.00443182 0.0313551
6 19 13 0.0265645 0.00091802 -0.00331136 0.0267858
7 19 13 0.000526583 0.00215793 -0.00456768 0.00507914
8 19 13 -0.00235458 0.0024436 -0.00498792 0.00603279
9 19 13 -0.00411837 0.00231915 -0.00564061 0.00735907
10 19 13 -0.00614706 0.0019879 -0.00649171 0.00915862
11 19 13 -0.00823526 0.00137724 -0.00779294 0.0114213
12 19 13 -0.0104953 0.000419754 -0.00873818 0.0136632
13 19 13 -0.000446042 -0.000451084 0.000598293 0.000872001
14 19 13 -0.000772829 -0.000573541 -0.000341777 0.00102129
15 19 13 -0.00124691 -0.000679451 -0.000817084 0.00163831
16 19 13 -0.0012417 -0.00109657 -0.00083311 0.00185428
17 19 13 -0.000882207 -0.00222015 -0.00105282 0.00261071
18 19 13 -0.000656129 -0.00236989 -0.00175559 0.00302142
19 19 13 -0.000317923 -0.002174 -0.00218881 0.00310133
20 19 13 2.36516e-05 -0.00216423 -0.00174066 0.00277747
21 19 13 0.000315913 -0.00230569 -0.0017432 0.0029077
22 19 13 0.000547621 -0.00246752 -0.00160516 0.00299417
23 19 13 0.000959043 -0.00238199 -0.00095321 0.00273903
24 19 13 0.00105205 -0.00139218 -0.000675722 0.00187125
25 19 13 0.000793948 -0.000916186 -0.000769882 0.00143613
26 19 13 0.000474593 -0.00106224 7.83221e-07 0.00116344
27 19 13 0.00919607 -0.000884576 0.00105248 0.00929828
28 19 13 0.00674765 -0.000220905 -0.00676401 0.00955674
29 19 13 0.00469697 0.000604285 -0.00617218 0.00777962
30 19 13 0.00283323 0.00112379 -0.00515888 0.005992
31 19 13 0.00129212 0.00137085 -0.00437261 0.00476115
32 19 13 0.000168192 0.00156063 -0.00359882 0.00392625
33 19 13 -0.0077209 0.00153969 -0.00286247 0.00837715
34 19 13 -0.0203361 0.00104512 -0.00460156 0.0208764
35 19 13 -0.00184816 0.00292647 -0.00231629 0.00416475
36 19 13 0.0226517 -0.0049477 0.00302058 0.0233817
37 19 13 0.000314174 0.00122733 0.00170473 0.00212395
38 19 13 -0.00311727 -0.00122094 -0.000410129 0.00337287
39 19 13 0 0.000435327 0.00051482 0.000674203
1 19 14 0.00133928 4.89267e-05 8.31091e-05 0.00134275
2 19 14 0.00578064 -0.000312637 -0.000106162 0.00579006
3 19 14 -0.0137351 -0.000430561 -0.000185179 0.0137431
4 19 14 -0.016215 0.000352145 -0.00129793 0.0162707
5 19 14 0.0238847 -0.00217423 0.00451453 0.0244047
6 19 14 0.0251765 0.000592734 -0.00203563 0.0252656
7 19 14 0.000258633 0.00158358 -0.00384198 0.00416358
8 19 14 -0.00267527 0.00173098 -0.00415278 0.0052344
9 19 14 -0.00463573 0.00149506 -0.00455256 0.00666716
10 19 14 -0.00712355 0.00105263 -0.0051421 0.0088484
11 19 14 -0.00887886 0.000268124 -0.007573 0.0116729
12 19 14 -0.000763583 -0.00101393 0.000590017 0.00139973
13 19 14 -0.000679835 -0.000725172 6.93346e-05 0.000996422
14 19 14 -0.00108423 -0.00130209 -0.000662844 0.00181944
15 19 14 -0.00147128 -0.00125066 -0.00107434 0.00220976
16 19 14 -0.00108069 -0.00173476 -0.00113675 0.0023387
17 19 14 -0.000646483 -0.00248807 -0.00120013 0.00283703
18 19 14 -0.000408774 -0.00203977 -0.001866 0.00279459
19 19 14 -0.000360104 -0.00172558 -0.00215137 0.00278131
20 19 14 5.06717e-05 -0.00205303 -0.00175554 0.00270175
21 19 14 0.000202621 -0.00202075 -0.00182192 0.00272834
22 19 14 0.000358885 -0.0021628 -0.00165487 0.00274683
23 19 14 0.000657913 -0.00254098 -0.00104023 0.00282338
24 19 14 0.00111373 -0.00196939 -0.000931239 0.00244665
25 19 14 0.00103378 -0.0015707 -0.00113423 0.00219597
26 19 14 0.000801996 -0.00172775 -0.000295395 0.00192759
27 19 14 0.000990864 -0.00126291 0.000521687 0.00168787
28 19 14 0.00707516 -0.00158587 0.000846702 0.00729998
29 19 14 0.00539417 -0.000320865 -0.00559346 0.00777733
30 19 14 0.00315206 0.000428164 -0.00375941 0.00492463
31 19 14 0.00139637 0.000819732 -0.00323873 0.00362093
32 19 14 0.000242213 0.00112914 -0.00268411 0.002922
33 19 14 -0.00760545 0.00129089 -0.00205072 0.00798216
34 19 14 -0.0138459 0.00111082 -0.00365967 0.0143644
35 19 14 -0.00340022 0.00275389 -0.00311656 0.00537199
36 19 14 0.0206406 -0.00450231 0.00321063 0.0213685
37 19 14 0.000305495 0.00106559 0.00192436 0.0022208
38 19 14 -0.00226363 -0.00105869 -0.000473351 0.0025434
39 19 14 0 0.000354553 0.000554383 0.000658064
1 19 15 0.00117493 4.22208e-05 8.54466e-05 0.00117879
2 19 15 0.00568379 -0.000267412 -0.000148201 0.00569201
3 19 15 -0.0151678 -0.000419817 -0.000229143 0.0151754
4 19 15 -0.0100461 0.000210556 -0.000972945 0.0100953
5 19 15 0.0180751 -0.00184173 0.00438174 0.0186896
6 19 15 0.0232798 0.00023582 -0.000619056 0.0232892
7 19 15 0.000193193 0.001024 -0.00306389 0.00323625
8 19 15 -0.00265302 0.00110849 -0.00321773 0.00431521
9 19 15 -0.0048332 0.000850694 -0.00309711 0.00580307
10 19 15 -0.00914404 0.000365454 -0.00213878 0.00939795
11 19 15 -0.000387247 -0.000229321 0.0019377 0.00198928
12 19 15 -0.000863717 -0.000215066 0.000482203 0.00101231
13 19 15 -0.00120948 -0.0006169 4.22298e-05 0.00135838
14 19 15 -0.00138751 -0.0017456 -0.000553337 0.0022975
15 19 15 -0.00131541 -0.00187867 -0.00124347 0.00260881
16 19 15 -0.000866897 -0.0023726 -0.00105226 0.00273642
17 19 15 -0.000458502 -0.00208028 -0.00115602 0.00242366
18 19 15 -0.000468373 -0.000972899 -0.0018736 0.00216247
19 19 15 -0.000460799 -0.00117473 -0.00205692 0.00241314
20 19 15 -0.000115022 -0.00204435 -0.00185938 0.00276584
21 19 15 0.000227055 -0.00173885 -0.00208228 0.00272232
22 19 15 0.000374764 -0.00135406 -0.00193669 0.00239264
23 19 15 0.000717553 -0.00226186 -0.00106634 0.00260154
24 19 15 0.00124547 -0.00259252 -0.000880803 0.00300802
25 19 15 0.00129009 -0.0019131 -0.00127736 0.00263741
26 19 15 0.00113809 -0.00193689 -0.000139729 0.00225085
27 19 15 0.000911785 -0.000911997 0.000495993 0.0013817
28 19 15 0.000405035 -0.000528665 0.000822439 0.00105828
29 19 15 0.00686566 -0.000758149 0.00228478 0.00727546
30 19 15 0.00319779 -4.42516e-05 -0.00106731 0.0033715
31 19 15 0.00121341 0.000419547 -0.00178628 0.00219981
32 19 15 8.66595e-05 0.000753628 -0.00159725 0.00176824
33 19 15 -0.00732567 0.000992602 -0.00112915 0.00747835
34 19 15 -0.00878743 0.00102033 -0.00254583 0.0092055
35 19 15 -0.00429392 0.00236203 -0.00396312 0.00630264
36 19 15 0.0184747 -0.00403214 0.00340861 0.0192143
37 19 15 0.000160186 0.000852719 0.00212422 0.00229458
38 19 15 -0.00134823 -0.000882168 -0.000525813 0.00169483
39 19 15 0 0.000272766 0.000586793 0.000647092
1 19 16 0.000971808 2.24527e-05 8.49586e-05 0.000975773
2 19 16 0.00558338 -0.000249712 -0.000186887 0.00559208
3 19 16 -0.0162826 -0.000430694 -0.000275996 0.0162906
4 19 16 -0.00432289 0.000108652 -0.000626439 0.0043694
5 19 16 0.0138918 -0.0013888 0.00403904 0.0145336
6 19 16 0.0208012 0.00013954 0.000770481 0.0208159
7 19 16 0.000338848 0.000717447 -0.00235505 0.00248512
8 19 16 -0.00210395 0.000728999 -0.00239291 0.00326865
9 19 16 -0.00348516 0.00043324 -0.00212624 0.00410548
10 19 16 -0.00450974 -0.00011728 -0.00146181 0.00474219
11 19 16 -0.000738767 -0.000293507 0.000527499 0.000954033
12 19 16 -0.000967403 -0.000636371 0.00039137 0.0012223
13 19 16 -0.00112221 -0.000722347 8.44592e-05 0.00133726
14 19 16 -0.00102553 -0.00165078 -0.000253992 0.00195992
15 19 16 -0.000989983 -0.00159704 -0.000877124 0.00207363
16 19 16 -0.000364308 -0.00201508 -0.00116357 0.00235524
17 19 16 -1.66813e-05 -0.00057529 -0.00142529 0.00153711
18 19 16 -0.000288729 0.00117308 -0.00175712 0.00213236
19 19 16 -0.000401514 0.000336073 -0.0019529 0.00202188
20 19 16 -0.000181868 -0.000767515 -0.00192571 0.00208099
21 19 16 0.000150487 -0.000260873 -0.00239653 0.00241538
22 19 16 0.000118769 0.00072787 -0.00224349 0.0023616
23 19 16 0.00035417 -0.000780507 -0.00145809 0.00169135
24 19 16 0.000885565 -0.00243171 -0.000950435 0.00275695
25 19 16 0.000671061 -0.00168672 -0.000724001 0.00195436
26 19 16 0.000819829 -0.00175352 0.000128537 0.00193997
27 19 16 0.000952721 -0.00106464 0.000425859 0.0014908
28 19 16 0.000848038 -0.000951341 0.000648674 0.00143003
29 19 16 0.00298094 -0.000596642 0.000767667 0.00313549
30 19 16 0.00202096 -0.000276295 -0.000383602 0.00207551
31 19 16 0.000690245 0.000201931 -0.000773497 0.00105618
32 19 16 -0.000286516 0.00054169 -0.000658661 0.000899641
33 19 16 -0.0068156 0.000831398 -0.000173738 0.00686832
34 19 16 -0.00538925 0.000991311 -0.00143129 0.00566351
35 19 16 -0.00455851 0.0019719 -0.00484396 0.00693775
36 19 16 0.0162077 -0.00342972 0.00355865 0.0169445
37 19 16 -8.83448e-05 0.000601308 0.00228233 0.00236186
38 19 16 -0.000381852 -0.000713893 -0.000564247 0.000986827
39 19 16 0 0.000178855 0.000613013 0.000638571
1 19 17 0.000741674 1.04582e-05 8.05418e-05 0.000746108
2 19 17 0.00549517 -0.00020064 -0.00022218 0.00550332
3 19 17 -0.0169817 -0.00036333 -0.000323786 0.0169887
4 19 17 0.0007727 0.000103809 -0.000258262 0.000821304
5 19 17 0.0114761 -0.000940788 0.00369822 0.0120939
6 19 17 0.0176247 5.70711e-05 0.00211139 0.0177508
7 19 17 0.000576055 0.000397459 -0.00163304 0.00177669
8 19 17 -0.00146869 0.00035683 -0.00159387 0.00219654
9 19 17 -0.00250453 -7.47131e-05 -0.00116302 0.00276241
10 19 17 -0.00203096 -0.00188457 -0.000718652 0.00286232
11 19 17 -0.000593339 -5.84825e-05 0.000726423 0.000939767
12 19 17 -0.000943753 -0.000449594 0.000343042 0.00110022
13 19 17 -0.000845037 -0.00111679 0.000161386 0.00140973
14 19 17 -0.000580172 -0.00144023 -0.000132489 0.00155834
15 19 17 -0.000454512 -0.000822595 -0.000727421 0.00118844
16 19 17 0.000113467 -0.000182461 -0.00181035 0.00182305
17 19 17 0.000122026 0.00159994 -0.00223881 0.00275445
18 19 17 -0.000397625 0.0023638 -0.00189766 0.00305725
19 19 17 -0.00031664 0.00126855 -0.00172546 0.00216488
20 19 17 0.00010474 0.000487469 -0.00169838 0.00177006
21 19 17 0.000375351 0.000804395 -0.00208234 0.00226364
22 19 17 0.000107676 0.00199286 -0.00247393 0.00317858
23 19 17 0.000313603 0.00143596 -0.00257007 0.00296067
24 19 17 0.000783643 -0.00058772 -0.00157419 0.00185408
25 19 17 0.000704424 -0.00111221 -0.000286679 0.00134737
26 19 17 0.000813039 -0.00160174 0.000522534 0.00187074
27 19 17 0.00100267 -0.0015411 0.00069995 0.0019673
28 19 17 0.000717829 -0.000719483 0.000720709 0.00124594
29 19 17 0.0013377 -0.000227138 0.00123535 0.00183497
30 19 17 0.00123084 -0.0012944 0.000415612 0.0018339
31 19 17 0.000148433 -0.000104161 0.000209498 0.000277076
32 19 17 -0.00062667 0.000247502 0.000324908 0.000748023
33 19 17 -0.0060484 0.000576748 0.000843349 0.00613409
34 19 17 -0.0036648 0.000821651 -0.000352147 0.00377225
35 19 17 -0.00425824 0.00151073 -0.00560308 0.00719788
36 19 17 0.0138562 -0.00267197 0.00368344 0.0145843
37 19 17 -0.000419567 0.000379308 0.002388 0.00245407
38 19 17 0.000619684 -0.00052302 -0.000590888 0.00100335
39 19 17 0 8.62398e-05 0.000631869 0.000637727
1 19 18 0.000497149 -1.48165e-05 7.70231e-05 0.000503299
2 19 18 0.00542145 -0.000186226 -0.000243029 0.00543009
3 19 18 -0.0172507 -0.000364604 -0.000353821 0.0172582
4 19 18 0.00514042 -3.17101e-05 0.000115819 0.00514182
5 19 18 0.0106972 -0.00071745 0.00341968 0.0112534
6 19 18 0.0138269 -9.75088e-05 0.00312016 0.0141749
7 19 18 0.000933425 0.000155291 -0.00112689 0.00147149
8 19 18 -0.00064285 0.000157265 -0.00101241 0.00120953
9 19 18 -0.00173588 -6.69926e-05 -0.000215319 0.00175047
10 19 18 -7.76273e-05 -0.000720019 0.00108208 0.00130206
11 19 18 -0.000315109 -0.000571351 0.000805019 0.00103624
12 19 18 -0.000818272 -0.000330849 0.000523182 0.00102604
13 19 18 -0.000872719 -0.00102837 0.000492724 0.00143595
14 19 18 -0.000769126 -0.0004094 -0.000299869 0.000921458
15 19 18 -0.000472632 0.000241819 -0.00168047 0.00176234
16 19 18 -0.000177292 0.00103916 -0.00342064 0.0035794
17 19 18 -0.000344581 0.00141073 -0.00369944 0.00397426
18 19 18 -0.000631303 0.000581526 -0.00225161 0.00240966
19 19 18 -0.000366413 0.000645743 -0.00152727 0.00169817
20 19 18 0.00027386 0.00172001 -0.00166021 0.00240619
21 19 18 0.000380911 0.000655196 -0.00141876 0.0016085
22 19 18 0.000148227 0.000274766 -0.00258227 0.00260108
23 19 18 0.000233478 0.000914294 -0.00429733 0.00439972
24 19 18 0.000587084 0.000527737 -0.00350159 0.00358948
25 19 18 0.000866587 -2.87345e-05 -0.00137544 0.00162593
26 19 18 0.000842304 -0.00035436 0.000306997 0.000963999
27 19 18 0.000784948 -0.00108467 0.00106059 0.00170807
28 19 18 0.000382122 -0.000434188 0.000931664 0.0010966
29 19 18 0.000116076 -0.0007284 0.00144885 0.0016258
30 19 18 0.000655194 -0.00084641 0.00162835 0.00194864
31 19 18 -0.000396501 -0.000114483 0.00111517 0.00118908
32 19 18 -0.000950901 0.000157634 0.00119699 0.00153683
33 19 18 -0.00513188 0.000323008 0.00166243 0.00540409
34 19 18 -0.00343309 0.000485943 0.000480378 0.00350043
35 19 18 -0.00345674 0.000851422 -0.00618772 0.00713875
36 19 18 0.0114423 -0.00193027 0.00380897 0.0122131
37 19 18 -0.000812215 0.000108795 0.00245197 0.00258528
38 19 18 0.00163635 -0.000341262 -0.000598728 0.00177555
39 19 18 0 -1.30582e-05 0.000647324 0.000647455
1 19 19 0.000248678 -3.60098e-05 6.73602e-05 0.000260144
2 19 19 0.00535589 -0.000150579 -0.000266537 0.00536463
3 19 19 -0.0171187 -0.000299066 -0.000396276 0.0171258
4 19 19 0.00882134 -2.84224e-05 0.000409126 0.00883087
5 19 19 0.011206 -0.000309438 0.00316832 0.0116494
6 19 19 0.00959303 0.00010012 0.00357079 0.0102365
7 19 19 0.00141982 0.00027449 -0.000991641 0.00175345
8 19 19 0.000573319 0.0002724 -0.000784496 0.00100912
9 19 19 -6.16812e-05 0.00016208 0.00026627 0.000317764
10 19 19 -7.50735e-05 6.27338e-05 0.00196852 0.00197095
11 19 19 -0.000103809 -0.000412947 0.000694308 0.000814473
12 19 19 -0.000464384 -0.000175172 0.000286578 0.000573119
13 19 19 -0.00071726 -0.000497885 0.000481292 0.000996992
14 19 19 -0.000653627 0.000108486 -0.000527871 0.00084714
15 19 19 -0.000339347 0.000536304 -0.00245009 0.00253095
16 19 19 -0.000225823 0.000550476 -0.00426755 0.00430883
17 19 19 -0.000450746 -0.000148837 -0.00438742 0.00441303
18 19 19 -0.000596337 -0.00153187 -0.00232754 0.00284951
19 19 19 -0.000311039 -0.000556965 -0.0016252 0.00174592
20 19 19 0.000184522 0.000977198 -0.00182395 0.00207744
21 19 19 0.00024923 -0.000169147 -0.00118615 0.0012238
22 19 19 -7.65559e-05 -0.00157897 -0.00248351 0.00294395
23 19 19 -0.000342416 -0.000633668 -0.00518583 0.00523561
24 19 19 -0.000238149 0.000131266 -0.00476247 0.00477022
25 19 19 0.000164556 0.000319003 -0.00260485 0.00262946
26 19 19 0.00026956 0.000214567 -0.000323444 0.000472565
27 19 19 0.000133472 -0.000415752 0.000742392 0.000861284
28 19 19 1.78167e-05 -0.000244738 0.000468109 0.000528526
29 19 19 8.29434e-05 -0.000448736 0.00125273 0.00133326
30 19 19 -0.000310432 -0.000152373 0.00251673 0.00254037
31 19 19 -0.0010181 0.000116344 0.00167652 0.00196489
32 19 19 -0.00137118 0.000258973 0.0016139 0.00213351
33 19 19 -0.0042045 0.000320844 0.00206936 0.00469713
34 19 19 -0.00438734 0.000329501 0.000897623 0.00449033
35 19 19 -0.00225298 0.000301379 -0.0066322 0.00701091
36 19 19 0.0089911 -0.00107082 0.00389896 0.00985842
37 19 19 -0.00123435 -0.000143454 0.00245669 0.00275309
38 19 19 0.0026508 -0.000153796 -0.000595067 0.00272112
39 19 19 0 -0.000115487 0.00065667 0.000666748
1 19 20 9.59324e-06 -5.66218e-05 5.5844e-05 8.01038e-05
2 19 20 0.00529579 -0.000121875 -0.000272204 0.00530418
3 19 20 -0.0166382 -0.000254795 -0.000402552 0.016645
4 19 20 0.0119549 -7.75138e-05 0.000680952 0.0119745
5 19 20 0.0124399 -5.6475e-05 0.00309329 0.0128189
6 19 20 0.00507414 0.000104272 0.00354837 0.00619263
7 19 20 0.00198373 0.00012319 -0.001054 0.00224973
8 19 20 0.00205838 0.00011222 -0.000864434 0.00223535
9 19 20 0.00227615 6.78634e-05 0.0001848 0.00228465
10 19 20 1.30826e-05 -3.32174e-05 0.00196873 0.00196906
11 19 20 2.26967e-05 -1.87199e-05 0.000697758 0.000698378
12 19 20 2.0011e-05 -8.5144e-06 0.000294919 0.00029572
13 19 20 7.99089e-08 -8.40929e-06 0.000500081 0.000500152
14 19 20 -3.48466e-05 -2.76311e-05 -0.000501366 0.000503335
15 19 20 -7.86651e-05 -2.96304e-05 -0.00244038 0.00244183
16 19 20 -0.000119885 -1.19905e-05 -0.00428784 0.00428953
17 19 20 -0.000143854 3.12132e-05 -0.00443525 0.00443769
18 19 20 -0.000137175 7.75138e-05 -0.00240361 0.00240877
19 19 20 -0.000105343 9.70427e-05 -0.00171495 0.00172092
20 19 20 -5.6855e-05 9.37033e-05 -0.00192258 0.0019257
21 19 20 -4.46629e-06 8.65883e-05 -0.00128792 0.00129084
22 19 20 3.04001e-05 7.71904e-05 -0.00257446 0.0025758
23 19 20 3.86128e-05 4.76632e-05 -0.00525044 0.00525079
24 19 20 2.89876e-05 2.25361e-05 -0.00480488 0.00480502
25 19 20 1.44995e-05 7.04344e-06 -0.00262261 0.00262266
26 19 20 7.63738e-06 9.58393e-06 -0.000323654 0.000323886
27 19 20 7.10065e-06 4.85868e-05 0.000743894 0.000745513
28 19 20 5.16625e-06 8.37973e-05 0.000469867 0.000477308
29 19 20 -2.73785e-06 0.000117198 0.00125362 0.00125909
30 19 20 -0.00191229 0.00014903 0.00251452 0.00316258
31 19 20 -0.0018228 0.000143657 0.00164752 0.00246121
32 19 20 -0.00179363 0.00011904 0.0016183 0.00241872
33 19 20 -0.00327655 8.86079e-05 0.00212289 0.00390516
34 19 20 -0.00609637 -1.17983e-05 0.000983918 0.00617527
35 19 20 -0.000777067 -0.000337725 -0.00683761 0.0068899
36 19 20 0.00651715 -0.000219655 0.00399667 0.00764819
37 19 20 -0.00165225 -0.000400108 0.00242433 0.00296098
38 19 20 0.00364728 3.8461e-05 -0.000574248 0.00369241
39 19 20 0 -0.000212991 0.000659687 0.000693219
1 19 21 -0.000205469 -7.89125e-05 4.28933e-05 0.000224242
2 19 21 0.00523718 -9.71662e-05 -0.000258793 0.00524447
3 19 21 -0.0158829 -0.000211635 -0.00037282 0.0158887
4 19 21 0.0147378 -0.00012503 0.000922204 0.0147671
5 19 21 0.0137269 0.000169929 0.00319792 0.0140955
6 19 21 0.000513946 0.000100322 0.00305541 0.00309996
7 19 21 0.00252709 -2.90076e-05 -0.00130906 0.00284617
8 19 21 0.00353928 -3.82492e-05 -0.00126292 0.00375805
9 19 21 0.00469382 -7.4434e-06 -0.000506942 0.00472113
10 19 21 0.000102931 -0.000131246 0.00106522 0.0010782
11 19 21 0.000147047 0.000389552 0.000810685 0.000911363
12 19 21 0.000488703 0.000166695 0.000559137 0.000761086
13 19 21 0.000697995 0.000468184 0.000560859 0.00101042
14 19 21 0.000573334 -0.000181537 -0.000206286 0.000635784
15 19 21 0.000177003 -0.000633213 -0.00161616 0.00174478
16 19 21 -2.45022e-05 -0.00066652 -0.00342568 0.00349
17 19 21 0.000157671 4.31643e-05 -0.00380778 0.00381128
18 19 21 0.000312998 0.00148084 -0.0024577 0.00288637
19 19 21 8.60497e-05 0.000562232 -0.00179865 0.00188644
20 19 21 -0.00030764 -0.000951086 -0.00198102 0.00221893
21 19 21 -0.000262337 0.000178021 -0.00173947 0.00176812
22 19 21 0.000142078 0.00155911 -0.00285293 0.00325426
23 19 21 0.000435382 0.000583402 -0.00447219 0.00453105
24 19 21 0.000307677 -0.000169673 -0.00358521 0.00360239
25 19 21 -0.000122556 -0.000341331 -0.00139702 0.00144332
26 19 21 -0.000237211 -0.000209491 0.000319143 0.000449453
27 19 21 -0.000104877 0.000507677 0.00106988 0.00118886
28 19 21 -4.04992e-06 0.000428757 0.000940056 0.00103323
29 19 21 -8.81689e-05 0.000698891 0.00144555 0.00160805
30 19 21 -0.00353729 0.000446455 0.00161255 0.00391307
31 19 21 -0.00258853 0.00017824 0.00099174 0.00277773
32 19 21 -0.00215874 -1.98011e-05 0.00120062 0.00247023
33 19 21 -0.00229159 -0.000147436 0.00182217 0.00293145
34 19 21 -0.00804317 -0.000358202 0.000741738 0.00808524
35 19 21 0.000830172 -0.000965591 -0.00679265 0.00691098
36 19 21 0.00402944 0.000616212 0.00410111 0.00578231
37 19 21 -0.00203434 -0.000654921 0.0023568 0.00318151
38 19 21 0.00461059 0.000227958 -0.000536548 0.0046473
39 19 21 0 -0.000311096 0.000656588 0.00072656
1 19 22 -0.000382396 -0.000103558 2.4245e-05 0.000396911
2 19 22 0.00517302 -6.79715e-05 -0.000246519 0.00517934
3 19 22 -0.0149374 -0.000136845 -0.000359581 0.0149424
4 19 22 0.017377 -9.37729e-05 0.0010506 0.017409
5 19 22 0.0143925 0.000536929 0.00333388 0.0147833
6 19 22 -0.00384015 0.000327563 0.00200592 0.00434485
7 19 22 0.00293917 0.000144145 -0.00191801 0.00351258
8 19 22 0.00470793 0.000151204 -0.00205208 0.00513795
9 19 22 0.00663575 0.000318405 -0.00198819 0.00693451
10 19 22 0.000118883 0.000660278 -0.00263355 0.00271766
11 19 22 0.000354037 0.000544112 0.000750845 0.000992557
12 19 22 0.000838152 0.000337128 0.000400907 0.000988373
13 19 22 0.00085967 0.00104002 0.000268746 0.00137583
14 19 22 0.000729539 0.000387562 1.57667e-05 0.000826244
15 19 22 0.000375226 -0.000318707 -0.000579412 0.00076032
16 19 22 4.77898e-06 -0.00124212 -0.00172946 0.0021293
17 19 22 0.000125683 -0.00176784 -0.00230402 0.00290681
18 19 22 0.000408642 -0.00101129 -0.00213894 0.00240099
19 19 22 0.000173406 -0.0010411 -0.00210796 0.00235742
20 19 22 -0.000398579 -0.00206943 -0.00218595 0.00303641
21 19 22 -0.000414668 -0.00100667 -0.00257088 0.0027919
22 19 22 -0.000106904 -0.000632935 -0.00285443 0.00292571
23 19 22 -0.000169832 -0.00119636 -0.00277001 0.0030221
24 19 22 -0.000539583 -0.000663477 -0.00163406 0.00184432
25 19 22 -0.000830719 6.84204e-06 -0.00027774 0.000875946
26 19 22 -0.000797093 0.000405881 0.000547433 0.0010487
27 19 22 -0.000745356 0.00122807 0.000712284 0.00160345
28 19 22 -0.000356528 0.000641937 0.000723227 0.00103066
29 19 22 -0.00012084 0.000975228 0.00123295 0.00157665
30 19 22 -0.00459923 0.00113333 -0.00100303 0.00484184
31 19 22 -0.00306941 0.000457782 -0.000247822 0.00311324
32 19 22 -0.00240305 0.000116542 0.000301563 0.0024247
33 19 22 -0.00119228 -0.000120278 0.00110675 0.00163122
34 19 22 -0.00969934 -0.00049305 8.54643e-05 0.00971224
35 19 22 0.00241654 -0.00145806 -0.00657881 0.00715866
36 19 22 0.00153976 0.00144274 0.00416364 0.00466779
37 19 22 -0.00234963 -0.000896625 0.00223344 0.00336347
38 19 22 0.00552682 0.000408605 -0.000489197 0.00556345
39 19 22 0 -0.000415175 0.000647571 0.000769232
1 19 23 -0.000507219 -0.000134826 7.55994e-06 0.000524887
2 19 23 0.00509591 -6.59184e-05 -0.000216411 0.00510093
3 19 23 -0.0138813 -0.000129493 -0.000332761 0.0138859
4 19 23 0.0200493 -0.000197934 0.00113625 0.0200824
5 19 23 0.0138698 0.000672984 0.0035437 0.0143312
6 19 23 -0.00782397 0.000206252 0.000626274 0.00785171
7 19 23 0.00311271 -2.21609e-05 -0.00268778 0.00411262
8 19 23 0.00515466 7.53891e-05 -0.00290765 0.00591867
9 19 23 0.00629946 0.000671756 -0.00294599 0.00698665
10 19 23 0.00398447 0.00368973 -0.00264324 0.0060396
11 19 23 0.000637904 2.59133e-05 0.000534005 0.000832319
12 19 23 0.00100089 0.000467958 0.000437108 0.0011882
13 19 23 0.000908198 0.00116814 0.00017749 0.00149026
14 19 23 0.000655195 0.00149747 -0.000116009 0.00163864
15 19 23 0.000512983 0.000836882 -0.00069836 0.00120467
16 19 23 -0.00010147 6.29527e-05 -0.00101397 0.00102098
17 19 23 -0.000152877 -0.00195933 -0.00139696 0.00241119
18 19 23 0.000344705 -0.00296015 -0.0019167 0.00354332
19 19 23 0.000253016 -0.00196695 -0.00229991 0.00303686
20 19 23 -0.000165276 -0.00119004 -0.00241268 0.00269528
21 19 23 -0.00041253 -0.00146686 -0.00288597 0.00326353
22 19 23 -0.000119076 -0.00254786 -0.00258976 0.00363492
23 19 23 -0.000322499 -0.00176809 -0.00160469 0.0024094
24 19 23 -0.000802714 0.000489693 -0.000970532 0.00135133
25 19 23 -0.00071224 0.00114862 -0.000703573 0.00152369
26 19 23 -0.000797117 0.00172307 0.000134095 0.00190325
27 19 23 -0.000977193 0.00172902 0.000414042 0.00202875
28 19 23 -0.000684118 0.000941809 0.000622109 0.00131986
29 19 23 -0.00273516 0.000468479 0.000754259 0.00287567
30 19 23 -0.0041934 0.00295483 -0.00121686 0.00527222
31 19 23 -0.0031573 0.000658907 -0.0011745 0.00343251
32 19 23 -0.00240832 8.02993e-05 -0.000638707 0.00249287
33 19 23 1.77108e-05 -0.000336458 0.000187128 0.000385402
34 19 23 -0.0105977 -0.000806509 -0.000823146 0.0106602
35 19 23 0.00381527 -0.00203657 -0.00614158 0.00751152
36 19 23 -0.000932987 0.00212298 0.00421918 0.00481446
37 19 23 -0.00256882 -0.00115276 0.0020749 0.00349755
38 19 23 0.00638239 0.000578546 -0.00042563 0.00642268
39 19 23 0 -0.000517104 0.000635575 0.00081936
1 19 24 -0.000568492 -0.000154793 -1.17116e-05 0.000589306
2 19 24 0.00499248 -3.21322e-05 -0.000179044 0.00499579
3 19 24 -0.0127863 -4.73873e-05 -0.000312948 0.0127902
4 19 24 0.0228604 -0.000157076 0.00117827 0.0228913
5 19 24 0.0118036 0.00100144 0.00377519 0.012433
6 19 24 -0.0111984 0.000169273 -0.000803322 0.0112285
7 19 24 0.00315317 -0.000244267 -0.00339655 0.00464098
8 19 24 0.00546891 -0.000201664 -0.00369936 0.00660567
9 19 24 0.00690029 0.000116355 -0.0037911 0.007874
10 19 24 0.00762503 0.000687725 -0.00296533 0.00821019
11 19 24 0.000773513 0.00027275 0.00190758 0.00207644
12 19 24 0.00102707 0.000660128 0.000496258 0.00131792
13 19 24 0.00120214 0.000790828 9.13907e-05 0.00144184
14 19 24 0.0011332 0.00175563 -0.000463217 0.00214031
15 19 24 0.00112018 0.00168755 -0.00109705 0.00230351
16 19 24 0.00049169 0.00205095 -0.000909101 0.00229666
17 19 24 0.000125711 0.000443945 -0.00108533 0.00117933
18 19 24 0.000391974 -0.00158126 -0.00193955 0.00253296
19 19 24 0.00049081 -0.000969887 -0.00228665 0.00253187
20 19 24 0.000229118 5.38082e-05 -0.00220992 0.00222242
21 19 24 -0.000131461 -0.000379424 -0.00244079 0.0024736
22 19 24 -0.000113464 -0.00115897 -0.00217086 0.00246348
23 19 24 -0.000363278 0.000627301 -0.00115392 0.00136272
24 19 24 -0.000899177 0.00247285 -0.000890426 0.00277783
25 19 24 -0.000661826 0.00180957 -0.00127631 0.00231117
26 19 24 -0.000786065 0.00193873 -0.000171413 0.00209904
27 19 24 -0.00090196 0.00128042 0.000438282 0.00162637
28 19 24 -0.000758856 0.00117361 0.000731409 0.0015774
29 19 24 -0.00517118 0.000819465 0.00208455 0.00563542
30 19 24 -0.0045239 0.000851917 -0.00161165 0.00487738
31 19 24 -0.00324536 0.000250928 -0.00205612 0.00385006
32 19 24 -0.00236184 -0.000179184 -0.00150757 0.00280769
33 19 24 0.00120303 -0.000546343 -0.000692634 0.00149182
34 19 24 -0.010368 -0.000955422 -0.00178889 0.0105645
35 19 24 0.00486725 -0.00239202 -0.00551517 0.00773492
36 19 24 -0.00335717 0.00280004 0.00424035 0.00609027
37 19 24 -0.0026667 -0.00135309 0.00187212 0.00352803
38 19 24 0.00716361 0.000753448 -0.000353749 0.0072118
39 19 24 0 -0.000613478 0.00061691 0.000870019
1 19 25 -0.000554161 -0.000184004 -3.20568e-05 0.00058479
2 19 25 0.00485282 -3.21377e-05 -0.000134229 0.00485478
3 19 25 -0.0117009 -3.89954e-05 -0.000303657 0.0117049
4 19 25 0.0257926 -0.000197536 0.00116129 0.0258195
5 19 25 0.00804021 0.00131909 0.00382447 0.00900064
6 19 25 -0.0138379 0.000151007 -0.00226769 0.0140233
7 19 25 0.00313186 -0.000402312 -0.00415171 0.00521604
8 19 25 0.00578771 -0.000419444 -0.00459062 0.00739914
9 19 25 0.00809651 -0.000168876 -0.00521066 0.0096298
10 19 25 0.0130315 0.000190643 -0.00619904 0.0144321
11 19 25 0.000439054 0.00020695 -0.00973324 0.00974533
12 19 25 0.00090898 0.000245601 0.000602332 0.00111775
13 19 25 0.00124979 0.000716126 0.000101643 0.001444
14 19 25 0.00144606 0.00190505 -0.00060764 0.0024677
15 19 25 0.00141619 0.00201743 -0.000964198 0.00264675
16 19 25 0.000994536 0.00249827 -0.00102344 0.00287714
17 19 25 0.000597975 0.00215918 -0.00113212 0.00251024
18 19 25 0.000628162 0.000890269 -0.00187125 0.00216535
19 19 25 0.00062235 0.000911077 -0.00226404 0.00251858
20 19 25 0.0002393 0.00169844 -0.00194369 0.00259227
21 19 25 -0.000144055 0.00145362 -0.00202044 0.00249318
22 19 25 -0.000314106 0.00123356 -0.00177521 0.00218442
23 19 25 -0.000667666 0.00232435 -0.00109045 0.00265282
24 19 25 -0.00119176 0.00274243 -0.000945943 0.00313625
25 19 25 -0.00120998 0.00210529 -0.00115349 0.00268828
26 19 25 -0.00104876 0.00219247 -0.000353183 0.00245592
27 19 25 -0.000847745 0.00116181 0.000457153 0.00150913
28 19 25 -0.000395317 0.0007584 0.000779596 0.00115724
29 19 25 -0.00937042 0.00100316 -0.00702416 0.0117537
30 19 25 -0.00539503 0.000546529 -0.00440308 0.00698514
31 19 25 -0.00337146 7.56449e-05 -0.00346414 0.00483453
32 19 25 -0.00233381 -0.000317196 -0.00255286 0.00347339
33 19 25 0.00225549 -0.00064006 -0.00157521 0.00282457
34 19 25 -0.00872894 -0.000954751 -0.0028022 0.00921728
35 19 25 0.00543341 -0.00264691 -0.00484262 0.00774462
36 19 25 -0.00570022 0.00330835 0.0042023 0.00781646
37 19 25 -0.00262881 -0.00157648 0.00163614 0.00347461
38 19 25 0.00785631 0.000901164 -0.000272199 0.00791251
39 19 25 0 -0.00071228 0.000592905 0.000926757
1 19 26 -0.000451428 -0.000201073 -5.4782e-05 0.000497211
2 19 26 0.00468391 -7.30622e-06 -8.47355e-05 0.00468468
3 19 26 -0.0105972 -1.4435e-05 -0.000279732 0.0106009
4 19 26 0.0287746 -0.000288058 0.0011931 0.0288008
5 19 26 0.00268594 0.00147054 0.00370015 0.0048029
6 19 26 -0.0158283 -0.000138497 -0.00360696 0.0162346
7 19 26 0.00291581 -0.000807907 -0.00485092 0.00571717
8 19 26 0.0055675 -0.000858589 -0.00537232 0.00778435
9 19 26 0.00747629 -0.00061035 -0.00619954 0.00973148
10 19 26 0.0098805 -0.000264851 -0.00732026 0.0122996
11 19 26 0.0110762 0.000225661 -0.00902437 0.0142889
12 19 26 0.000808971 0.00100944 -0.0101909 0.0102727
13 19 26 0.000727604 0.000786101 0.000620263 0.00123778
14 19 26 0.00114375 0.0014462 -0.000305241 0.00186891
15 19 26 0.001563 0.0014391 -0.000743455 0.00225093
16 19 26 0.00120037 0.00194104 -0.000762083 0.00240609
17 19 26 0.000789652 0.00270958 -0.00101342 0.00299873
18 19 26 0.000572549 0.00220854 -0.00173076 0.00286373
19 19 26 0.000523841 0.00179995 -0.00221984 0.0029055
20 19 26 8.03321e-05 0.00208221 -0.00181375 0.00276256
21 19 26 -0.000111901 0.0020881 -0.00182172 0.00277333
22 19 26 -0.00028319 0.00231339 -0.0016525 0.00285705
23 19 26 -0.00057644 0.00276315 -0.00100295 0.00299553
24 19 26 -0.00101936 0.00220989 -0.000718338 0.00253746
25 19 26 -0.000926258 0.00181903 -0.000807767 0.0021953
26 19 26 -0.000690182 0.00197532 -6.58212e-05 0.00209346
27 19 26 -0.000910454 0.00147512 0.00101673 0.00200964
28 19 26 -0.00840124 0.00178939 -0.00784154 0.0116307
29 19 26 -0.00707645 0.000817403 -0.00705985 0.0100292
30 19 26 -0.00489144 0.000180889 -0.0056841 0.00750119
31 19 26 -0.00315224 -0.000229365 -0.00456272 0.00555046
32 19 26 -0.00208044 -0.000611574 -0.00346342 0.00408626
33 19 26 0.00319482 -0.000882644 -0.00239009 0.00408638
34 19 26 -0.00555222 -0.00104134 -0.00372551 0.0067669
35 19 26 0.00535921 -0.002904 -0.0041251 0.00736008
36 19 26 -0.00793916 0.00365987 0.00416446 0.00968337
37 19 26 -0.00244539 -0.00176 0.00139145 0.00331868
38 19 26 0.0084504 0.00105242 -0.000184056 0.00851767
39 19 26 0 -0.000799605 0.000562913 0.000977875
1 19 27 -0.000265321 -0.000223156 -7.82718e-05 0.000355415
2 19 27 0.0044549 1.52244e-05 -4.82497e-05 0.00445519
3 19 27 -0.00946527 6.14178e-05 -0.000285805 0.00946978
4 19 27 0.0316205 -0.000224639 0.00126929 0.0316468
5 19 27 -0.00392001 0.00176848 0.00337735 0.00546814
6 19 27 -0.0172204 -0.000362745 -0.00466099 0.0178437
7 19 27 0.00252168 -0.00118423 -0.00538055 0.00605901
8 19 27 0.00504772 -0.00133856 -0.00595675 0.00792175
9 19 27 0.00666267 -0.0011705 -0.00683356 0.00961555
10 19 27 0.00847138 -0.000898975 -0.00793026 0.0116388
11 19 27 0.0101851 -0.000492853 -0.00928828 0.0137932
12 19 27 0.0119842 8.80585e-05 -0.0106765 0.0160505
13 19 27 0.000495472 0.000457941 -0.0119734 0.0119924
14 19 27 0.000830916 0.000633087 0.000333842 0.00109666
15 19 27 0.00132891 0.000817795 -0.000263756 0.00158252
16 19 27 0.00134071 0.00128812 -0.000246003 0.00187544
17 19 27 0.00100508 0.00245457 -0.000535982 0.00270599
18 19 27 0.000807804 0.00263366 -0.00131945 0.00305445
19 19 27 0.000466612 0.00243318 -0.00186753 0.00310255
20 19 27 8.69161e-05 0.00242205 -0.00163046 0.00292101
21 19 27 -0.000228664 0.00257539 -0.00152018 0.00299931
22 19 27 -0.00044577 0.00274057 -0.00137436 0.00309811
23 19 27 -0.000838999 0.00264592 -0.000592994 0.00283839
24 19 27 -0.00092025 0.00164992 -0.000290216 0.00191137
25 19 27 -0.000667483 0.00114935 -0.000239124 0.00135046
26 19 27 -0.000308213 0.00124806 0.000465433 0.00136721
27 19 27 -0.0101255 0.00100875 -0.0104142 0.0145601
28 19 27 -0.00785182 0.000743248 -0.00909714 0.01204
29 19 27 -0.00597536 0.000135128 -0.00784626 0.00986341
30 19 27 -0.00419174 -0.000331252 -0.00657873 0.0078077
31 19 27 -0.00267205 -0.000632527 -0.00537491 0.0060357
32 19 27 -0.00159833 -0.000931089 -0.00418364 0.00457432
33 19 27 0.00404644 -0.00105985 -0.00304761 0.00517541
34 19 27 -0.000886335 -0.000970654 -0.00440216 0.00459421
35 19 27 0.0045196 -0.00292186 -0.00339485 0.0063631
36 19 27 -0.0100146 0.00398352 0.00411456 0.0115364
37 19 27 -0.00209263 -0.00188276 0.00111948 0.00302938
38 19 27 0.00894288 0.00118642 -9.90072e-05 0.00902178
39 19 27 0 -0.000887308 0.000528999 0.00103303
1 19 28 1.36404e-05 -0.000244249 -8.96764e-05 0.000260548
2 19 28 0.00416487 -1.14927e-06 3.09652e-07 0.00416487
3 19 28 -0.00826474 2.71497e-05 -0.000299954 0.00827023
4 19 28 0.034033 -0.000262251 0.00139703 0.0340627
5 19 28 -0.0113456 0.00194591 0.00280016 0.011847
6 19 28 -0.0181436 -0.000695871 -0.00540542 0.0189445
7 19 28 0.00197189 -0.00162491 -0.00575048 0.00629259
8 19 28 0.00433925 -0.0018712 -0.00636621 0.00792838
9 19 28 0.00577027 -0.00181645 -0.0072229 0.00942156
10 19 28 0.00732124 -0.00163218 -0.0082565 0.011155
11 19 28 0.00896824 -0.00132405 -0.00950894 0.0131378
12 19 28 0.0108141 -0.000758381 -0.0109489 0.0154077
13 19 28 0.0128865 5.05714e-05 -0.0125951 0.0180194
14 19 28 0.000606315 0.00150305 -0.0143112 0.0144027
15 19 28 0.00137053 0.000820001 -0.000280117 0.00162148
16 19 28 0.00113533 0.00103583 0.000311788 0.00156816
17 19 28 0.000854565 0.00180162 -0.000231884 0.00200746
18 19 28 0.000760988 0.00219717 -0.000923988 0.00250208
19 19 28 0.000378114 0.00250985 -0.00117929 0.00279876
20 19 28 -9.27776e-05 0.00251939 -0.00106102 0.00273527
21 19 28 -0.000357786 0.00254133 -0.000975542 0.00274555
22 19 28 -0.000574031 0.0022274 -0.0010178 0.0025153
23 19 28 -0.000991171 0.00191861 -0.000278219 0.00217736
24 19 28 -0.00129607 0.00136988 0.000232379 0.0019001
25 19 28 -0.000701937 0.00113377 -0.000168034 0.00134402
26 19 28 -0.0112447 0.00179854 -0.0131138 0.0173681
27 19 28 -0.00886743 0.000623054 -0.0115081 0.0145415
28 19 28 -0.00673804 -7.72229e-05 -0.00994535 0.0120132
29 19 28 -0.00492547 -0.00060764 -0.00853068 0.00986924
30 19 28 -0.00333128 -0.000924694 -0.00723678 0.00802019
31 19 28 -0.00194794 -0.00110218 -0.0059999 0.00640376
32 19 28 -0.000910206 -0.00126008 -0.00476032 0.00500769
33 19 28 0.00489134 -0.00121433 -0.00356528 0.00617342
34 19 28 0.00510785 -0.000875103 -0.0048027 0.00706554
35 19 28 0.00282626 -0.00286439 -0.00273477 0.00486533
36 19 28 -0.0118752 0.00411673 0.00404797 0.0132043
37 19 28 -0.00157756 -0.00203454 0.000840934 0.00270836
38 19 28 0.00931948 0.00128425 -4.39901e-06 0.00940755
39 19 28 0 -0.000967574 0.000497555 0.00108801
1 19 29 0.00038515 -0.000238652 -0.000105073 0.000465119
2 19 29 0.00384205 4.15418e-05 4.54654e-05 0.00384254
3 19 29 -0.00685295 4.31748e-05 -0.000306357 0.00685993
4 19 29 0.0357926 -0.000254533 0.00162978 0.0358306
5 19 29 -0.0189843 0.00207328 0.00202263 0.019204
6 19 29 -0.0187117 -0.00107328 -0.00581151 0.0196228
7 19 29 0.00134923 -0.00209385 -0.00597574 0.00647411
8 19 29 0.00355372 -0.00240338 -0.00660479 0.00787581
9 19 29 0.00486016 -0.00247133 -0.00740696 0.00919737
10 19 29 0.00624272 -0.00238644 -0.00833921 0.0106869
11 19 29 0.00769515 -0.0021984 -0.00948316 0.0124088
12 19 29 0.00929807 -0.00178197 -0.0108685 0.0144136
13 19 29 0.0112454 -0.00106618 -0.0126469 0.016957
14 19 29 0.014517 0.000179109 -0.0152292 0.0210405
15 19 29 0.00277802 0.00169466 -0.020467 0.0207241
16 19 29 0.000684264 0.000298958 -0.0162074 0.0162246
17 19 29 0.000781158 0.000857325 -0.00907805 0.00915184
18 19 29 0.000660215 0.00103493 -0.000350371 0.00127661
19 19 29 0.000313701 0.0013301 -0.000398637 0.00142355
20 19 29 7.90393e-05 0.00143167 -0.00050488 0.00152014
21 19 29 -8.86562e-05 0.00134494 -0.000395801 0.00140478
22 19 29 -0.000419259 0.00113178 -0.000330475 0.00125137
23 19 29 -0.000488005 0.000972334 -0.00914411 0.0092086
24 19 29 -0.00254213 0.000675724 -0.016023 0.0162374
25 19 29 -0.0132225 0.00222884 -0.019803 0.0239157
26 19 29 -0.00959642 0.000721062 -0.0146765 0.0175502
27 19 29 -0.00734699 -0.000380011 -0.012139 0.0141943
28 19 29 -0.00549119 -0.00101002 -0.0104023 0.011806
29 19 29 -0.00385707 -0.00137242 -0.00896904 0.00985922
30 19 29 -0.00237136 -0.00153343 -0.00770989 0.00821079
31 19 29 -0.00106209 -0.00158341 -0.00648941 0.0067637
32 19 29 -8.85251e-05 -0.0015795 -0.00519768 0.0054331
33 19 29 0.00585206 -0.00137703 -0.00394184 0.00718894
34 19 29 0.01215 -0.000806623 -0.00493726 0.0131396
35 19 29 0.000159034 -0.00271064 -0.00216546 0.00347305
36 19 29 -0.0135089 0.00414087 0.00400646 0.0146864
37 19 29 -0.000921327 -0.00212678 0.000577747 0.00238868
38 19 29 0.00957602 0.00138908 9.16927e-05 0.00967668
39 19 29 0 -0.00103122 0.000459942 0.00112914
1 19 30 0.00081039 -0.000251783 -0.000122018 0.00085733
2 19 30 0.00343089 6.3985e-05 6.99096e-05 0.00343219
3 19 30 -0.00518499 5.10367e-05 -0.000331271 0.00519582
4 19 30 0.0366049 -0.000215271 0.00196712 0.0366584
5 19 30 -0.0262811 0.00213518 0.00112756 0.0263918
6 19 30 -0.019134 -0.00146661 -0.00588694 0.0200728
7 19 30 0.000700306 -0.00260478 -0.00611423 0.00668275
8 19 30 0.00276002 -0.00297835 -0.00670266 0.0078367
9 19 30 0.00397858 -0.00319757 -0.00741204 0.00899955
10 19 30 0.00523902 -0.00324888 -0.00818986 0.0102507
11 19 30 0.00649147 -0.00318463 -0.00914282 0.0116564
12 19 30 0.00771303 -0.00295714 -0.010299 0.0132025
13 19 30 0.00882889 -0.00253056 -0.0117549 0.0149175
14 19 30 0.00940738 -0.00176193 -0.0135552 0.0165936
15 19 30 0.00722897 -0.000762407 -0.0156411 0.0172477
16 19 30 0.00782091 0.000559331 -0.0159665 0.0177879
17 19 30 0.00931026 0.00953767 -0.017023 0.0216202
18 19 30 0.00189862 0.00143434 -0.0207414 0.0208774
19 19 30 0.00116308 0.000272557 -0.0203031 0.0203382
20 19 30 -0.000710599 6.48481e-06 -0.0207231 0.0207353
21 19 30 -0.0014702 0.000161649 -0.0206033 0.0206563
22 19 30 -0.00906749 0.00157033 -0.0212583 0.0231647
23 19 30 -0.0073556 0.00985126 -0.0174593 0.0213537
24 19 30 -0.00646288 0.00102124 -0.0162962 0.0175607
25 19 30 -0.00812809 -0.000181228 -0.0158272 0.0177932
26 19 30 -0.0071755 -0.00105334 -0.0136778 0.0154816
27 19 30 -0.00576128 -0.00169139 -0.0118386 0.0132742
28 19 30 -0.00428413 -0.00203954 -0.0103775 0.0114108
29 19 30 -0.00280123 -0.00219055 -0.00914727 0.00981417
30 19 30 -0.00133945 -0.00220078 -0.00805951 0.00846128
31 19 30 -3.21419e-05 -0.00210237 -0.0069115 0.00722425
32 19 30 0.000866446 -0.00191098 -0.00551905 0.00590445
33 19 30 0.00709019 -0.00157142 -0.00411034 0.00834476
34 19 30 0.0199511 -0.000773446 -0.00486151 0.0205494
35 19 30 -0.00354403 -0.00241262 -0.00169716 0.00461098
36 19 30 -0.014844 0.00409425 0.00399999 0.0159094
37 19 30 -0.000103476 -0.00217348 0.000320115 0.00219936
38 19 30 0.00973117 0.00146408 0.000177804 0.0098423
39 19 30 0 -0.0011017 0.000418607 0.00117855
1 19 31 0.00129142 -0.000265049 -0.000129589 0.00132469
2 19 31 0.00294208 7.2489e-05 8.23314e-05 0.00294412
3 19 31 -0.00317466 2.7971e-05 -0.000384126 0.00319794
4 19 31 0.0362446 -0.000177135 0.00238291 0.0363233
5 19 31 -0.0327304 0.00208574 0.000213947 0.0327975
6 19 31 -0.0196163 -0.00184454 -0.00567042 0.0205025
7 19 31 0.000128086 -0.0031188 -0.00618451 0.00692759
8 19 31 0.00207409 -0.00353163 -0.00668529 0.00784011
9 19 31 0.00322972 -0.00389138 -0.00725468 0.00884332
10 19 31 0.00438931 -0.00412987 -0.00783224 0.0098826
11 19 31 0.005499 -0.0042329 -0.00853059 0.0109967
12 19 31 0.00648688 -0.00419748 -0.00935572 0.0121337
13 19 31 0.00725036 -0.00404847 -0.0103694 0.0132847
14 19 31 0.00752952 -0.0036717 -0.0114889 0.0142186
15 19 31 0.00702152 -0.00316651 -0.0126544 0.0148142
16 19 31 0.00678089 -0.00249666 -0.0135101 0.0153211
17 19 31 0.00564366 -0.000884387 -0.014415 0.0155056
18 19 31 0.00268109 -0.00169427 -0.0154311 0.0157536
19 19 31 0.000946239 -0.00201432 -0.0158012 0.0159571
20 19 31 -0.00083133 -0.00206278 -0.0160828 0.0162359
21 19 31 -0.00251454 -0.00192651 -0.0161728 0.0164801
22 19 31 -0.00535087 -0.00142277 -0.016169 0.0170907
23 19 31 -0.00619321 -0.000433903 -0.0153082 0.0165193
24 19 31 -0.00607143 -0.00186255 -0.0144357 0.0157709
25 19 31 -0.00617384 -0.00239751 -0.0135419 0.0150747
26 19 31 -0.00554569 -0.00277031 -0.0122658 0.0137433
27 19 31 -0.0044967 -0.00303378 -0.0110454 0.0123055
28 19 31 -0.00325598 -0.00311487 -0.00999018 0.0109594
29 19 31 -0.00185474 -0.00306811 -0.00913121 0.00980981
30 19 31 -0.000333001 -0.00291028 -0.00838705 0.00888388
31 19 31 0.00112045 -0.00262115 -0.00742062 0.0079493
32 19 31 0.00201086 -0.00224573 -0.00581317 0.00654827
33 19 31 0.0085585 -0.00181231 -0.00385386 0.00955952
34 19 31 0.0282149 -0.000801795 -0.00463773 0.0286048
35 19 31 -0.00830847 -0.00197867 -0.00136914 0.00864987
36 19 31 -0.0158169 0.00395067 0.00400323 0.0167871
37 19 31 0.00085199 -0.00220799 6.14638e-05 0.00236746
38 19 31 0.00977878 0.0015022 0.000254907 0.00989678
39 19 31 0 -0.0011668 0.000378733 0.00122673
1 19 32 0.00181499 -0.000265889 -0.000138916 0.00183962
2 19 32 0.00239848 9.39472e-05 7.79643e-05 0.00240159
3 19 32 -0.000723198 3.85797e-06 -0.000449338 0.000851431
4 19 32 0.0345592 -0.000116339 0.00291073 0.0346817
5 19 32 -0.0380376 0.00192879 -0.00105661 0.0381011
6 19 32 -0.0203991 -0.00214411 -0.00497446 0.0211061
7 19 32 -0.000347604 -0.00360156 -0.00322552 0.00484727
8 19 32 0.00156046 -0.00406049 -0.00306249 0.00531991
9 19 32 0.00271339 -0.00450679 -0.00301511 0.00606338
10 19 32 0.00378587 -0.00493305 -0.00311928 0.00695685
11 19 32 0.00478819 -0.00526498 -0.00342379 0.00789741
12 19 32 0.00566776 -0.00546886 -0.00385157 0.00876736
13 19 32 0.00633058 -0.00559595 -0.00444939 0.00954924
14 19 32 0.00658731 -0.00554333 -0.00511543 0.0100144
15 19 32 0.00631591 -0.00535388 -0.00583354 0.0101284
16 19 32 0.00591312 -0.00503725 -0.0064475 0.010095
17 19 32 0.00470279 -0.00447477 -0.00718856 0.00968583
18 19 32 0.00240706 -0.0046574 -0.00801847 0.00958025
19 19 32 0.000660466 -0.0047021 -0.00828583 0.00954992
20 19 32 -0.000963883 -0.00464951 -0.00847216 0.00971208
21 19 32 -0.00257214 -0.00447701 -0.00876522 0.0101729
22 19 32 -0.0045452 -0.00421198 -0.00903065 0.0109523
23 19 32 -0.00534857 -0.00384293 -0.00861839 0.0108467
24 19 32 -0.00533025 -0.00417401 -0.00810343 0.0105593
25 19 32 -0.00514587 -0.00433948 -0.00753638 0.0101049
26 19 32 -0.00453259 -0.00439635 -0.00675604 0.00924751
27 19 32 -0.00364258 -0.00434191 -0.00598708 0.00824413
28 19 32 -0.00259079 -0.00415008 -0.00538244 0.00727365
29 19 32 -0.00127643 -0.0038687 -0.00517379 0.00658515
30 19 32 0.000441042 -0.00349253 -0.00539888 0.00644516
31 19 32 0.00247758 -0.00301628 -0.00566367 0.00687848
32 19 32 0.00375116 -0.00253447 -0.00476467 0.00657243
33 19 32 0.00995884 -0.00206317 -0.00217971 0.0104013
34 19 32 0.0367643 -0.000886787 -0.0038992 0.0369811
35 19 32 -0.0140626 -0.00141286 -0.00157714 0.0142211
36 19 32 -0.0163591 0.00370582 0.00398369 0.0172402
37 19 32 0.00190544 -0.00222199 -0.000161514 0.00293155
38 19 32 0.00972396 0.00151747 0.000322964 0.00984695
39 19 32 0 -0.00121952 0.000328851 0.00126308
1 19 33 0.00233901 -0.000264368 -0.000158947 0.00235926
2 19 33 0.00180105 0.000117915 8.92415e-05 0.00180711
3 19 33 0.00230253 -3.17541e-05 -8.73437e-05 0.0023044
4 19 33 0.0310291 -7.86852e-05 0.00461665 0.0313708
5 19 33 -0.0414088 0.00155197 -0.00766283 0.0421405
6 19 33 -0.0189547 -0.00246547 0.00200199 0.0192189
7 19 33 -0.000217663 -0.00416997 0.0117659 0.0124849
8 19 33 0.00160538 -0.00477994 0.0125744 0.0135477
9 19 33 0.00265631 -0.00529521 0.0131269 0.0144018
10 19 33 0.00357892 -0.00582201 0.0139024 0.0154914
11 19 33 0.00444262 -0.00632146 0.0149458 0.0168248
12 19 33 0.00520126 -0.0067282 0.0161859 0.018284
13 19 33 0.00576643 -0.00708707 0.0173339 0.0195944
14 19 33 0.00600908 -0.00732348 0.018267 0.0205773
15 19 33 0.00583355 -0.00742842 0.0187583 0.0210021
16 19 33 0.0052005 -0.00743522 0.0187166 0.0208
17 19 33 0.00396644 -0.00736419 0.0182898 0.0201117
18 19 33 0.00224502 -0.00729013 0.0175569 0.0191424
19 19 33 0.000455102 -0.00719657 0.0167617 0.018247
20 19 33 -0.00126328 -0.00705434 0.016024 0.0175536
21 19 33 -0.00282531 -0.00683909 0.0151839 0.016891
22 19 33 -0.0041159 -0.00662545 0.0142338 0.0162308
23 19 33 -0.00478792 -0.00642949 0.0132272 0.0154668
24 19 33 -0.00483007 -0.00625094 0.0120451 0.0144044
25 19 33 -0.00445772 -0.00607322 0.0107713 0.0131444
26 19 33 -0.00383477 -0.0058174 0.00955908 0.0118289
27 19 33 -0.00316351 -0.00546873 0.00881616 0.0108462
28 19 33 -0.00250214 -0.00505113 0.0089686 0.0105929
29 19 33 -0.00160833 -0.00459075 0.0100909 0.0112022
30 19 33 7.82254e-05 -0.0040795 0.0118266 0.0125107
31 19 33 0.00328592 -0.00353768 0.0129073 0.0137808
32 19 33 0.00627009 -0.00301562 0.0112974 0.013268
33 19 33 0.0103887 -0.00244817 0.00733576 0.0129512
34 19 33 0.0445682 -0.00111032 0.00351831 0.0447207
35 19 33 -0.020237 -0.000797655 -0.00881589 0.0220883
36 19 33 -0.0164534 0.00335795 0.0039916 0.0172605
37 19 33 0.00300827 -0.00218724 3.08608e-05 0.00371949
38 19 33 0.00958847 0.0015135 0.00036111 0.00971389
39 19 33 0 -0.00126387 0.000130799 0.00127062
1 19 34 0.00288268 -0.000267036 -0.000184642 0.00290091
2 19 34 0.00156489 0.000136531 0.000189233 0.0015822
3 19 34 0.00672129 -3.11848e-05 0.00141847 0.00686941
4 19 34 0.0191938 9.08511e-05 0.00683998 0.0203764
5 19 34 -0.0311467 0.00116356 0.00904315 0.0324538
6 19 34 -0.00890597 -0.00196784 0.0558374 0.0565774
7 19 34 0.000704183 -0.00354652 0.0734289 0.0735179
8 19 34 0.00223076 -0.00429828 0.0767605 0.0769131
9 19 34 0.00353102 -0.00492664 0.0776353 0.0778716
10 19 34 0.00479744 -0.00553011 0.0765592 0.0769084
11 19 34 0.00587406 -0.00613518 0.0736984 0.0741862
12 19 34 0.00661958 -0.00669136 0.0694751 0.0701098
13 19 34 0.00694581 -0.00722896 0.0643115 0.0650881
14 19 34 0.0068046 -0.00771412 0.0588749 0.0597667
15 19 34 0.00617937 -0.00810479 0.0537075 0.054666
16 19 34 0.00512813 -0.00839664 0.0493109 0.0502829
17 19 34 0.00373743 -0.0085882 0.0462643 0.0472029
18 19 34 0.00208611 -0.00866108 0.0447462 0.0456245
19 19 34 0.000289631 -0.00862205 0.0448987 0.04572
20 19 34 -0.00148918 -0.00847178 0.0469012 0.0476835
21 19 34 -0.00307378 -0.00821258 0.0505127 0.0512681
22 19 34 -0.00429494 -0.00789959 0.0553485 0.0560741
23 19 34 -0.00500878 -0.00751146 0.0608589 0.0615249
24 19 34 -0.00513279 -0.0070464 0.0663873 0.0669572
25 19 34 -0.00459526 -0.00656407 0.0712795 0.0717285
26 19 34 -0.00342945 -0.00602746 0.0747147 0.0750359
27 19 34 -0.00182879 -0.00547356 0.0761042 0.0763227
28 19 34 -5.69385e-05 -0.00493859 0.0750468 0.0752092
29 19 34 0.00155245 -0.00440571 0.0713777 0.0715304
30 19 34 0.00267819 -0.00386684 0.0654102 0.0655791
31 19 34 0.0032392 -0.0033377 0.0576302 0.0578176
32 19 34 0.00386182 -0.00280507 0.0486057 0.0488395
33 19 34 0.00978635 -0.00217783 0.0382175 0.0395107
34 19 34 0.0378616 -0.000972662 0.0206993 0.0431614
35 19 34 -0.0193387 -6.52019e-05 -0.0160288 0.0251179
36 19 34 -0.0160813 0.00279556 0.00240768 0.0164991
37 19 34 0.00377907 -0.00197334 0.00120355 0.0044299
38 19 34 0.00927175 0.00142844 0.00030786 0.00938619
39 19 34 0 -0.00129323 -0.000455115 0.00137097
1 19 35 0.00354595 -0.000286905 -9.29693e-05 0.00355875
2 19 35 0.00274296 9.47658e-05 0.000513288 0.00279218
3 19 35 0.0119637 -3.87423e-05 0.00242054 0.0122062
4 19 35 0.0218507 0.000504476 -0.00291335 0.0220498
5 19 35 0.0162222 0.00350124 -0.0234832 0.0287555
6 19 35 0.00910401 0.0062408 -0.0426202 0.0440263
7 19 35 0.00439555 0.00728882 -0.0545603 0.0552203
8 19 35 0.00342623 0.00753408 -0.0612725 0.061829
9 19 35 0.00275906 0.00775381 -0.0667333 0.0672388
10 19 35 0.00227694 0.0079793 -0.0712825 0.0717638
11 19 35 0.00199882 0.00816892 -0.0751293 0.0755986
12 19 35 0.00191404 0.00833638 -0.0784074 0.0788725
13 19 35 0.00199293 0.00845409 -0.0813655 0.0818278
14 19 35 0.00221192 0.00849999 -0.0840851 0.0845426
15 19 35 0.00251386 0.00848974 -0.0866983 0.0871493
16 19 35 0.00284413 0.00843037 -0.0893165 0.0897586
17 19 35 0.00316575 0.00831848 -0.0918192 0.0922496
18 19 35 0.00340613 0.00816482 -0.0942209 0.0946353
19 19 35 0.00350424 0.00797139 -0.0964454 0.0968377
20 19 35 0.0034377 0.00776673 -0.0982299 0.0985964
21 19 35 0.00317756 0.00757007 -0.0994809 0.0998191
22 19 35 0.00270894 0.00735651 -0.100056 0.100362
23 19 35 0.0020263 0.00714963 -0.0998161 0.100092
24 19 35 0.00113469 0.00694654 -0.0986334 0.0988842
25 19 35 0.000103356 0.00671649 -0.0963509 0.0965847
26 19 35 -0.00100557 0.00648261 -0.092942 0.0931732
27 19 35 -0.00212693 0.00620564 -0.0883117 0.088555
28 19 35 -0.00317438 0.0058805 -0.0824604 0.0827307
29 19 35 -0.00411416 0.00553851 -0.0754595 0.0757743
30 19 35 -0.00493528 0.0051667 -0.0672977 0.067676
31 19 35 -0.00562558 0.00475861 -0.0580493 0.058515
32 19 35 -0.00619562 0.00433718 -0.0476854 0.0482814
33 19 35 -0.00644792 0.00387954 -0.0361162 0.0368918
34 19 35 0.00352287 0.00282379 -0.0229389 0.023379
35 19 35 -0.0109341 0.00123829 -0.0185706 0.021586
36 19 35 -0.0136617 0.00175728 -0.00262613 0.0140223
37 19 35 0.00331072 -0.00142339 0.00229488 0.0042724
38 19 35 0.00849121 0.00114063 8.79558e-05 0.00856793
39 19 35 0 -0.00126043 -0.00153432 0.00198566
1 19 36 0.00443994 -0.000355878 -0.000157935 0.00445698
2 19 36 0.00463478 -2.65183e-05 0.000804498 0.00470415
3 19 36 0.00661542 -0.000175707 0.00249299 0.00707175
4 19 36 0.00164686 -0.000736413 0.00254194 0.00311704
5 19 36 -0.00260137 -0.00165262 0.00591861 0.00667295
6 19 36 -0.00270757 -0.00209574 0.0118057 0.0122922
7 19 36 -0.0023093 -0.00176195 0.0165834 0.0168359
8 19 36 -0.00218436 -0.0012139 0.0204059 0.0205583
9 19 36 -0.00212195 -0.000670334 0.0238627 0.0239663
10 19 36 -0.0021005 -0.000122014 0.0269852 0.0270671
11 19 36 -0.00210019 0.000402698 0.0297589 0.0298357
12 19 36 -0.00210066 0.000899544 0.0322426 0.0323235
13 19 36 -0.00210305 0.00136239 0.0343951 0.0344863
14 19 36 -0.00208252 0.00175953 0.0362632 0.0363655
15 19 36 -0.00203311 0.00208017 0.0378402 0.0379519
16 19 36 -0.00195652 0.00232366 0.0390685 0.0391864
17 19 36 -0.00181971 0.00248751 0.0400143 0.0401328
18 19 36 -0.00162452 0.00256633 0.0406339 0.0407472
19 19 36 -0.00138439 0.00255094 0.0409022 0.0410051
20 19 36 -0.00109506 0.00247031 0.0409024 0.0409915
21 19 36 -0.000778792 0.00234062 0.0405907 0.0406656
22 19 36 -0.000448856 0.0021514 0.0399564 0.0400168
23 19 36 -0.000117571 0.00192393 0.0389904 0.039038
24 19 36 0.00020015 0.00166878 0.0376815 0.037719
25 19 36 0.000512974 0.00139364 0.0360592 0.0360897
26 19 36 0.000800358 0.00112302 0.0341006 0.0341285
27 19 36 0.00105628 0.000849012 0.0318465 0.0318754
28 19 36 0.00128939 0.000591756 0.0292883 0.0293226
29 19 36 0.00148775 0.000363099 0.0263967 0.0264411
30 19 36 0.0016692 0.000137437 0.0231853 0.0232457
31 19 36 0.00185131 -8.04003e-05 0.0195906 0.0196781
32 19 36 0.0020615 -0.000281274 0.0156079 0.015746
33 19 36 0.00288646 -0.000483221 0.011198 0.0115741
34 19 36 0.00381097 -0.000549085 0.00568662 0.00686751
35 19 36 -0.00080009 -0.000215895 -0.000699165 0.00108424
36 19 36 -0.00694097 0.000385864 -0.00197756 0.0072275
37 19 36 0.00165548 -0.000690023 0.00117399 0.00214359
38 19 36 0.00694662 0.000643747 -0.00059407 0.00700163
39 19 36 0 -0.00111444 -0.00293433 0.00313884
1 19 37 0.00568953 -0.000494241 -0.000312496 0.0057195
2 19 37 0.00629255 -0.000193024 -0.000804921 0.00634676
3 19 37 0.00636846 -2.80869e-05 -0.00363072 0.00733077
4 19 37 0.00460344 0.000218691 -0.00834552 0.00953348
5 19 37 0.00284814 0.000369002 -0.0122605 0.0125923
6 19 37 0.00170773 0.000313018 -0.0146738 0.0147761
7 19 37 0.0012872 0.000175221 -0.0159755 0.0160282
8 19 37 0.00117662 4.58466e-05 -0.0168753 0.0169163
9 19 37 0.00106897 -6.80476e-05 -0.0176565 0.017689
10 19 37 0.000941308 -0.000153757 -0.0183206 0.0183454
11 19 37 0.000792211 -0.000218842 -0.0188811 0.0188989
12 19 37 0.000636895 -0.000270887 -0.0193044 0.0193168
13 19 37 0.000470701 -0.000298472 -0.0196181 0.019626
14 19 37 0.000310199 -0.000308127 -0.0198054 0.0198102
15 19 37 0.000159178 -0.000308791 -0.0198715 0.0198745
16 19 37 4.18373e-06 -0.000301611 -0.0198636 0.0198658
17 19 37 -0.000138035 -0.000279963 -0.0197627 0.0197652
18 19 37 -0.000269889 -0.000248512 -0.0196046 0.019608
19 19 37 -0.000397784 -0.000218188 -0.0194134 0.0194187
20 19 37 -0.000512197 -0.000173582 -0.0191449 0.0191525
21 19 37 -0.000626422 -0.000118123 -0.0188277 0.0188385
22 19 37 -0.00074139 -6.84295e-05 -0.0184742 0.0184892
23 19 37 -0.000855541 -2.25331e-05 -0.0180933 0.0181136
24 19 37 -0.00097291 1.74603e-05 -0.0176901 0.0177169
25 19 37 -0.00108665 5.12188e-05 -0.0172383 0.0172726
26 19 37 -0.00120758 7.9141e-05 -0.0167369 0.0167806
27 19 37 -0.00132857 9.62214e-05 -0.0161552 0.01621
28 19 37 -0.00143923 0.000111431 -0.0154898 0.0155569
29 19 37 -0.0015428 0.0001201 -0.0147437 0.0148247
30 19 37 -0.00162378 0.000115667 -0.0139 0.013995
31 19 37 -0.00168518 0.000117491 -0.0129795 0.013089
32 19 37 -0.0017425 0.000129666 -0.011967 0.0120939
33 19 37 -0.00188048 0.000139731 -0.010863 0.0110255
34 19 37 -0.00202169 0.000148598 -0.00956055 0.0097731
35 19 37 -0.00214882 0.000147068 -0.00794197 0.00822885
36 19 37 -0.00285562 0.000103457 -0.00593791 0.00658969
37 19 37 0.000530372 -0.000195477 -0.00299077 0.00304372
38 19 37 0.00483632 0.00014891 -0.00241763 0.00540898
39 19 37 0 -0.000870293 -0.00416296 0.00425295
1 19 38 0.00558229 -0.000680514 -0.000480139 0.00564407
2 19 38 0.00374587 -0.000429626 -0.000589979 0.0038163
3 19 38 0.00189024 -0.000251895 -0.00101587 0.00216066
4 19 38 0.000986718 -8.31562e-05 -0.00150336 0.00180018
5 19 38 0.000765262 5.72118e-05 -0.00241759 0.00253647
6 19 38 0.000704449 0.000153565 -0.00384364 0.00391068
7 19 38 0.000649059 0.00021588 -0.00550173 0.00554409
8 19 38 0.000595104 0.000263461 -0.0071662 0.00719569
9 19 38 0.000551652 0.000294395 -0.00874538 0.00876771
10 19 38 0.000512601 0.000313628 -0.0102247 0.0102424
11 19 38 0.00046939 0.000324901 -0.0116089 0.0116229
12 19 38 0.000427311 0.000320156 -0.0128793 0.0128903
13 19 38 0.000377944 0.000304323 -0.0140409 0.0140493
14 19 38 0.000327291 0.000280971 -0.0150788 0.015085
15 19 38 0.000277606 0.000247774 -0.0159804 0.0159847
16 19 38 0.000219239 0.000204399 -0.0167514 0.0167541
17 19 38 0.000160752 0.000158661 -0.0173713 0.0173727
18 19 38 9.86178e-05 0.000110432 -0.0178438 0.0178445
19 19 38 3.12467e-05 5.89119e-05 -0.0181715 0.0181716
20 19 38 -2.96563e-05 1.82405e-05 -0.0183277 0.0183277
21 19 38 -8.84307e-05 -1.37411e-05 -0.0183227 0.0183229
22 19 38 -0.000141664 -4.35345e-05 -0.0181681 0.0181687
23 19 38 -0.000186575 -6.79016e-05 -0.0178784 0.0178795
24 19 38 -0.000226266 -8.64281e-05 -0.0174696 0.0174712
25 19 38 -0.000257159 -9.80744e-05 -0.0169456 0.0169479
26 19 38 -0.00028502 -0.000104366 -0.016324 0.0163268
27 19 38 -0.000306667 -0.000104919 -0.0156116 0.0156149
28 19 38 -0.000320997 -9.70893e-05 -0.0148237 0.0148275
29 19 38 -0.000334264 -8.43637e-05 -0.0139747 0.013979
30 19 38 -0.000343098 -6.35704e-05 -0.0130684 0.0130731
31 19 38 -0.000356784 -2.77307e-05 -0.0121191 0.0121244
32 19 38 -0.000378637 1.62192e-05 -0.0111241 0.0111305
33 19 38 -0.000349426 6.43662e-05 -0.0100937 0.0100999
34 19 38 -0.000186033 0.000123564 -0.00902732 0.00903008
35 19 38 0.00013127 0.000167955 -0.00786568 0.00786857
36 19 38 0.0005243 0.000140017 -0.00652253 0.00654507
37 19 38 0.001636 1.21027e-05 -0.00491023 0.00517562
38 19 38 0.00344852 -7.85757e-05 -0.0037756 0.00511406
39 19 38 0 -0.00059122 -0.0041773 0.00421893
1 19 39 0.00596712 -0.00087998 0 0.00603166
2 19 39 0.00391903 -0.000688623 0 0.00397907
3 19 39 0.00206921 -0.000549411 0 0.00214091
4 19 39 0.000762557 -0.000448836 0 0.000884843
5 19 39 2.17471e-05 -0.00037312 0 0.000373753
6 19 39 -0.000298087 -0.000318075 0 0.000435921
7 19 39 -0.000381205 -0.000275214 0 0.00047017
8 19 39 -0.000388031 -0.000228986 0 0.000450558
9 19 39 -0.000381634 -0.000182106 0 0.000422856
10 19 39 -0.000366053 -0.0001363 0 0.000390605
11 19 39 -0.000346037 -8.64428e-05 0 0.000356671
12 19 39 -0.000318194 -3.7417e-05 0 0.000320387
13 19 39 -0.000288308 9.16446e-06 0 0.000288454
14 19 39 -0.000254599 5.44621e-05 0 0.000260359
15 19 39 -0.000216618 9.69135e-05 0 0.000237309
16 19 39 -0.000179574 0.000135528 0 0.000224977
17 19 39 -0.000138918 0.00017306 0 0.000221919
18 19 39 -9.97312e-05 0.000206696 0 0.000229499
19 19 39 -6.40457e-05 0.000236271 0 0.000244797
20 19 39 -2.49583e-05 0.000269411 0 0.000270565
21 19 39 1.39589e-05 0.000302106 0 0.000302428
22 19 39 5.36422e-05 0.000329681 0 0.000334016
23 19 39 9.41476e-05 0.000353164 0 0.000365498
24 19 39 0.000132502 0.000372216 0 0.000395097
25 19 39 0.00017097 0.000387 0 0.000423084
26 19 39 0.000206555 0.000395907 0 0.00044655
27 19 39 0.000240027 0.000399376 0 0.000465955
28 19 39 0.000271514 0.00039767 0 0.00048152
29 19 39 0.000298354 0.000390421 0 0.000491369
30 19 39 0.000323313 0.000381004 0 0.000499695
31 19 39 0.000342945 0.000369747 0 0.000504306
32 19 39 0.000359593 0.000353464 0 0.000504226
33 19 39 0.000453772 0.000335759 0 0.000564485
34 19 39 0.000765398 0.000318828 0 0.000829147
35 19 39 0.00137328 0.000285366 0 0.00140262
36 19 39 0.00220394 0.000217572 0 0.00221465
37 19 39 0.0030437 0.000104029 0 0.00304548
38 19 39 0.0033492 -6.75636e-05 0 0.00334988
39 19 39 0 -0.000353919 0 0.000353919
