0 26 1 0 0 0 0
1 26 1 -0.00028473 -5.78408e-06 0.000187956 0.000341221
2 26 1 4.91431e-06 -1.81073e-05 0.000922663 0.000922853
3 26 1 9.70397e-05 -7.42068e-05 0.00103539 0.00104257
4 26 1 0.000112675 -0.000152918 0.000655458 0.000682426
5 26 1 0.000317763 -0.000211759 5.47186e-05 0.000385758
6 26 1 0.000360094 -0.000241484 -0.000695765 0.000819799
7 26 1 0.000379032 -0.000269973 -0.00129082 0.00137214
8 26 1 0.000380182 -0.00029814 -0.00179398 0.0018579
9 26 1 0.000395768 -0.000317729 -0.00228544 0.00234111
10 26 1 0.00040423 -0.000341015 -0.00273317 0.00278386
11 26 1 0.000403564 -0.00035833 -0.00312614 0.00317238
12 26 1 0.000406226 -0.000360942 -0.00349945 0.00354139
13 26 1 0.00040893 -0.000360258 -0.00385729 0.0038956
14 26 1 0.00040867 -0.000361619 -0.00419484 0.00423018
15 26 1 0.000404169 -0.000357427 -0.00451017 0.00454232
16 26 1 0.000400712 -0.000345478 -0.0048259 0.00485482
17 26 1 0.000395254 -0.000331348 -0.00513966 0.00516547
18 26 1 0.000385592 -0.00031005 -0.00545453 0.00547693
19 26 1 0.000379097 -0.000283839 -0.00579821 0.00581751
20 26 1 0.000367479 -0.000255171 -0.00615566 0.00617189
21 26 1 0.000357471 -0.000222335 -0.00654544 0.00655896
22 26 1 0.000351589 -0.000187386 -0.00697218 0.00698355
23 26 1 0.000340302 -0.000147143 -0.00742132 0.00743057
24 26 1 0.000333111 -0.000106327 -0.00790215 0.00790988
25 26 1 0.000328865 -5.99297e-05 -0.00841879 0.00842542
26 26 1 0.000323656 -8.6164e-06 -0.00896645 0.00897229
27 26 1 0.000320232 4.12133e-05 -0.00953475 0.00954021
28 26 1 0.000318439 8.90977e-05 -0.0101314 0.0101368
29 26 1 0.000316817 0.000138577 -0.0107635 0.0107691
30 26 1 0.000321997 0.000192832 -0.0114304 0.0114366
31 26 1 0.000337148 0.000242116 -0.0121126 0.0121197
32 26 1 0.00034648 0.000287666 -0.0128047 0.0128126
33 26 1 0.000413882 0.000334005 -0.0135318 0.0135423
34 26 1 0.000740444 0.000369116 -0.0141903 0.0142144
35 26 1 0.00110786 0.00037317 -0.0147204 0.0147668
36 26 1 0.00139078 0.000352899 -0.0150248 0.0150931
37 26 1 0.00158617 0.000339045 -0.0144755 0.0145661
38 26 1 0.00140127 0.000347935 -0.0148242 0.0148943
39 26 1 0 0.000435672 -0.0172003 0.0172058
0 26 2 0 0 0 0
1 26 2 0.000457077 -2.1769e-05 5.83403e-05 0.000461299
2 26 2 0.000463416 -1.42825e-06 0.000105518 0.000475279
3 26 2 0.000349638 9.73933e-05 -0.000166355 0.000399257
4 26 2 0.000355286 0.00027393 -0.00033702 0.000561113
5 26 2 0.000529528 0.000410884 0.00133791 0.0014964
6 26 2 0.000713846 0.000410758 0.00118205 0.00144067
7 26 2 0.000804999 0.000317759 -0.00140606 0.00165106
8 26 2 0.000863785 0.000210904 -0.00474071 0.00482338
9 26 2 0.000924935 0.00011432 -0.00819053 0.00824338
10 26 2 0.000958806 4.26779e-06 -0.0115963 0.0116358
11 26 2 0.000980895 -9.3271e-05 -0.0149347 0.0149672
12 26 2 0.00100328 -0.000176816 -0.0182022 0.0182307
13 26 2 0.00100662 -0.00026577 -0.0213073 0.0213328
14 26 2 0.000996864 -0.000353418 -0.0241994 0.0242225
15 26 2 0.000978987 -0.000429037 -0.026817 0.0268383
16 26 2 0.000952692 -0.00049417 -0.0291347 0.0291544
17 26 2 0.000914058 -0.000558178 -0.0310924 0.0311108
18 26 2 0.000862494 -0.000609947 -0.0326537 0.0326708
19 26 2 0.000811227 -0.000656525 -0.0338336 0.0338497
20 26 2 0.000751782 -0.000701374 -0.0345539 0.0345692
21 26 2 0.000693652 -0.00074092 -0.0348291 0.0348439
22 26 2 0.000640819 -0.000780353 -0.0346457 0.0346604
23 26 2 0.000585029 -0.000811331 -0.0339641 0.0339788
24 26 2 0.000540481 -0.000842272 -0.0328184 0.0328336
25 26 2 0.000501085 -0.00086387 -0.0312085 0.0312245
26 26 2 0.000460222 -0.000880142 -0.0291431 0.02916
27 26 2 0.000426959 -0.000883823 -0.0266592 0.0266772
28 26 2 0.000406348 -0.000879276 -0.0238074 0.0238271
29 26 2 0.000386482 -0.00087311 -0.0206273 0.0206493
30 26 2 0.000372198 -0.000843553 -0.0171954 0.0172201
31 26 2 0.000383839 -0.000808095 -0.0135517 0.0135812
32 26 2 0.00040214 -0.000769968 -0.00970368 0.00974248
33 26 2 0.000529465 -0.00071147 -0.00586577 0.00593243
34 26 2 0.000926312 -0.000631266 -0.00355232 0.00372498
35 26 2 0.00147307 -0.000539257 -0.00534246 0.005568
36 26 2 0.00250684 -0.000422894 -0.00899159 0.00934408
37 26 2 0.00186765 -0.000242185 -0.00661442 0.0068773
38 26 2 -0.000244881 -0.000239806 -0.00723672 0.00724483
39 26 2 0 0.000157987 -0.00997827 0.00997952
0 26 3 0 0 0 0
1 26 3 0.00042127 -7.17734e-05 9.46459e-06 0.000427446
2 26 3 0.000229225 -8.85478e-05 0.000153679 0.000289831
3 26 3 0.000259298 -0.000330005 0.000321773 0.000528844
4 26 3 0.00203046 -0.00103869 -0.010255 0.0105056
5 26 3 0.000279579 -0.00173484 -0.0297975 0.0298492
6 26 3 -0.00212472 -0.00198194 -0.0343404 0.0344631
7 26 3 -0.00284655 -0.00179772 -0.0271019 0.0273102
8 26 3 -0.00287788 -0.00144947 -0.0168897 0.0171943
9 26 3 -0.00285293 -0.00107457 -0.00698493 0.00762123
10 26 3 -0.00280751 -0.000712541 0.00249381 0.00382216
11 26 3 -0.00270459 -0.000328368 0.0113312 0.0116541
12 26 3 -0.00255401 4.21039e-05 0.0194131 0.0195804
13 26 3 -0.00238227 0.000390502 0.0267234 0.0268322
14 26 3 -0.00215933 0.000733675 0.0331446 0.0332229
15 26 3 -0.0018932 0.00103864 0.0387074 0.0387676
16 26 3 -0.00160434 0.00129342 0.0433971 0.043446
17 26 3 -0.00129063 0.00149761 0.0472082 0.0472496
18 26 3 -0.00095122 0.00165863 0.0501401 0.0501766
19 26 3 -0.000576388 0.00176014 0.0521276 0.0521605
20 26 3 -0.000186647 0.00180493 0.053241 0.0532719
21 26 3 0.000216853 0.00179893 0.0533782 0.053409
22 26 3 0.000628017 0.00173827 0.0524748 0.0525074
23 26 3 0.00103032 0.00163522 0.0504959 0.0505328
24 26 3 0.00143542 0.0014847 0.0472851 0.0473301
25 26 3 0.00182753 0.00130974 0.0428036 0.0428627
26 26 3 0.00218463 0.00108332 0.0370203 0.0371006
27 26 3 0.00250549 0.000849363 0.0298614 0.0299783
28 26 3 0.00280252 0.000615896 0.0213229 0.0215151
29 26 3 0.00304996 0.000341048 0.0115348 0.0119361
30 26 3 0.00322491 6.42766e-05 0.000570077 0.00327554
31 26 3 0.00336515 -0.000226036 -0.0114613 0.0119472
32 26 3 0.00338324 -0.00054989 -0.024292 0.0245327
33 26 3 0.00195957 -0.000886575 -0.0373671 0.037429
34 26 3 -0.00183061 -0.0011298 -0.0432971 0.0433505
35 26 3 -0.00300695 -0.00113685 -0.0316715 0.0318342
36 26 3 0.00395089 -0.000965086 -0.0162526 0.0167537
37 26 3 0.000983541 -0.000304455 -0.0020846 0.002325
38 26 3 -0.00265956 -0.000695657 -0.00276783 0.00390104
39 26 3 0 0.000171484 -0.00504579 0.00504871
0 26 4 0 0 0 0
1 26 4 0.000457255 -9.49584e-05 -6.29875e-05 0.00047124
2 26 4 0.00046042 -8.6217e-05 2.16533e-05 0.000468923
3 26 4 -0.00991795 -7.54375e-05 0.00237201 0.0101979
4 26 4 -0.0170448 0.000143899 0.00253543 0.017233
5 26 4 -0.00380343 0.0017019 -0.0176162 0.0181023
6 26 4 0.00548688 0.00257366 -0.0196325 0.0205467
7 26 4 0.00775375 0.00245029 -0.0473167 0.0480103
8 26 4 0.00749323 0.00199867 -0.075062 0.0754616
9 26 4 0.00703174 0.00157711 -0.101488 0.101743
10 26 4 0.00647028 0.00120493 -0.125863 0.126035
11 26 4 0.00585412 0.000920486 -0.147705 0.147823
12 26 4 0.00517801 0.00063803 -0.166525 0.166607
13 26 4 0.00447372 0.000367787 -0.182088 0.182143
14 26 4 0.00380421 9.55686e-05 -0.194533 0.194571
15 26 4 0.0031404 -0.000255238 -0.20392 0.203945
16 26 4 0.00247953 -0.00064622 -0.210663 0.210679
17 26 4 0.00185885 -0.0010509 -0.21527 0.215281
18 26 4 0.00126256 -0.00147199 -0.218112 0.21812
19 26 4 0.000668157 -0.00190063 -0.219576 0.219586
20 26 4 2.87464e-05 -0.00228781 -0.219744 0.219755
21 26 4 -0.000683597 -0.00260749 -0.218725 0.218741
22 26 4 -0.00149319 -0.00283993 -0.216368 0.216391
23 26 4 -0.00242381 -0.00297284 -0.212287 0.212321
24 26 4 -0.00345403 -0.00301308 -0.206146 0.206197
25 26 4 -0.00455607 -0.00290868 -0.197361 0.197435
26 26 4 -0.00569829 -0.00275421 -0.185339 0.185447
27 26 4 -0.00684793 -0.00252447 -0.169698 0.169855
28 26 4 -0.0079249 -0.00220069 -0.150226 0.150451
29 26 4 -0.00886793 -0.00185801 -0.126802 0.127125
30 26 4 -0.00967095 -0.0014626 -0.0997072 0.100186
31 26 4 -0.0102823 -0.000999525 -0.0695831 0.0703458
32 26 4 -0.0102764 -0.000478284 -0.0370354 0.0384377
33 26 4 -0.00413674 3.55185e-05 -0.00407064 0.00580379
34 26 4 0.0101804 0.0001715 0.0145997 0.0177995
35 26 4 0.0139329 -0.000449425 0.00431914 0.0145939
36 26 4 0.0170964 -0.00157198 -0.00504997 0.0178959
37 26 4 2.01227e-06 0.00016268 0.000995607 0.00100881
38 26 4 -0.00477821 -0.00110524 -0.000699486 0.00495401
39 26 4 0 0.000269746 -0.00187204 0.00189137
0 26 5 0 0 0 0
1 26 5 0.00045452 -9.74225e-05 -0.000191011 0.000502558
2 26 5 0.00280454 -9.9085e-05 -0.000135718 0.00280957
3 26 5 -0.00944797 3.28104e-05 0.00119896 0.00952379
4 26 5 -0.0369641 -0.000257808 0.00601302 0.0374509
5 26 5 -0.00561966 -0.00152751 -0.00926815 0.0109459
6 26 5 -0.0220686 -0.00742323 0.122964 0.125149
7 26 5 -0.0198366 -0.00897591 0.202011 0.203181
8 26 5 -0.0186924 -0.00846168 0.238533 0.239414
9 26 5 -0.0171455 -0.0083631 0.270003 0.270676
10 26 5 -0.0150908 -0.00866884 0.297016 0.297525
11 26 5 -0.012673 -0.00925609 0.318801 0.319187
12 26 5 -0.0101109 -0.0100952 0.335305 0.335609
13 26 5 -0.00758116 -0.0110001 0.346796 0.347053
14 26 5 -0.00526186 -0.0118922 0.353801 0.35404
15 26 5 -0.00333119 -0.0127235 0.357415 0.357657
16 26 5 -0.00180101 -0.0133348 0.358419 0.358671
17 26 5 -0.000614693 -0.0137093 0.357674 0.357937
18 26 5 0.00025491 -0.0138513 0.3562 0.356469
19 26 5 0.00091981 -0.0137108 0.35455 0.354816
20 26 5 0.00152835 -0.0132549 0.353211 0.353463
21 26 5 0.00224114 -0.0125337 0.352163 0.352393
22 26 5 0.00321918 -0.0115762 0.351146 0.351351
23 26 5 0.00459105 -0.0104678 0.34969 0.349876
24 26 5 0.00644908 -0.00935269 0.3468 0.346986
25 26 5 0.00884176 -0.00821624 0.341444 0.341657
26 26 5 0.011765 -0.00723307 0.332489 0.332776
27 26 5 0.0150594 -0.00645455 0.318713 0.319134
28 26 5 0.0184753 -0.00586009 0.298958 0.299586
29 26 5 0.0217218 -0.00548692 0.272436 0.273356
30 26 5 0.0244249 -0.00530285 0.238778 0.240083
31 26 5 0.0262916 -0.00529477 0.198221 0.200027
32 26 5 0.0263812 -0.00548071 0.152285 0.154651
33 26 5 0.0173633 -0.00576799 0.103103 0.104713
34 26 5 0.000714751 -0.00443696 0.0256588 0.0260494
35 26 5 0.0104913 -0.00146855 0.00449146 0.0115064
36 26 5 0.0217948 -0.00288515 -0.00252291 0.0221292
37 26 5 -0.0017345 0.000680345 0.000884459 0.00206243
38 26 5 -0.00596535 -0.00140075 2.91825e-05 0.00612767
39 26 5 0 0.000349309 -5.44505e-05 0.000353528
0 26 6 0 0 0 0
1 26 6 0.00046602 -7.90158e-05 -0.000117679 0.000487101
2 26 6 0.00409389 -0.000115371 -0.00020761 0.00410078
3 26 6 -0.00438196 5.96151e-05 0.000160812 0.00438532
4 26 6 -0.0520042 -0.00069072 0.00281877 0.0520851
5 26 6 0.126916 -0.00176785 -0.0125691 0.127549
6 26 6 0.0570466 0.00749817 0.00431345 0.0576987
7 26 6 0.0166826 0.020497 0.0253574 0.0366255
8 26 6 0.0128196 0.0236632 0.0242835 0.0362488
9 26 6 0.00984918 0.0266244 0.0250932 0.0378885
10 26 6 0.00674741 0.0295485 0.0268901 0.0405181
11 26 6 0.00384644 0.032171 0.0289955 0.0434799
12 26 6 0.00138154 0.0342954 0.0312478 0.0464166
13 26 6 -0.000489694 0.0360313 0.0334244 0.0491496
14 26 6 -0.00174896 0.0374057 0.0353057 0.0514659
15 26 6 -0.00241253 0.0385124 0.0370106 0.0534679
16 26 6 -0.00247233 0.039482 0.0382254 0.0550102
17 26 6 -0.00203935 0.0402457 0.0389408 0.056038
18 26 6 -0.00129507 0.0408345 0.0393947 0.0567546
19 26 6 -0.000363854 0.0412923 0.0394 0.0570749
20 26 6 0.000599497 0.0415543 0.0391561 0.0570992
21 26 6 0.00139829 0.0415062 0.0386593 0.0567386
22 26 6 0.00185709 0.0411718 0.0378158 0.0559339
23 26 6 0.00182103 0.0405411 0.036637 0.0546733
24 26 6 0.00111606 0.0394508 0.0349491 0.0527167
25 26 6 -0.000431066 0.0379569 0.0327451 0.0501314
26 26 6 -0.0028893 0.0359602 0.0299748 0.0469038
27 26 6 -0.00632524 0.033409 0.0266767 0.0432182
28 26 6 -0.0107686 0.0302964 0.0230456 0.0395593
29 26 6 -0.015973 0.0266391 0.01947 0.0366587
30 26 6 -0.0213129 0.0225428 0.0166162 0.0351926
31 26 6 -0.0256378 0.018225 0.0152703 0.0349661
32 26 6 -0.0285661 0.0141103 0.0159315 0.0356221
33 26 6 -0.0638959 0.00985052 0.0101113 0.0654367
34 26 6 -0.0310887 -0.00140925 -0.0137407 0.0340191
35 26 6 0.0100413 -0.000861113 0.00774357 0.0127095
36 26 6 0.0231974 -0.00343991 -0.00177507 0.0235182
37 26 6 -0.00232923 0.000924809 0.000532251 0.002562
38 26 6 -0.00623646 -0.00152444 0.000157697 0.00642201
39 26 6 0 0.000389974 0.000779211 0.000871349
0 26 7 0 0 0 0
1 26 7 0.000395979 -4.70188e-05 -6.94524e-05 0.000404764
2 26 7 0.00440088 -0.000125605 -0.000227891 0.00440857
3 26 7 -0.00154597 5.09811e-05 -0.000114848 0.00155107
4 26 7 -0.0672282 -0.000860865 0.000794498 0.0672384
5 26 7 0.144086 -0.00136045 -0.00242404 0.144112
6 26 7 0.0781559 0.00826365 -0.00516072 0.0787608
7 26 7 0.015677 0.0333803 -0.00968714 0.0381295
8 26 7 0.0137829 0.0419126 -0.00773909 0.0447943
9 26 7 0.0117207 0.048011 -0.00792479 0.0500523
10 26 7 0.00895599 0.052454 -0.00870787 0.0539208
11 26 7 0.00610497 0.0556155 -0.00974847 0.0567925
12 26 7 0.00352007 0.0578243 -0.0107639 0.0589229
13 26 7 0.00139255 0.059475 -0.0118035 0.0606509
14 26 7 -0.00021198 0.0606969 -0.0129766 0.062069
15 26 7 -0.00122193 0.061661 -0.014114 0.0632675
16 26 7 -0.00165141 0.0624669 -0.0154035 0.0643592
17 26 7 -0.00163955 0.0630721 -0.0166614 0.0652563
18 26 7 -0.00126128 0.0636176 -0.0176377 0.0660294
19 26 7 -0.000577 0.0640842 -0.0185037 0.0667046
20 26 7 0.000179741 0.0643169 -0.0188435 0.0670207
21 26 7 0.000708906 0.064207 -0.018589 0.0668475
22 26 7 0.00077515 0.0638196 -0.0179096 0.0662894
23 26 7 0.000292249 0.0632716 -0.0169282 0.0654976
24 26 7 -0.000825661 0.062413 -0.0158538 0.0644004
25 26 7 -0.00274309 0.0612316 -0.0146309 0.0630151
26 26 7 -0.0054868 0.0596094 -0.0134041 0.0613437
27 26 7 -0.00892116 0.0573956 -0.0122551 0.0593635
28 26 7 -0.0128174 0.0542986 -0.0110299 0.0568708
29 26 7 -0.0166479 0.0499476 -0.00971061 0.0535371
30 26 7 -0.0195998 0.0438575 -0.00847042 0.0487789
31 26 7 -0.0211873 0.0355732 -0.00795241 0.0421615
32 26 7 -0.0297862 0.0253172 -0.00891321 0.0400951
33 26 7 -0.0805825 0.0133877 -0.00588482 0.0818987
34 26 7 -0.0205635 -0.00246083 -0.00901653 0.0225878
35 26 7 0.00733583 -0.00110585 0.0091948 0.0118145
36 26 7 0.02335 -0.00335508 -0.00134066 0.0236279
37 26 7 -0.00220668 0.000933594 0.000521986 0.00245224
38 26 7 -0.00597913 -0.00152412 7.6161e-05 0.0061708
39 26 7 0 0.000411064 0.00103226 0.0011111
0 26 8 0 0 0 0
1 26 8 0.000284445 -3.02774e-05 -5.58938e-05 0.000291462
2 26 8 0.00437599 -0.00016264 -0.000208596 0.00438398
3 26 8 -0.000564552 -6.80707e-06 -7.3242e-05 0.000569324
4 26 8 -0.0703737 -0.000921399 7.04171e-05 0.0703798
5 26 8 0.14162 -0.00094415 -6.66031e-05 0.141623
6 26 8 0.0737791 0.00725009 -0.00741592 0.0745045
7 26 8 0.017765 0.0306842 -0.0163863 0.0390592
8 26 8 0.0137333 0.038921 -0.0178004 0.0449477
9 26 8 0.0109537 0.0449171 -0.019292 0.050097
10 26 8 0.00796169 0.0493149 -0.0208406 0.0541265
11 26 8 0.00505113 0.0524239 -0.0224556 0.0572541
12 26 8 0.00243176 0.054582 -0.023999 0.0596746
13 26 8 0.00025182 0.0562103 -0.0256185 0.0617735
14 26 8 -0.00139844 0.0574678 -0.0274597 0.0637067
15 26 8 -0.00240843 0.0585599 -0.0293706 0.0655568
16 26 8 -0.00280812 0.0595424 -0.0314133 0.0673794
17 26 8 -0.00268924 0.0603757 -0.0333417 0.0690226
18 26 8 -0.0020113 0.0611675 -0.0350549 0.0705291
19 26 8 -0.000844522 0.0617429 -0.0365448 0.0717525
20 26 8 0.00040703 0.0619496 -0.0369946 0.0721562
21 26 8 0.00140278 0.0617902 -0.0364488 0.0717531
22 26 8 0.00174981 0.0612242 -0.0350119 0.0705499
23 26 8 0.00137646 0.0604489 -0.0331475 0.0689545
24 26 8 0.000310357 0.0594312 -0.031252 0.067148
25 26 8 -0.00154836 0.058158 -0.0291335 0.0650655
26 26 8 -0.00423585 0.0565361 -0.0269633 0.0627798
27 26 8 -0.00759817 0.0544421 -0.0249621 0.060372
28 26 8 -0.0114297 0.0515136 -0.0229097 0.0575252
29 26 8 -0.0153903 0.047331 -0.0207009 0.0539038
30 26 8 -0.0190319 0.0414257 -0.0182915 0.049121
31 26 8 -0.0221212 0.0334356 -0.0157735 0.0430824
32 26 8 -0.0263381 0.0238157 -0.0130612 0.0378349
33 26 8 -0.0784679 0.0126008 -0.0101476 0.0801184
34 26 8 -0.0137409 -0.00245182 -0.00846294 0.0163232
35 26 8 0.00373288 -0.00136851 0.00943617 0.0102396
36 26 8 0.0231138 -0.00315994 -0.00110761 0.0233551
37 26 8 -0.00189412 0.000844583 0.000636478 0.00216935
38 26 8 -0.0055283 -0.00149008 -2.86435e-05 0.00572567
39 26 8 0 0.000407475 0.00109254 0.00116605
0 26 9 0 0 0 0
1 26 9 0.000177505 -9.61845e-07 -3.99589e-05 0.000181949
2 26 9 0.00433863 -0.0001454 -0.000197015 0.00434554
3 26 9 -0.000300654 1.33116e-05 -7.16074e-05 0.000309351
4 26 9 -0.0703395 -0.000788696 -0.000569587 0.0703462
5 26 9 0.134747 -0.000723372 0.00191835 0.134763
6 26 9 0.065121 0.00686991 -0.0097862 0.0662096
7 26 9 0.0164825 0.024718 -0.0190285 0.0352808
8 26 9 0.012301 0.0314649 -0.0217834 0.040198
9 26 9 0.00942038 0.0365396 -0.0241581 0.0448052
10 26 9 0.00643488 0.0403872 -0.0263058 0.0486264
11 26 9 0.00350705 0.0431717 -0.0283324 0.0517573
12 26 9 0.000801392 0.0452108 -0.0302493 0.0544029
13 26 9 -0.00151784 0.0469128 -0.0323157 0.0569861
14 26 9 -0.00330573 0.0484183 -0.0347258 0.0596753
15 26 9 -0.00437452 0.0498986 -0.0373769 0.0624983
16 26 9 -0.00469702 0.0513243 -0.0402199 0.0653749
17 26 9 -0.00441038 0.0525911 -0.0428874 0.0680045
18 26 9 -0.00331015 0.0537805 -0.0457403 0.0706787
19 26 9 -0.00124137 0.0546662 -0.0481712 0.0728725
20 26 9 0.000880913 0.0549203 -0.048598 0.0733402
21 26 9 0.00280301 0.0546848 -0.0479587 0.0727896
22 26 9 0.00358346 0.0537276 -0.0454712 0.0704778
23 26 9 0.00338139 0.0525203 -0.0423634 0.0675609
24 26 9 0.00241148 0.0511203 -0.0396231 0.0647232
25 26 9 0.000556101 0.0494939 -0.0366235 0.061573
26 26 9 -0.00215109 0.0476114 -0.0336263 0.0583284
27 26 9 -0.00549117 0.0454464 -0.0309717 0.0552701
28 26 9 -0.0092334 0.0426992 -0.0283556 0.0520819
29 26 9 -0.0130871 0.0390092 -0.0255785 0.0484484
30 26 9 -0.0166679 0.0339844 -0.0224931 0.0440306
31 26 9 -0.0196302 0.0273173 -0.0190256 0.0386465
32 26 9 -0.0232757 0.0195537 -0.0152342 0.0340027
33 26 9 -0.0708519 0.0107164 -0.0118865 0.0726369
34 26 9 -0.00945312 -0.00223257 -0.00893127 0.0131952
35 26 9 0.000553687 -0.00120766 0.00967058 0.00976141
36 26 9 0.0226374 -0.00294659 -0.000934164 0.0228475
37 26 9 -0.00158174 0.000779981 0.000736917 0.00191137
38 26 9 -0.00501983 -0.00141305 -0.000138064 0.00521675
39 26 9 0 0.000395353 0.00114968 0.00121576
0 26 10 0 0 0 0
1 26 10 4.62209e-05 1.83411e-05 -1.00601e-05 5.07343e-05
2 26 10 0.00427505 -0.00015702 -0.000191042 0.00428219
3 26 10 -0.000681128 -6.95434e-05 -9.37364e-05 0.000691056
4 26 10 -0.0677437 -0.000741956 -0.00110698 0.0677568
5 26 10 0.123521 -0.000891853 0.00377503 0.123582
6 26 10 0.0561074 0.00606204 -0.0112106 0.0575366
7 26 10 0.0137407 0.0176304 -0.0196856 0.0297853
8 26 10 0.00998532 0.022456 -0.0227102 0.0334624
9 26 10 0.00735741 0.0262786 -0.0253894 0.0372736
10 26 10 0.0044885 0.029341 -0.0277458 0.0406308
11 26 10 0.00152082 0.0317081 -0.0299402 0.0436364
12 26 10 -0.00133251 0.0336771 -0.0320745 0.0465263
13 26 10 -0.00389491 0.0355516 -0.0344524 0.0496594
14 26 10 -0.00596653 0.037427 -0.037337 0.0532018
15 26 10 -0.00717696 0.0394641 -0.0407927 0.0572098
16 26 10 -0.00729591 0.0415401 -0.0447092 0.0614632
17 26 10 -0.00717336 0.0433573 -0.0478237 0.0649493
18 26 10 -0.00563397 0.0453443 -0.0533336 0.0702305
19 26 10 -0.00169188 0.0473115 -0.0566449 0.0738233
20 26 10 0.00160806 0.0477225 -0.0562742 0.0738025
21 26 10 0.00539152 0.0472634 -0.0563356 0.0737333
22 26 10 0.00659447 0.0451555 -0.0528355 0.0698147
23 26 10 0.00622139 0.0431027 -0.047013 0.0640841
24 26 10 0.00546198 0.0411705 -0.0437469 0.0603211
25 26 10 0.00351432 0.0389702 -0.0396355 0.0556956
26 26 10 0.000623676 0.0366653 -0.0357899 0.0512411
27 26 10 -0.00280316 0.034329 -0.0326412 0.047453
28 26 10 -0.00647806 0.0317254 -0.0297213 0.0439525
29 26 10 -0.010139 0.0286046 -0.0267061 0.0404256
30 26 10 -0.0134226 0.0247368 -0.0234132 0.0366095
31 26 10 -0.0160354 0.0197923 -0.01971 0.032208
32 26 10 -0.0195367 0.014202 -0.0156694 0.0287908
33 26 10 -0.0607606 0.00796648 -0.0120723 0.0624584
34 26 10 -0.00665017 -0.00219192 -0.00977214 0.0120218
35 26 10 -0.00197169 -0.000874677 0.0099621 0.0101929
36 26 10 0.0219641 -0.00285638 -0.00075966 0.0221621
37 26 10 -0.00130917 0.000651809 0.000836534 0.0016848
38 26 10 -0.00444105 -0.00132672 -0.000254573 0.00464197
39 26 10 0 0.000371741 0.00121252 0.00126822
0 26 11 0 0 0 0
1 26 11 -6.89219e-05 4.32153e-05 -9.39332e-07 8.13553e-05
2 26 11 0.00425146 -0.000146507 -0.000213853 0.00425936
3 26 11 -0.00155104 -9.42247e-05 -0.000137113 0.00155993
4 26 11 -0.0627606 -0.000494567 -0.00154611 0.0627816
5 26 11 0.109107 -0.000894527 0.00528057 0.109239
6 26 11 0.0478722 0.00526919 -0.0114959 0.0495143
7 26 11 0.0107838 0.0118436 -0.0187909 0.0246913
8 26 11 0.00745925 0.0150495 -0.0215552 0.0273268
9 26 11 0.00507155 0.0177624 -0.0240768 0.0303466
10 26 11 0.00228377 0.0201116 -0.0262908 0.0331798
11 26 11 -0.0007041 0.0221241 -0.0284343 0.0360345
12 26 11 -0.00370672 0.0240598 -0.0305513 0.039064
13 26 11 -0.0066698 0.0261208 -0.0329276 0.0425559
14 26 11 -0.00937556 0.028512 -0.035948 0.0468305
15 26 11 -0.0110374 0.0315244 -0.040079 0.0521722
16 26 11 -0.010309 0.0348914 -0.0457949 0.0584882
17 26 11 -0.0125682 0.0373145 -0.0467099 0.0610913
18 26 11 -0.00901175 0.0416516 -0.0644946 0.0773022
19 26 11 -0.00144913 0.0458187 -0.0549523 0.0715626
20 26 11 0.00176759 0.0459159 -0.0524888 0.0697601
21 26 11 0.00909976 0.045614 -0.0545995 0.0717255
22 26 11 0.0122565 0.0412769 -0.0636357 0.0768343
23 26 11 0.00956308 0.0368964 -0.0457344 0.0595351
24 26 11 0.00964134 0.0343641 -0.0445529 0.0570859
25 26 11 0.007307 0.0309422 -0.0386667 0.0500592
26 26 11 0.00389929 0.0277978 -0.0341318 0.0441916
27 26 11 0.000215788 0.0251283 -0.0308436 0.0397845
28 26 11 -0.00343953 0.0226043 -0.0279888 0.0361408
29 26 11 -0.00693815 0.019914 -0.0250971 0.0327806
30 26 11 -0.0100061 0.0169814 -0.0219845 0.0295264
31 26 11 -0.0123546 0.0135094 -0.0185721 0.026078
32 26 11 -0.0155402 0.00974129 -0.0148281 0.0235852
33 26 11 -0.0503259 0.00553233 -0.0114427 0.051906
34 26 11 -0.00485757 -0.00194354 -0.0107578 0.0119626
35 26 11 -0.00383505 -0.000178296 0.0102446 0.0109403
36 26 11 0.0210855 -0.00269375 -0.000604275 0.0212654
37 26 11 -0.00114979 0.00053233 0.000946189 0.00158135
38 26 11 -0.00383361 -0.00122663 -0.000383142 0.00404326
39 26 11 0 0.000336382 0.00125718 0.00130141
0 26 12 0 0 0 0
1 26 12 -0.000180263 6.34587e-05 1.88858e-06 0.000191116
2 26 12 0.00422086 -0.000148492 -0.000232419 0.00422986
3 26 12 -0.00284377 -0.000139276 -0.000170884 0.0028523
4 26 12 -0.0558399 -0.000304998 -0.00185362 0.0558715
5 26 12 0.0929492 -0.00107833 0.00636932 0.0931734
6 26 12 0.0407581 0.00406853 -0.0106547 0.0423237
7 26 12 0.00811129 0.00719994 -0.0168122 0.0200071
8 26 12 0.00508508 0.00914735 -0.0191145 0.0217921
9 26 12 0.00285962 0.0109519 -0.021198 0.0240308
10 26 12 0.000171478 0.0127385 -0.0230505 0.0263368
11 26 12 -0.00277595 0.0144972 -0.0249409 0.0289814
12 26 12 -0.00597365 0.0164551 -0.0267168 0.0319413
13 26 12 -0.00956908 0.0187906 -0.0286068 0.0355387
14 26 12 -0.0134925 0.0219411 -0.0308813 0.0402134
15 26 12 -0.0167462 0.0264971 -0.0340256 0.0462631
16 26 12 -0.0112214 0.0325539 -0.0418969 0.0542312
17 26 12 -0.0302726 0.0336595 -0.030439 0.054552
18 26 12 0.000422026 0.0499513 -8.26309e-07 0.0499531
19 26 12 0.000866851 0.0458138 -7.47773e-05 0.0458221
20 26 12 -7.24825e-05 0.0442103 -0.000335427 0.0442117
21 26 12 0.000330533 0.0454451 -0.000118343 0.0454465
22 26 12 0.0301317 0.0492142 -0.000120251 0.0577059
23 26 12 0.0110446 0.033075 -0.029593 0.0457349
24 26 12 0.0156775 0.0317329 -0.0405812 0.0538479
25 26 12 0.011767 0.0256919 -0.0325806 0.0431281
26 26 12 0.0072556 0.0211612 -0.0290334 0.0366522
27 26 12 0.0031091 0.0179486 -0.0265123 0.0321671
28 26 12 -0.000555131 0.0154413 -0.024217 0.0287264
29 26 12 -0.00383997 0.0130954 -0.0217982 0.0257176
30 26 12 -0.00671162 0.0108285 -0.0191105 0.0229677
31 26 12 -0.00890737 0.00839607 -0.0162567 0.0203498
32 26 12 -0.011706 0.00597423 -0.0131621 0.0186001
33 26 12 -0.0406609 0.00324608 -0.0103444 0.0420815
34 26 12 -0.00366284 -0.00188518 -0.0115678 0.0122794
35 26 12 -0.00504358 0.00047192 0.0105155 0.011672
36 26 12 0.0200609 -0.00256585 -0.000488837 0.0202302
37 26 12 -0.00105845 0.00041604 0.00106968 0.00156129
38 26 12 -0.00317668 -0.00111114 -0.000494531 0.00340154
39 26 12 0 0.000294704 0.00129697 0.00133003
0 26 13 0 0 0 0
1 26 13 -0.000346995 5.65199e-05 2.04814e-05 0.000352164
2 26 13 0.00414183 -0.0001566 -0.00024764 0.00415218
3 26 13 -0.00443619 -0.000140516 -0.000233873 0.00444458
4 26 13 -0.0475484 -6.96404e-05 -0.00206258 0.0475931
5 26 13 0.0765211 -0.00111911 0.00696451 0.0768455
6 26 13 0.0347252 0.00310034 -0.00905814 0.0360208
7 26 13 0.00597126 0.00416984 -0.014354 0.016096
8 26 13 0.00314774 0.00530091 -0.0161647 0.0173004
9 26 13 0.00102597 0.00655815 -0.0176994 0.0189032
10 26 13 -0.00155162 0.0080505 -0.0191039 0.0207889
11 26 13 -0.00444518 0.009689 -0.0205882 0.0231842
12 26 13 -0.00776601 0.0117228 -0.0218025 0.0259439
13 26 13 -0.0116974 0.0142888 -0.0229191 0.0294327
14 26 13 -0.0165166 0.0178565 -0.0238162 0.0340421
15 26 13 -0.0244691 0.023159 -0.0243173 0.0415501
16 26 13 2.7918e-05 0.0337155 -0.00016462 0.033716
17 26 13 3.79603e-05 0.0241216 0.000109891 0.0241219
18 26 13 0.000293964 7.11623e-06 -0.000159518 0.000334532
19 26 13 0.000477083 0.000100962 -0.000406643 0.000634948
20 26 13 0.00029079 2.30591e-06 -0.000456602 0.000541341
21 26 13 0.000577447 -0.000173842 -0.000454661 0.000755236
22 26 13 0.000806375 -0.000112776 -0.00026202 0.000855344
23 26 13 0.000628982 0.0234628 0.000199535 0.0234721
24 26 13 0.0236974 0.0325302 0.000129903 0.0402467
25 26 13 0.0151079 0.022046 -0.022838 0.0351546
26 26 13 0.00972329 0.016843 -0.0220337 0.029389
27 26 13 0.00532955 0.0133491 -0.0209617 0.0254164
28 26 13 0.00168076 0.0108282 -0.0195446 0.0224069
29 26 13 -0.00137758 0.00872769 -0.0178427 0.0199106
30 26 13 -0.00399475 0.00693149 -0.0157443 0.0176603
31 26 13 -0.00603219 0.00513047 -0.0135119 0.0156614
32 26 13 -0.00841666 0.00352746 -0.0111992 0.0144466
33 26 13 -0.0322754 0.00175643 -0.00911687 0.0335843
34 26 13 -0.00282739 -0.00160566 -0.0121164 0.0125451
35 26 13 -0.00563307 0.00114103 0.0107382 0.0121796
36 26 13 0.0188842 -0.00242378 -0.000436503 0.0190441
37 26 13 -0.00101989 0.000316927 0.0011663 0.00158142
38 26 13 -0.00243369 -0.000986374 -0.000590838 0.00269163
39 26 13 0 0.000229735 0.00134467 0.00136415
0 26 14 0 0 0 0
1 26 14 -0.000513509 6.0811e-05 2.70111e-05 0.000517802
2 26 14 0.00414392 -0.000116331 -0.000290801 0.00415574
3 26 14 -0.00609192 -0.000118227 -0.000316857 0.0061013
4 26 14 -0.0384316 9.72039e-05 -0.00213049 0.0384908
5 26 14 0.0611282 -0.00113369 0.00711969 0.0615518
6 26 14 0.0295822 0.00225009 -0.00706632 0.0304975
7 26 14 0.00438291 0.00213629 -0.0117947 0.0127628
8 26 14 0.0016913 0.00276561 -0.0131576 0.0135511
9 26 14 -0.000344441 0.00372444 -0.0141631 0.0146487
10 26 14 -0.00278672 0.00501169 -0.0150974 0.0161497
11 26 14 -0.00557995 0.00652178 -0.0160365 0.018189
12 26 14 -0.00872368 0.0086242 -0.0165962 0.0206377
13 26 14 -0.0122407 0.0112439 -0.0169399 0.0237323
14 26 14 -0.0166783 0.014524 -0.0167407 0.0277374
15 26 14 0.000163024 0.0186936 8.61689e-05 0.0186945
16 26 14 8.49443e-05 0.000102464 -0.000208992 0.000247774
17 26 14 0.000216517 -0.000185575 -6.74604e-05 0.000293034
18 26 14 0.000151381 -4.66931e-06 -0.000178732 0.000234272
19 26 14 0.000385045 0.000188876 -0.000689749 0.000812211
20 26 14 0.000495517 0.000182033 -0.000819152 0.000974517
21 26 14 0.000714269 0.000170378 -0.00073395 0.00103822
22 26 14 0.000628468 -3.93619e-05 -0.000265721 0.000683468
23 26 14 0.000638806 -0.000277186 0.000141946 0.000710672
24 26 14 0.000452553 -0.000222678 0.000139909 0.000523416
25 26 14 0.0156885 0.0173911 0.000253858 0.0234231
26 26 14 0.0107491 0.013404 -0.0151592 0.0229131
27 26 14 0.00679155 0.0102819 -0.0152365 0.0195958
28 26 14 0.0033592 0.00781836 -0.0146688 0.0169583
29 26 14 0.000463266 0.00580983 -0.0137476 0.014932
30 26 14 -0.00193334 0.00434481 -0.0123769 0.0132591
31 26 14 -0.00382525 0.00296409 -0.0107638 0.0118016
32 26 14 -0.00586109 0.00183699 -0.00919737 0.0110598
33 26 14 -0.0253611 0.000706712 -0.00788809 0.0265689
34 26 14 -0.00235693 -0.00130511 -0.0123945 0.0126839
35 26 14 -0.00566629 0.00164411 0.0109089 0.0124021
36 26 14 0.0175002 -0.00231337 -0.000386318 0.0176567
37 26 14 -0.00114247 0.000221611 0.00124734 0.00170593
38 26 14 -0.00166746 -0.000826345 -0.000692661 0.00198571
39 26 14 0 0.000166632 0.00137913 0.00138916
0 26 15 0 0 0 0
1 26 15 -0.00067542 6.91502e-05 2.07932e-05 0.000679269
2 26 15 0.0041531 -8.42358e-05 -0.000331131 0.00416713
3 26 15 -0.00785572 -0.000162842 -0.000343904 0.00786493
4 26 15 -0.0292001 0.000157026 -0.00202301 0.0292705
5 26 15 0.0475328 -0.00113574 0.00695308 0.0480521
6 26 15 0.0249421 0.00146797 -0.00491971 0.025465
7 26 15 0.00318674 0.000709351 -0.00929066 0.00984759
8 26 15 0.000697501 0.00104126 -0.0102771 0.0103533
9 26 15 -0.00115454 0.00179744 -0.0107974 0.0110067
10 26 15 -0.00341692 0.00287598 -0.011169 0.0120289
11 26 15 -0.00611376 0.00430188 -0.0113241 0.0135691
12 26 15 -0.00885481 0.00658937 -0.0110624 0.0156271
13 26 15 -0.0116618 0.00921583 -0.0112281 0.0186279
14 26 15 0.000111418 0.012029 2.7072e-06 0.0120295
15 26 15 8.75041e-05 4.76492e-05 0.000101145 0.000141978
16 26 15 -5.87266e-05 -0.000122819 -0.00031158 0.000340022
17 26 15 0.000110263 -0.000319617 -0.000610608 0.000697965
18 26 15 0.000161384 -0.000175327 -0.000474205 0.000530712
19 26 15 0.000337685 -0.00033923 -0.000520796 0.000707345
20 26 15 0.000661007 -0.00076291 -0.00114469 0.0015262
21 26 15 0.000790602 -0.000249884 -0.000527399 0.000982671
22 26 15 0.000683273 -0.000189818 -0.000402109 0.000815221
23 26 15 0.000790275 -0.00047027 -0.000282613 0.00096206
24 26 15 0.000539527 -0.000379911 4.40743e-05 0.000661335
25 26 15 0.000372855 -0.000372637 0.000317621 0.000615436
26 26 15 0.0104725 0.0106696 4.22742e-05 0.0149504
27 26 15 0.00725603 0.0081046 -0.00985744 0.01468
28 26 15 0.00431796 0.00581528 -0.00964301 0.0120603
29 26 15 0.00158972 0.00378264 -0.00957199 0.0104143
30 26 15 -0.000578272 0.00253675 -0.00909907 0.00946375
31 26 15 -0.00225244 0.00150865 -0.00815465 0.00859348
32 26 15 -0.00395649 0.000699458 -0.00722591 0.00826783
33 26 15 -0.0197544 -1.03709e-05 -0.00662299 0.0208351
34 26 15 -0.00227855 -0.00103014 -0.0123915 0.0126412
35 26 15 -0.00510197 0.00195333 0.0110032 0.0122847
36 26 15 0.0160713 -0.00218987 -0.000320952 0.0162229
37 26 15 -0.00134719 9.60238e-05 0.00135583 0.00191374
38 26 15 -0.00087584 -0.000663001 -0.000776038 0.00134495
39 26 15 0 0.000102156 0.00140202 0.00140574
0 26 16 0 0 0 0
1 26 16 -0.000857804 6.27222e-05 1.10824e-05 0.000860166
2 26 16 0.00413428 -5.7249e-05 -0.000361291 0.00415043
3 26 16 -0.0095582 -0.000143502 -0.000365307 0.00956626
4 26 16 -0.0201452 0.000356555 -0.00188841 0.0202367
5 26 16 0.036324 -0.000877732 0.00649415 0.0369104
6 26 16 0.0206528 0.00102967 -0.00293266 0.0208854
7 26 16 0.00240478 6.76443e-05 -0.00714273 0.00753698
8 26 16 0.000248316 0.000280631 -0.00785999 0.00786892
9 26 16 -0.00133163 0.000890471 -0.00795638 0.00811604
10 26 16 -0.00335072 0.00178709 -0.00774171 0.00862294
11 26 16 -0.00594274 0.00312267 -0.00695893 0.00966923
12 26 16 -0.00877926 0.00556239 -0.00475558 0.0114294
13 26 16 0.000194123 0.00872872 0.00025988 0.00873474
14 26 16 8.38103e-05 0.000393617 0.000283791 0.000492439
15 26 16 2.78245e-05 0.000543975 -1.092e-05 0.000544795
16 26 16 -0.000162669 0.000271714 -0.000339017 0.00046392
17 26 16 -9.09434e-06 0.000102995 -0.00105908 0.00106412
18 26 16 0.000629591 0.000317748 -0.00131178 0.00148934
19 26 16 0.000624615 0.000415432 -0.00074927 0.00106025
20 26 16 0.000283975 0.00039018 -0.00151947 0.00159426
21 26 16 0.000215182 0.00038012 -0.00079578 0.000907778
22 26 16 0.000659553 0.000245968 -0.00101893 0.00123844
23 26 16 0.000733867 -6.78294e-05 -0.000618951 0.000962425
24 26 16 0.000445677 4.61397e-05 7.42129e-06 0.000448121
25 26 16 0.000298361 0.000250391 0.000195408 0.000435775
26 26 16 8.89463e-05 2.48339e-05 0.000302485 0.000316268
27 26 16 0.00725795 0.00728155 0.00014764 0.010282
28 26 16 0.00443666 0.00470817 -0.00416567 0.00769439
29 26 16 0.00190108 0.00265177 -0.00578367 0.00664054
30 26 16 2.66141e-06 0.00157098 -0.00626345 0.00645746
31 26 16 -0.00137423 0.000826887 -0.00598438 0.00619556
32 26 16 -0.00270162 0.000255544 -0.00556003 0.00618692
33 26 16 -0.0152901 -0.000223231 -0.00548071 0.0162443
34 26 16 -0.00277613 -0.000663539 -0.0122054 0.0125347
35 26 16 -0.0041586 0.00213216 0.0109751 0.0119286
36 26 16 0.0145549 -0.00192895 -0.000333416 0.014686
37 26 16 -0.00159672 -5.508e-06 0.00144281 0.00215203
38 26 16 -4.3001e-05 -0.000507205 -0.000838408 0.000980833
39 26 16 0 2.21125e-05 0.00142023 0.0014204
0 26 17 0 0 0 0
1 26 17 -0.00104298 5.90127e-05 -1.10668e-06 0.00104465
2 26 17 0.00414684 -2.35508e-05 -0.000379794 0.00416427
3 26 17 -0.0110229 -0.000147444 -0.000381937 0.0110305
4 26 17 -0.0115956 0.000351527 -0.00168601 0.0117228
5 26 17 0.0274458 -0.000925979 0.00602258 0.0281141
6 26 17 0.0164349 0.000284953 -0.00119118 0.0164805
7 26 17 0.00189904 -0.000637593 -0.00542491 0.00578295
8 26 17 0.000191411 -0.000550632 -0.00593243 0.005961
9 26 17 -0.00102476 -0.000148775 -0.0056971 0.00579044
10 26 17 -0.00249224 0.000503776 -0.00512707 0.00572292
11 26 17 -0.00391627 0.00143158 -0.00412768 0.00586723
12 26 17 -0.00405204 0.00288093 -0.00341712 0.00603287
13 26 17 -2.57144e-05 0.00350811 0.000359905 0.00352662
14 26 17 0.000162646 -0.000168738 0.000242158 0.000336997
15 26 17 -2.13444e-05 -5.56628e-05 0.000243648 0.000250836
16 26 17 6.81418e-06 5.50293e-06 -0.000221262 0.000221436
17 26 17 7.01752e-05 -0.000158218 -0.000903395 0.000919826
18 26 17 0.000208856 1.95209e-06 -0.00113544 0.00115449
19 26 17 0.000396831 0.000337616 -0.000793553 0.000949309
20 26 17 0.000289032 0.000720359 -0.00129305 0.00150812
21 26 17 0.000405318 0.000244776 -0.000794244 0.000924673
22 26 17 0.000540196 -0.000119235 -0.000798728 0.000971594
23 26 17 0.00047354 -0.000231099 -0.000378205 0.000648602
24 26 17 0.00044477 -0.000153266 0.00016833 0.000499646
25 26 17 0.000206395 -0.000244642 0.00047796 0.000575234
26 26 17 0.00030609 -0.000402142 0.000220313 0.000551314
27 26 17 0.00352843 0.00289129 0.00017599 0.00456512
28 26 17 0.0029735 0.00236896 -0.00294361 0.00480817
29 26 17 0.00144851 0.00115543 -0.00333582 0.00381587
30 26 17 3.14747e-05 0.000445364 -0.0040963 0.00412056
31 26 17 -0.001013 -2.00144e-05 -0.00426182 0.0043806
32 26 17 -0.00195842 -0.000315679 -0.00422419 0.00466678
33 26 17 -0.0116351 -0.000535843 -0.00452364 0.012495
34 26 17 -0.00372625 -0.000623699 -0.0118641 0.0124512
35 26 17 -0.0028398 0.00184697 0.0109759 0.0114868
36 26 17 0.0129247 -0.00170743 -0.000355434 0.0130419
37 26 17 -0.0019181 -9.9392e-05 0.00150339 0.00243909
38 26 17 0.000804834 -0.000333261 -0.00088328 0.00124057
39 26 17 0 -5.17478e-05 0.00143309 0.00143402
0 26 18 0 0 0 0
1 26 18 -0.00122541 5.41078e-05 -1.90149e-05 0.00122676
2 26 18 0.00417 2.98739e-05 -0.000395716 0.00418884
3 26 18 -0.0122686 -9.38726e-05 -0.000394192 0.0122752
4 26 18 -0.00382729 0.000421211 -0.00142089 0.00410421
5 26 18 0.020665 -0.00065401 0.00560366 0.0214213
6 26 18 0.0123214 9.06289e-05 3.20953e-05 0.0123218
7 26 18 0.001716 -0.000590476 -0.00429114 0.0046591
8 26 18 0.000489665 -0.000637801 -0.00456707 0.00463732
9 26 18 -0.00032311 -0.000430968 -0.00414165 0.00417653
10 26 18 -0.00124402 1.848e-06 -0.00347772 0.00369353
11 26 18 -0.00283317 0.000502087 -0.00206337 0.00354068
12 26 18 -5.18244e-05 0.00193134 0.000520371 0.00200089
13 26 18 -8.10393e-05 1.67213e-05 0.000411306 0.000419547
14 26 18 -0.000255871 4.05092e-05 0.000346392 0.000432549
15 26 18 -9.67468e-05 -6.09621e-05 -9.51505e-05 0.000148761
16 26 18 1.08266e-05 -0.000100649 -0.000546372 0.00055567
17 26 18 -0.000107734 3.05686e-05 -0.000765746 0.000773891
18 26 18 -5.39216e-05 -9.0538e-05 -0.000996264 0.00100182
19 26 18 0.000170088 -0.000218954 -0.00107131 0.0011066
20 26 18 0.000276425 0.000200229 -0.00132937 0.00137249
21 26 18 0.00029183 -8.04271e-05 -0.000933466 0.000981321
22 26 18 0.000363502 -0.000107266 -0.000678957 0.000777575
23 26 18 0.000341184 -3.38674e-05 -0.000290357 0.000449289
24 26 18 0.000432165 -0.000177997 -2.49687e-05 0.000468052
25 26 18 0.000555691 -0.000160193 0.00019593 0.000610609
26 26 18 0.000354976 -7.79455e-05 0.000296082 0.000468773
27 26 18 0.000271289 -7.4785e-05 0.000233844 0.000365887
28 26 18 0.00196805 0.0013638 0.000208026 0.00240342
29 26 18 0.000467948 0.000310992 -0.00161384 0.00170885
30 26 18 -0.000397261 2.73215e-05 -0.00277799 0.00280638
31 26 18 -0.00108788 -0.00023238 -0.00308098 0.00327565
32 26 18 -0.00173818 -0.000336818 -0.00324655 0.00369794
33 26 18 -0.00875988 -0.000334575 -0.00388206 0.00958738
34 26 18 -0.00517432 -0.000281798 -0.0116043 0.0127088
35 26 18 -0.00114947 0.0015574 0.0109656 0.0111351
36 26 18 0.0112551 -0.00138879 -0.000369201 0.0113465
37 26 18 -0.00228062 -0.000177138 0.00154032 0.00275775
38 26 18 0.00165296 -0.000160502 -0.000912691 0.00189501
39 26 18 0 -0.000135371 0.00143866 0.00144502
0 26 19 0 0 0 0
1 26 19 -0.0013898 3.84739e-05 -4.04381e-05 0.00139093
2 26 19 0.00421292 5.72247e-05 -0.000402983 0.00423253
3 26 19 -0.0132252 -0.000101313 -0.000395067 0.0132315
4 26 19 0.00325662 0.000341787 -0.00113427 0.00346539
5 26 19 0.0156707 -0.000536498 0.00525531 0.0165371
6 26 19 0.00830454 -0.000431696 0.00066063 0.00834195
7 26 19 0.00164646 -0.000988874 -0.003658 0.00413155
8 26 19 0.000876795 -0.00118631 -0.00370942 0.00399198
9 26 19 0.000433889 -0.00111986 -0.0032133 0.0034304
10 26 19 0.000115835 -0.000810347 -0.00263721 0.00276133
11 26 19 -0.00013496 -0.000575338 -0.00116034 0.00130216
12 26 19 -0.000247701 -0.000316536 0.00036381 0.000542133
13 26 19 0.000126329 0.000123592 -0.00031157 0.000358203
14 26 19 -0.000246053 0.000440814 0.000431128 0.000663875
15 26 19 -0.000158363 -4.56919e-05 6.40417e-05 0.000176827
16 26 19 3.55244e-05 -5.29289e-05 -0.000684981 0.000687941
17 26 19 -0.000172265 5.65323e-05 -7.47288e-05 0.000196101
18 26 19 -0.000157312 0.000363334 8.06527e-05 0.000404059
19 26 19 1.57609e-05 9.32828e-05 -0.00060228 0.000609664
20 26 19 0.000126783 -0.000540554 -0.000975351 0.00112231
21 26 19 0.000138863 0.000255161 -0.000431071 0.000519819
22 26 19 0.000124991 0.000506465 0.000336033 0.000620522
23 26 19 2.10403e-05 0.000120409 0.000323615 0.000345931
24 26 19 0.000280204 -6.2105e-05 -0.000204188 0.000352227
25 26 19 0.000427833 4.68678e-05 0.000304247 0.000527072
26 26 19 -3.28637e-05 0.00049739 0.000496327 0.000703432
27 26 19 0.000244693 0.000138963 -0.000373316 0.000467494
28 26 19 -0.000270168 -0.000459287 1.52318e-05 0.000533074
29 26 19 -0.000617742 -0.000585271 -0.000995767 0.00130985
30 26 19 -0.000875898 -0.000622327 -0.00220156 0.00244977
31 26 19 -0.0012452 -0.00078726 -0.00238813 0.00280597
32 26 19 -0.00169813 -0.000776032 -0.00257668 0.00318201
33 26 19 -0.0064187 -0.000574499 -0.00347758 0.0073228
34 26 19 -0.00715869 -0.000297289 -0.0114646 0.0135194
35 26 19 0.00072782 0.00101192 0.0109219 0.0109928
36 26 19 0.00953155 -0.00109579 -0.000386862 0.00960213
37 26 19 -0.00266581 -0.000275179 0.00155376 0.00309781
38 26 19 0.00248791 8.21112e-06 -0.000925601 0.00265452
39 26 19 0 -0.000219629 0.00143631 0.00145301
0 26 20 0 0 0 0
1 26 20 -0.00152552 2.68911e-05 -6.74102e-05 0.00152725
2 26 20 0.00426858 0.000104908 -0.000404886 0.00428902
3 26 20 -0.0138902 -6.06814e-05 -0.000390198 0.0138958
4 26 20 0.00971194 0.000320002 -0.000850884 0.00975439
5 26 20 0.0116993 -0.000301393 0.00504924 0.012746
6 26 20 0.00419704 -0.000812121 0.000779215 0.00434533
7 26 20 0.00154121 -0.00104879 -0.00346747 0.00393683
8 26 20 0.00146053 -0.00113616 -0.00350367 0.00396229
9 26 20 0.00151902 -0.0012407 -0.00302616 0.00360616
10 26 20 0.00161359 -0.00138089 -0.00251088 0.00328862
11 26 20 0.00154307 -0.00157727 -0.00110956 0.00246981
12 26 20 -2.35346e-05 -0.00165738 0.000384227 0.0017015
13 26 20 -2.76879e-05 -2.32003e-05 -0.000301493 0.00030365
14 26 20 -1.77979e-05 -1.64955e-05 0.00042335 0.000424045
15 26 20 -1.57811e-05 -1.71666e-05 7.07733e-05 7.45158e-05
16 26 20 -3.14094e-06 -2.36197e-05 -0.000692353 0.000692763
17 26 20 -1.60234e-06 -2.90401e-05 -7.81467e-05 8.33834e-05
18 26 20 -1.29107e-05 -3.88243e-05 8.14264e-05 9.11278e-05
19 26 20 -3.04399e-05 -3.72079e-05 -0.000617584 0.000619452
20 26 20 -4.91996e-05 -3.49741e-05 -0.00100002 0.00100184
21 26 20 -7.27147e-05 -2.00176e-05 -0.000442596 0.000448976
22 26 20 -9.56988e-05 -1.68252e-06 0.000345766 0.000358769
23 26 20 -0.000104692 3.40442e-05 0.000327737 0.000345732
24 26 20 -9.95596e-05 5.62951e-05 -0.000211182 0.000240165
25 26 20 -0.000102321 7.5654e-05 0.000307534 0.000332822
26 26 20 -0.000102065 0.000118721 0.00048463 0.000509292
27 26 20 -0.000111649 0.000141587 -0.000371426 0.00041288
28 26 20 -0.00166856 -0.00145621 2.56284e-05 0.00221479
29 26 20 -0.0018289 -0.00136901 -0.000994718 0.00249169
30 26 20 -0.00173084 -0.00110501 -0.00214261 0.00296777
31 26 20 -0.00166628 -0.000899863 -0.00227157 0.00295741
32 26 20 -0.00171606 -0.000728294 -0.00243424 0.00306608
33 26 20 -0.00424025 -0.0005692 -0.00333818 0.00542652
34 26 20 -0.00941 -0.0002721 -0.0113972 0.0147824
35 26 20 0.00273314 0.000474966 0.0108899 0.0112377
36 26 20 0.00777904 -0.000737183 -0.000411507 0.00782472
37 26 20 -0.00304075 -0.00035115 0.00153833 0.00342578
38 26 20 0.00329998 0.000182136 -0.000923691 0.00343165
39 26 20 0 -0.000303615 0.00142657 0.00145852
0 26 21 0 0 0 0
1 26 21 -0.00161851 1.24008e-05 -9.92433e-05 0.00162159
2 26 21 0.00433133 0.000147147 -0.000400439 0.00435229
3 26 21 -0.0142804 -2.49208e-05 -0.000380452 0.0142855
4 26 21 0.0156699 0.000285166 -0.000583082 0.0156833
5 26 21 0.00804663 -7.77759e-05 0.004985 0.00946597
6 26 21 0.000153692 -0.0011703 0.000403678 0.00124747
7 26 21 0.00143857 -0.00106297 -0.0036888 0.00409958
8 26 21 0.00201856 -0.00101738 -0.00391218 0.00451827
9 26 21 0.00254321 -0.00126404 -0.00353147 0.00453177
10 26 21 0.00303609 -0.00182633 -0.00306159 0.00468259
11 26 21 0.00319348 -0.00244631 -0.00203774 0.00450945
12 26 21 0.000202599 -0.00292038 0.000542419 0.00297723
13 26 21 -0.000156443 -0.000211138 0.000432152 0.000505775
14 26 21 0.000229897 -0.000505085 0.000340136 0.000650889
15 26 21 0.00014396 -2.1975e-06 -8.19668e-05 0.000165674
16 26 21 -3.66313e-05 2.47401e-06 -0.000564862 0.000566054
17 26 21 0.000179213 -0.000105333 -0.000798876 0.000825479
18 26 21 0.000146301 -0.000417181 -0.0010212 0.00111279
19 26 21 -6.95408e-05 -0.000139932 -0.00111758 0.00112845
20 26 21 -0.000237606 0.000508385 -0.0013855 0.00149483
21 26 21 -0.000304388 -0.000262901 -0.000968874 0.00104904
22 26 21 -0.00032462 -0.000484879 -0.00068595 0.000900562
23 26 21 -0.000228017 -4.30067e-05 -0.000309967 0.000387196
24 26 21 -0.000484469 0.000171513 -4.96187e-05 0.000516322
25 26 21 -0.000638047 9.54193e-05 0.000196521 0.000674411
26 26 21 -0.000182981 -0.000288482 0.000276147 0.000439273
27 26 21 -0.000463226 0.000104687 0.000230228 0.000527771
28 26 21 -0.00307825 -0.00240436 0.000204608 0.00391132
29 26 21 -0.00298264 -0.00203672 -0.00178825 0.00403016
30 26 21 -0.00252976 -0.00148041 -0.0025794 0.00390443
31 26 21 -0.00205727 -0.000940901 -0.00269448 0.00351822
32 26 21 -0.00172837 -0.000648311 -0.0028004 0.00335408
33 26 21 -0.00212718 -0.000566547 -0.00346055 0.00410138
34 26 21 -0.0117522 -0.000279749 -0.0114138 0.016385
35 26 21 0.00476889 -5.0026e-05 0.0108811 0.0118803
36 26 21 0.0060127 -0.000376374 -0.000443954 0.0060408
37 26 21 -0.00338148 -0.000430303 0.00149521 0.00372226
38 26 21 0.00407451 0.000351352 -0.000906664 0.00418893
39 26 21 0 -0.000388084 0.00141002 0.00146245
0 26 22 0 0 0 0
1 26 22 -0.00165353 -7.72581e-06 -0.000134126 0.00165898
2 26 22 0.00439689 0.000167796 -0.000385955 0.00441698
3 26 22 -0.0144177 -3.3133e-05 -0.000362335 0.0144223
4 26 22 0.0212839 0.000180408 -0.000328181 0.0212872
5 26 22 0.00403856 1.30424e-05 0.00499685 0.00642485
6 26 22 -0.00363349 -0.00162265 -0.000515609 0.00401262
7 26 22 0.00141271 -0.00134149 -0.00431428 0.00473375
8 26 22 0.00235892 -0.00141382 -0.00470163 0.0054469
9 26 22 0.00310773 -0.00174769 -0.00447557 0.00572216
10 26 22 0.00399999 -0.00233735 -0.00409676 0.00618438
11 26 22 0.00588533 -0.00303399 -0.00359894 0.00753622
12 26 22 5.88313e-06 -0.00491055 -0.00420934 0.00646777
13 26 22 4.23553e-05 -9.78417e-05 0.00039506 0.000409194
14 26 22 0.000227926 -0.000108766 0.000247714 0.000353755
15 26 22 8.80974e-05 5.04989e-06 0.000244739 0.000260162
16 26 22 -1.18206e-05 6.84951e-05 -0.000239069 0.000248968
17 26 22 0.000112738 -5.12356e-05 -0.000953688 0.000961694
18 26 22 5.2977e-05 6.50051e-05 -0.00119139 0.00119434
19 26 22 -0.000223469 0.000203882 -0.000848649 0.000900951
20 26 22 -0.000397378 -0.000205826 -0.00135275 0.00142485
21 26 22 -0.000470338 0.000105774 -0.000838624 0.000967314
22 26 22 -0.000558326 0.000157495 -0.000839998 0.00102085
23 26 22 -0.00053149 0.000133416 -0.000432075 0.000697832
24 26 22 -0.000622065 0.000303821 0.000127208 0.000703885
25 26 22 -0.000738904 0.00030265 0.000457251 0.000920139
26 26 22 -0.000552349 0.000280877 0.000203285 0.000652154
27 26 22 -0.000484344 0.000320514 0.000166666 0.000604232
28 26 22 -0.0054849 -0.00406965 -0.00397048 0.00790005
29 26 22 -0.00368972 -0.0024525 -0.00310652 0.00541103
30 26 22 -0.0028238 -0.0018719 -0.00343286 0.00482311
31 26 22 -0.00215537 -0.00136298 -0.0034479 0.00428851
32 26 22 -0.0017092 -0.00103845 -0.00340445 0.00394842
33 26 22 -1.44752e-05 -0.000825223 -0.00380181 0.00389037
34 26 22 -0.0139999 -0.000389552 -0.0115826 0.0181743
35 26 22 0.00671928 -0.000551889 0.0108745 0.0127948
36 26 22 0.00424257 -6.33799e-05 -0.000482756 0.00427042
37 26 22 -0.00366828 -0.000527252 0.00142989 0.00397226
38 26 22 0.00479632 0.000511999 -0.00087458 0.00490222
39 26 22 0 -0.000470913 0.00138539 0.00146324
0 26 23 0 0 0 0
1 26 23 -0.00162028 -2.16704e-05 -0.000173543 0.0016297
2 26 23 0.00445118 0.000206838 -0.000366721 0.00447104
3 26 23 -0.0143346 1.43509e-05 -0.000345056 0.0143388
4 26 23 0.0266428 0.000203767 -6.65198e-05 0.0266437
5 26 23 -0.00105795 0.0002388 0.00507615 0.00519072
6 26 23 -0.0073219 -0.00167014 -0.00188674 0.00774334
7 26 23 0.00133747 -0.00104546 -0.00539918 0.00565977
8 26 23 0.00264061 -0.00120079 -0.00589165 0.00656705
9 26 23 0.00360648 -0.00166265 -0.00590256 0.00711416
10 26 23 0.00472852 -0.00236943 -0.00577907 0.00783395
11 26 23 0.00564337 -0.00329314 -0.00534107 0.00843916
12 26 23 0.00483894 -0.00456361 -0.0038279 0.00767429
13 26 23 -1.15987e-05 -0.00450503 0.000284874 0.00451404
14 26 23 -0.000183807 9.55992e-05 0.000301427 0.000365763
15 26 23 1.22778e-05 -1.03303e-06 -6.71761e-06 1.40334e-05
16 26 23 -1.11066e-05 -5.01186e-05 -0.000338685 0.000342553
17 26 23 -8.80089e-05 0.0001227 -0.00107855 0.00108907
18 26 23 -0.000247103 -4.21525e-05 -0.00135181 0.00137486
19 26 23 -0.000467498 -0.000392886 -0.000800086 0.0010065
20 26 23 -0.000389955 -0.000772933 -0.00159369 0.00181366
21 26 23 -0.000534341 -0.000264867 -0.000847612 0.0010364
22 26 23 -0.000688282 0.000145699 -0.00106372 0.00127532
23 26 23 -0.000638082 0.000303687 -0.000660949 0.000967589
24 26 23 -0.000615715 0.000255258 -2.82769e-05 0.000667129
25 26 23 -0.000383288 0.000388117 0.000165403 0.000570002
26 26 23 -0.000503191 0.000600426 0.000291539 0.000835887
27 26 23 -0.00476946 -0.00370911 0.00015253 0.00604388
28 26 23 -0.00523342 -0.0038205 -0.00348695 0.00735824
29 26 23 -0.0042218 -0.00270307 -0.00461268 0.00681227
30 26 23 -0.00309608 -0.00192003 -0.00486889 0.00608097
31 26 23 -0.0022217 -0.00134222 -0.00458087 0.00526515
32 26 23 -0.00158302 -0.000938318 -0.00428483 0.00466327
33 26 23 0.00243308 -0.00061372 -0.00444408 0.00510356
34 26 23 -0.0158119 -0.000194909 -0.0118949 0.0197875
35 26 23 0.00850234 -0.000785133 0.0109136 0.0138569
36 26 23 0.0024981 0.000282357 -0.000516344 0.00256648
37 26 23 -0.00386971 -0.000607734 0.00134315 0.00414102
38 26 23 0.00545879 0.000668865 -0.000828898 0.00556173
39 26 23 0 -0.000553485 0.00135369 0.00146247
0 26 24 0 0 0 0
1 26 24 -0.00150354 -3.73277e-05 -0.000213357 0.00151906
2 26 24 0.00449508 0.000222221 -0.00033261 0.00451284
3 26 24 -0.0140105 3.50307e-06 -0.000329212 0.0140144
4 26 24 0.0319214 0.00013459 0.000189871 0.0319223
5 26 24 -0.00749658 0.000115398 0.00518314 0.00911465
6 26 24 -0.0108629 -0.00219211 -0.00342799 0.0115999
7 26 24 0.00103675 -0.00136886 -0.0067768 0.00699097
8 26 24 0.00265541 -0.00157103 -0.00739819 0.00801577
9 26 24 0.00380691 -0.00214935 -0.00768473 0.00884123
10 26 24 0.00522794 -0.00298535 -0.0079724 0.00999014
11 26 24 0.00697434 -0.00416206 -0.00823431 0.0115658
12 26 24 0.00865274 -0.0062258 -0.00828533 0.013501
13 26 24 -0.000218842 -0.00862888 -0.00893893 0.0124262
14 26 24 -9.58749e-05 -0.000466779 4.9249e-05 0.000479061
15 26 24 -4.15049e-05 -0.000571925 0.000124879 0.000586869
16 26 24 0.000159137 -0.000306334 -0.000296456 0.000455029
17 26 24 -8.27788e-07 -0.000132465 -0.000614723 0.000628833
18 26 24 -0.000659114 -0.000340555 -0.000504103 0.000896955
19 26 24 -0.00067784 -0.000443504 -0.0005641 0.000987103
20 26 24 -0.000369824 -0.000395477 -0.00121325 0.00132859
21 26 24 -0.000319731 -0.000373484 -0.000580819 0.000760966
22 26 24 -0.000780766 -0.000204871 -0.000452315 0.000925287
23 26 24 -0.000871903 0.000137564 -0.000317963 0.00093821
24 26 24 -0.000594486 5.78632e-05 1.94358e-05 0.000597612
25 26 24 -0.000457417 -0.000116986 0.00031357 0.000566783
26 26 24 -0.000268321 0.000163374 5.1699e-05 0.000318371
27 26 24 -0.00781771 -0.00723765 -0.00809075 0.0133776
28 26 24 -0.00620018 -0.00530516 -0.00746745 0.0110612
29 26 24 -0.00443787 -0.00350175 -0.00717877 0.00913738
30 26 24 -0.00304644 -0.0025261 -0.00672847 0.00780604
31 26 24 -0.00197758 -0.0018332 -0.00599743 0.00657576
32 26 24 -0.00106726 -0.00130724 -0.00540852 0.00566568
33 26 24 0.00539384 -0.000885819 -0.00525762 0.00758424
34 26 24 -0.0171251 -0.000370084 -0.0121385 0.0209941
35 26 24 0.00988679 -0.00102186 0.0110597 0.0148698
36 26 24 0.000766128 0.000542169 -0.000561896 0.0010939
37 26 24 -0.00397116 -0.000703793 0.00123297 0.0042173
38 26 24 0.00605298 0.000821605 -0.000767606 0.00615653
39 26 24 0 -0.000625761 0.00131747 0.00145853
0 26 25 0 0 0 0
1 26 25 -0.00129724 -5.77995e-05 -0.000254609 0.00132325
2 26 25 0.00449827 0.000228903 -0.000285374 0.00451312
3 26 25 -0.0135309 1.79484e-05 -0.000315495 0.0135346
4 26 25 0.0369611 0.000263068 0.000383496 0.0369641
5 26 25 -0.0154642 0.000292309 0.00506874 0.0162763
6 26 25 -0.0141478 -0.00227582 -0.00507906 0.0152031
7 26 25 0.000603092 -0.00141704 -0.0083995 0.00853952
8 26 25 0.00242426 -0.00162784 -0.00922694 0.00967798
9 26 25 0.00369664 -0.00224253 -0.00981524 0.0107253
10 26 25 0.00517615 -0.00314921 -0.0104502 0.0120796
11 26 25 0.00682476 -0.00430366 -0.011222 0.0138214
12 26 25 0.00822053 -0.00611802 -0.0117254 0.0155722
13 26 25 0.00937717 -0.00794654 -0.0121049 0.0172513
14 26 25 -0.000133857 -0.00951083 -0.0120393 0.0153433
15 26 25 -9.52527e-05 -0.000111951 0.000156231 0.000214509
16 26 25 5.51545e-05 0.000119924 -0.000160034 0.000207447
17 26 25 -0.000109743 0.00030839 -3.73475e-05 0.000329458
18 26 25 -0.000174445 0.000181784 -0.000176606 0.000307679
19 26 25 -0.00036779 0.000356551 -0.000709959 0.000875465
20 26 25 -0.000734245 0.000811944 -0.000842252 0.00138122
21 26 25 -0.000880171 0.000299267 -0.000763566 0.00120304
22 26 25 -0.000789943 0.000255209 -0.000287464 0.000878508
23 26 25 -0.000911227 0.000553763 0.000137843 0.00107517
24 26 25 -0.000676842 0.000488337 0.000161709 0.00085014
25 26 25 -0.000525161 0.000505812 0.000295148 0.000786608
26 26 25 -0.00888076 -0.00826015 -0.0109741 0.0163563
27 26 25 -0.00738888 -0.0068633 -0.0110228 0.0149399
28 26 25 -0.00585362 -0.00532118 -0.0105582 0.013193
29 26 25 -0.00413416 -0.00372474 -0.00984402 0.0113079
30 26 25 -0.00265956 -0.00276749 -0.00882845 0.00962672
31 26 25 -0.00142099 -0.0019791 -0.00771848 0.00809389
32 26 25 -0.00025153 -0.00140983 -0.00676628 0.00691617
33 26 25 0.00879479 -0.000973035 -0.00618858 0.0107979
34 26 25 -0.01786 -0.000259836 -0.0123136 0.021695
35 26 25 0.0108073 -0.00080774 0.0111719 0.0155648
36 26 25 -0.000880699 0.000856969 -0.000689029 0.00140882
37 26 25 -0.00394973 -0.000806194 0.0011033 0.00417942
38 26 25 0.00656853 0.000951404 -0.000688405 0.00667268
39 26 25 0 -0.000703654 0.00127679 0.00145785
0 26 26 0 0 0 0
1 26 26 -0.000984264 -6.69647e-05 -0.000305732 0.00103283
2 26 26 0.00450816 0.000235349 -0.000231896 0.00452026
3 26 26 -0.0128051 -3.96708e-05 -0.000251641 0.0128076
4 26 26 0.0415814 0.000228238 0.000655375 0.0415872
5 26 26 -0.0250563 0.00019323 0.00474562 0.0255025
6 26 26 -0.0174129 -0.0025442 -0.00659925 0.0187945
7 26 26 -8.58095e-05 -0.001937 -0.0100541 0.0102393
8 26 26 0.00181789 -0.00225721 -0.0111419 0.0115127
9 26 26 0.00315276 -0.00290578 -0.0120685 0.0128075
10 26 26 0.00468754 -0.00388136 -0.012966 0.0143233
11 26 26 0.00632802 -0.00502166 -0.0140419 0.0161999
12 26 26 0.00803795 -0.00661256 -0.014903 0.0181779
13 26 26 0.00981694 -0.0084572 -0.0156858 0.0203455
14 26 26 0.0120184 -0.0105852 -0.0162623 0.0228244
15 26 26 -0.000187188 -0.0131084 -0.0164282 0.0210179
16 26 26 -9.83251e-05 -0.000165585 -7.43248e-05 0.000206422
17 26 26 -0.000221988 0.000155822 0.000174109 0.000322293
18 26 26 -0.000162548 -2.52965e-05 -0.000113276 0.000199732
19 26 26 -0.000408713 -0.000224969 -0.00038271 0.000603427
20 26 26 -0.000554706 -0.000197503 -0.00041916 0.000722773
21 26 26 -0.000796851 -0.000176519 -0.000434159 0.000924459
22 26 26 -0.000718642 5.83428e-05 -0.000243594 0.000761044
23 26 26 -0.000725172 0.000323017 0.000226368 0.000825504
24 26 26 -0.000565899 0.000310664 0.000193132 0.000673835
25 26 26 -0.0116947 -0.0119497 -0.0153976 0.0227299
26 26 26 -0.00912525 -0.00954578 -0.0150204 0.0200002
27 26 26 -0.00701017 -0.00754451 -0.0144084 0.0177106
28 26 26 -0.00507741 -0.00587071 -0.0135082 0.0155794
29 26 26 -0.00332905 -0.00443411 -0.0123837 0.0135684
30 26 26 -0.0017664 -0.00345488 -0.010965 0.0116313
31 26 26 -0.000422233 -0.00255991 -0.00953879 0.00988534
32 26 26 0.00095762 -0.00195054 -0.0081401 0.00842513
33 26 26 0.0128878 -0.00140714 -0.00710555 0.0147839
34 26 26 -0.0177176 -0.000270674 -0.0123511 0.0215995
35 26 26 0.0112135 -0.000511822 0.0113005 0.0159282
36 26 26 -0.00246484 0.0010323 -0.000800548 0.00278962
37 26 26 -0.00383758 -0.000939328 0.0010053 0.00407676
38 26 26 0.00698628 0.00108127 -0.000592925 0.00709428
39 26 26 0 -0.00076711 0.00122554 0.00144582
0 26 27 0 0 0 0
1 26 27 -0.000591636 -8.03382e-05 -0.000366309 0.000700478
2 26 27 0.00448143 0.0002548 -0.000204793 0.00449334
3 26 27 -0.0117431 -2.09152e-05 -0.000213549 0.0117451
4 26 27 0.0457198 0.00029574 0.000970872 0.0457311
5 26 27 -0.0358019 8.37891e-05 0.004149 0.0360416
6 26 27 -0.0207455 -0.00272123 -0.00785999 0.0223509
7 26 27 -0.000973679 -0.00267433 -0.0117232 0.0120637
8 26 27 0.000947819 -0.00320893 -0.0131224 0.0135423
9 26 27 0.00226583 -0.00391559 -0.0144302 0.0151227
10 26 27 0.00384089 -0.004914 -0.0156067 0.0168068
11 26 27 0.00552393 -0.00606818 -0.0169059 0.0187922
12 26 27 0.00739481 -0.00755743 -0.0181103 0.0209709
13 26 27 0.00957741 -0.0093855 -0.0193769 0.0235644
14 26 27 0.0121675 -0.0118398 -0.0208589 0.0268947
15 26 27 0.0166133 -0.0153294 -0.0227469 0.0320689
16 26 27 -5.91594e-05 -0.0219928 -0.027529 0.0352354
17 26 27 -5.91335e-05 -0.0153658 -0.019623 0.0249234
18 26 27 -0.000326126 -3.44246e-05 8.69165e-05 0.00033926
19 26 27 -0.00050722 -0.000151601 -1.04077e-06 0.000529393
20 26 27 -0.000337861 -8.99439e-06 -0.000259777 0.000426281
21 26 27 -0.000654638 0.000201181 -6.44282e-05 0.000687878
22 26 27 -0.000887424 0.000124843 -6.44572e-05 0.000898478
23 26 27 -0.000676843 -0.0146975 -0.018898 0.0239501
24 26 27 -0.0164053 -0.020947 -0.0265491 0.0375868
25 26 27 -0.0115184 -0.014304 -0.0217001 0.0284284
26 26 27 -0.00853758 -0.0109024 -0.0195265 0.0239381
27 26 27 -0.00603374 -0.00855533 -0.0179677 0.0207952
28 26 27 -0.0039358 -0.00687378 -0.0165266 0.0183267
29 26 27 -0.0021229 -0.00549409 -0.0149744 0.0160911
30 26 27 -0.000458969 -0.00443138 -0.0132355 0.0139652
31 26 27 0.000925503 -0.00344482 -0.0114538 0.0119963
32 26 27 0.00252442 -0.00274196 -0.00954604 0.0102478
33 26 27 0.0177397 -0.001988 -0.00807023 0.0195903
34 26 27 -0.0167309 -0.000277503 -0.0122698 0.0207497
35 26 27 0.0108211 -8.28462e-05 0.0114693 0.0157686
36 26 27 -0.00404101 0.00120425 -0.000910067 0.00431372
37 26 27 -0.00360677 -0.00103528 0.000894283 0.0038575
38 26 27 0.00732955 0.00120704 -0.000506659 0.00744554
39 26 27 0 -0.000828505 0.00116154 0.00142674
0 26 28 0 0 0 0
1 26 28 -0.000119743 -0.000108937 -0.000407243 0.000438238
2 26 28 0.00432854 0.000220864 -0.000173783 0.00433765
3 26 28 -0.0104913 -2.93417e-05 -0.000211482 0.0104935
4 26 28 0.04892 0.000425556 0.00128699 0.0489388
5 26 28 -0.0472496 -1.04529e-05 0.00325889 0.0473618
6 26 28 -0.024525 -0.00284228 -0.00866805 0.0261666
7 26 28 -0.0022464 -0.00383756 -0.0132595 0.0139853
8 26 28 -0.000250149 -0.00472326 -0.0150096 0.0157372
9 26 28 0.00107364 -0.00561478 -0.0166713 0.0176241
10 26 28 0.00268241 -0.00665522 -0.0181242 0.019493
11 26 28 0.0043963 -0.00778263 -0.0195803 0.0215241
12 26 28 0.00620337 -0.00915379 -0.0210101 0.0237423
13 26 28 0.00822513 -0.0108156 -0.0226136 0.0263819
14 26 28 0.0103786 -0.0130316 -0.024628 0.0297334
15 26 28 0.0119617 -0.0161857 -0.02727 0.0338927
16 26 28 0.00763113 -0.020204 -0.0308256 0.0376384
17 26 28 0.0195208 -0.0207155 -0.0309895 0.0420778
18 26 28 -0.00050386 -0.0310128 -0.0420437 0.0522467
19 26 28 -0.000935466 -0.0280852 -0.0353635 0.0451689
20 26 28 9.94258e-06 -0.0267263 -0.0334283 0.0427989
21 26 28 -0.000398591 -0.0276691 -0.0350075 0.0446236
22 26 28 -0.0196028 -0.0302291 -0.0412141 0.0547419
23 26 28 -0.00777356 -0.0200926 -0.0301003 0.0370158
24 26 28 -0.0115272 -0.0194187 -0.0298023 0.0373917
25 26 28 -0.00952855 -0.0154279 -0.0261613 0.0318312
26 26 28 -0.00700229 -0.0123485 -0.0232381 0.027231
27 26 28 -0.00462301 -0.0101881 -0.0211483 0.0239253
28 26 28 -0.00250575 -0.00856602 -0.0193378 0.021298
29 26 28 -0.00053882 -0.00713113 -0.0174861 0.018892
30 26 28 0.00127299 -0.00592717 -0.0154862 0.0166305
31 26 28 0.00271215 -0.00476735 -0.013302 0.0143884
32 26 28 0.00458494 -0.00380122 -0.0108978 0.0124191
33 26 28 0.0234792 -0.00271774 -0.00901077 0.0252953
34 26 28 -0.0147763 -0.000271396 -0.0120774 0.019086
35 26 28 0.00963935 0.000446862 0.0116633 0.0151377
36 26 28 -0.0054496 0.00140422 -0.00107788 0.0057299
37 26 28 -0.00318138 -0.00114051 0.000757495 0.00346349
38 26 28 0.00761018 0.00128929 -0.00040882 0.00772944
39 26 28 0 -0.000894832 0.00110663 0.00142315
0 26 29 0 0 0 0
1 26 29 0.00048549 -0.000109458 -0.000450228 0.000671109
2 26 29 0.00417663 0.000196912 -0.000138011 0.00418355
3 26 29 -0.00889907 -7.97294e-05 -0.000201512 0.0089017
4 26 29 0.0509372 0.00050165 0.001653 0.0509665
5 26 29 -0.0585911 -0.000195884 0.00217238 0.0586316
6 26 29 -0.0289761 -0.0031725 -0.00879754 0.030448
7 26 29 -0.00393972 -0.00607025 -0.0143135 0.0160389
8 26 29 -0.00180164 -0.00754604 -0.0163999 0.0181423
9 26 29 -0.000414877 -0.00884931 -0.0183052 0.0203362
10 26 29 0.00122779 -0.0101211 -0.0199468 0.0224013
11 26 29 0.00297735 -0.0113172 -0.0214644 0.0244471
12 26 29 0.00468158 -0.0126057 -0.0229094 0.0265643
13 26 29 0.00631156 -0.0140592 -0.0245255 0.0289655
14 26 29 0.0077232 -0.0157483 -0.0264881 0.0317691
15 26 29 0.00838467 -0.0178779 -0.0287556 0.0348827
16 26 29 0.00744149 -0.0201956 -0.0312527 0.037947
17 26 29 0.00852147 -0.0217975 -0.0331272 0.0405605
18 26 29 0.0060413 -0.024584 -0.0365048 0.0444238
19 26 29 0.00083018 -0.0272865 -0.0384919 0.0471897
20 26 29 -0.0013083 -0.0272168 -0.0380383 0.0467908
21 26 29 -0.00634207 -0.0270265 -0.0381576 0.0471874
22 26 29 -0.00851388 -0.0241235 -0.0359669 0.0441367
23 26 29 -0.00716163 -0.0212862 -0.0322971 0.0393382
24 26 29 -0.00770582 -0.0196207 -0.0303277 0.0369341
25 26 29 -0.00663934 -0.0173109 -0.0277141 0.033344
26 26 29 -0.00479559 -0.0151753 -0.0251852 0.0297923
27 26 29 -0.00270554 -0.0134262 -0.0231682 0.0269137
28 26 29 -0.000570707 -0.0118524 -0.021312 0.0243927
29 26 29 0.00155428 -0.010314 -0.019375 0.0220042
30 26 29 0.00347299 -0.00886544 -0.0172087 0.0196672
31 26 29 0.00497163 -0.00727677 -0.0146896 0.0171304
32 26 29 0.00710638 -0.00572552 -0.0118898 0.0149883
33 26 29 0.0299549 -0.00402115 -0.00963994 0.0317237
34 26 29 -0.011765 -0.000455714 -0.0118165 0.0166809
35 26 29 0.00759358 0.000880597 0.0118988 0.0141428
36 26 29 -0.00675841 0.00158179 -0.00127432 0.00705705
37 26 29 -0.00267824 -0.00126259 0.000637562 0.00302879
38 26 29 0.00777256 0.00135992 -0.000296367 0.00789619
39 26 29 0 -0.000938237 0.00104836 0.00140689
0 26 30 0 0 0 0
1 26 30 0.00115705 -0.000105919 -0.000510711 0.00126918
2 26 30 0.0039807 0.000189788 -0.00013405 0.00398747
3 26 30 -0.00691955 -0.000101228 -0.000214887 0.00692363
4 26 30 0.0515109 0.000651551 0.00205097 0.0515558
5 26 30 -0.0690153 -7.3719e-05 0.000924281 0.0690215
6 26 30 -0.0342921 -0.00323167 -0.0082801 0.0354253
7 26 30 -0.0059934 -0.00903992 -0.014579 0.0181711
8 26 30 -0.00358846 -0.0113172 -0.0168862 0.0206422
9 26 30 -0.00202249 -0.0131666 -0.0188436 0.0230767
10 26 30 -0.000329037 -0.0147924 -0.0204718 0.025259
11 26 30 0.00140915 -0.0161481 -0.0219203 0.0272625
12 26 30 0.00303799 -0.0174014 -0.0232239 0.0291785
13 26 30 0.00443375 -0.0187137 -0.0246293 0.0312484
14 26 30 0.00547198 -0.0200602 -0.0263001 0.0335268
15 26 30 0.00591116 -0.0215407 -0.0280935 0.0358914
16 26 30 0.00563232 -0.0230219 -0.0299868 0.0382222
17 26 30 0.00522624 -0.0242891 -0.031709 0.0402832
18 26 30 0.00396501 -0.0256216 -0.0334952 0.0423571
19 26 30 0.00113964 -0.0268803 -0.035013 0.0441561
20 26 30 -0.00122547 -0.0270738 -0.0351765 0.0444058
21 26 30 -0.00395305 -0.0267379 -0.0347122 0.0439941
22 26 30 -0.00499391 -0.0252828 -0.0330621 0.0419197
23 26 30 -0.00509019 -0.0238606 -0.0309766 0.0394308
24 26 30 -0.00498263 -0.0225355 -0.029174 0.0371994
25 26 30 -0.00410862 -0.0210463 -0.0271689 0.0346118
26 26 30 -0.00258149 -0.0195098 -0.0251486 0.0319335
27 26 30 -0.000652734 -0.0180319 -0.0234533 0.0295911
28 26 30 0.00151296 -0.0164736 -0.0218272 0.0273879
29 26 30 0.00377695 -0.0147661 -0.020075 0.0252053
30 26 30 0.00589192 -0.012844 -0.0179883 0.0228749
31 26 30 0.00763003 -0.0104836 -0.0153838 0.0201192
32 26 30 0.0100399 -0.00801768 -0.012299 0.0177862
33 26 30 0.0368148 -0.00535121 -0.00967053 0.0384381
34 26 30 -0.0074626 -0.000354709 -0.0117339 0.0139104
35 26 30 0.00465518 0.00131529 0.012146 0.0130739
36 26 30 -0.00799507 0.00178777 -0.00147819 0.0083248
37 26 30 -0.00208968 -0.00138703 0.00052865 0.00256322
38 26 30 0.00786266 0.00141172 -0.000200024 0.00799089
39 26 30 0 -0.000977981 0.000972641 0.0013793
0 26 31 0 0 0 0
1 26 31 0.00187288 -0.000108737 -0.000552549 0.00195571
2 26 31 0.00369 0.000161272 -0.000139673 0.00369616
3 26 31 -0.00455496 -0.000183515 -0.000251874 0.00456561
4 26 31 0.0504417 0.000603357 0.00250854 0.0505076
5 26 31 -0.0777637 1.59951e-05 -0.000339175 0.0777645
6 26 31 -0.040408 -0.00376008 -0.0070781 0.0411952
7 26 31 -0.00833629 -0.0136356 -0.0132269 0.0207455
8 26 31 -0.00553626 -0.0171481 -0.0155008 0.0237694
9 26 31 -0.00361928 -0.0198386 -0.0171831 0.0264939
10 26 31 -0.00174273 -0.0220054 -0.0184335 0.0287588
11 26 31 -5.62684e-06 -0.023644 -0.0195469 0.0306777
12 26 31 0.00152237 -0.024911 -0.0205508 0.0323297
13 26 31 0.00275982 -0.0260654 -0.0216363 0.0339875
14 26 31 0.00363537 -0.0271353 -0.0229451 0.0357214
15 26 31 0.00402993 -0.0282295 -0.0242973 0.0374633
16 26 31 0.0039502 -0.0292804 -0.0257504 0.0391922
17 26 31 0.00349744 -0.030199 -0.0270844 0.0407158
18 26 31 0.00252358 -0.0310271 -0.0281923 0.0419982
19 26 31 0.000928457 -0.0315711 -0.029149 0.0429798
20 26 31 -0.000694539 -0.0316553 -0.0293557 0.0431775
21 26 31 -0.00220801 -0.0314373 -0.0288666 0.0427371
22 26 31 -0.00299304 -0.030727 -0.0277913 0.0415387
23 26 31 -0.00316165 -0.0298477 -0.026394 0.0399691
24 26 31 -0.00287439 -0.028888 -0.0250012 0.0383124
25 26 31 -0.00204554 -0.0278285 -0.0234572 0.0364534
26 26 31 -0.000653857 -0.0266501 -0.0219402 0.0345257
27 26 31 0.00119236 -0.0253663 -0.0207097 0.0327683
28 26 31 0.00342011 -0.0237683 -0.0195893 0.0309898
29 26 31 0.00594218 -0.0216864 -0.0184224 0.0290687
30 26 31 0.00854614 -0.0189349 -0.0169356 0.0268026
31 26 31 0.0108418 -0.0153798 -0.0147631 0.0239172
32 26 31 0.0134922 -0.0114824 -0.01151 0.0211273
33 26 31 0.0432597 -0.00721029 -0.00840583 0.0446548
34 26 31 -0.00155541 -0.00034195 -0.0119443 0.01205
35 26 31 0.000871358 0.0013501 0.0124418 0.0125451
36 26 31 -0.00911128 0.00189886 -0.0016677 0.00945528
37 26 31 -0.0013708 -0.00152635 0.000420858 0.00209427
38 26 31 0.00791277 0.00144452 -0.000113776 0.00804434
39 26 31 0 -0.00100928 0.000904532 0.0013553
0 26 32 0 0 0 0
1 26 32 0.00266616 -9.9473e-05 -0.000586595 0.00273174
2 26 32 0.00338017 0.000170767 -0.000159834 0.00338826
3 26 32 -0.00168742 -0.000148729 -0.000329811 0.00172577
4 26 32 0.0477165 0.000676916 0.00303981 0.0478181
5 26 32 -0.0840299 0.000674717 -0.00206988 0.0840581
6 26 32 -0.0462757 -0.00448001 -0.00429079 0.0466897
7 26 32 -0.0105171 -0.0188195 -0.0048501 0.0220977
8 26 32 -0.00719669 -0.0239819 -0.00539126 0.0256123
9 26 32 -0.00489826 -0.0277712 -0.00541461 0.0287149
10 26 32 -0.00280884 -0.0305881 -0.00528203 0.0311676
11 26 32 -0.0010434 -0.0325719 -0.00537606 0.0330291
12 26 32 0.000388781 -0.0339391 -0.00566977 0.0344116
13 26 32 0.00148651 -0.0350083 -0.00622886 0.0355892
14 26 32 0.00225161 -0.0358602 -0.0071015 0.0366259
15 26 32 0.00262061 -0.0366422 -0.00802653 0.0376024
16 26 32 0.00262734 -0.0373536 -0.00910853 0.0385378
17 26 32 0.0023489 -0.0379413 -0.0101301 0.0393406
18 26 32 0.00171912 -0.038481 -0.0108454 0.0400171
19 26 32 0.000741841 -0.0388318 -0.0114655 0.0404959
20 26 32 -0.000299982 -0.0388726 -0.0116143 0.0405717
21 26 32 -0.00117321 -0.0386355 -0.0112326 0.0402523
22 26 32 -0.00161347 -0.0381378 -0.0104946 0.0395883
23 26 32 -0.00162331 -0.0375762 -0.00950393 0.0387934
24 26 32 -0.00126802 -0.0369597 -0.00845344 0.0379353
25 26 32 -0.000472574 -0.0362736 -0.00732998 0.0370098
26 26 32 0.000818679 -0.0354378 -0.00637622 0.0360162
27 26 32 0.00256118 -0.0343353 -0.00583982 0.0349224
28 26 32 0.00479731 -0.0326428 -0.00574779 0.0334904
29 26 32 0.00759053 -0.0300721 -0.00614366 0.0316179
30 26 32 0.0108949 -0.0263355 -0.00688986 0.0293211
31 26 32 0.0142741 -0.0212804 -0.00746947 0.0266908
32 26 32 0.0173131 -0.0153319 -0.00634181 0.0239798
33 26 32 0.0475533 -0.00884356 -0.00419381 0.0485502
34 26 32 0.00619664 3.10966e-05 -0.0121169 0.0136095
35 26 32 -0.00368631 0.00121915 0.0123545 0.0129503
36 26 32 -0.0101426 0.00212106 -0.0018632 0.0105282
37 26 32 -0.000605044 -0.00160042 0.000308048 0.00173848
38 26 32 0.00788773 0.00146702 -3.18788e-05 0.00802305
39 26 32 0 -0.00103151 0.000837669 0.00132879
0 26 33 0 0 0 0
1 26 33 0.00349204 -0.000103183 -0.000647764 0.00355311
2 26 33 0.0030428 0.000128496 -0.000146593 0.00304904
3 26 33 0.001744 -0.000187091 -6.8481e-05 0.00175534
4 26 33 0.0426245 0.000598403 0.00479806 0.0428978
5 26 33 -0.0859864 0.00165421 -0.00940546 0.0865151
6 26 33 -0.046725 -0.00542179 0.0239927 0.0528041
7 26 33 -0.010971 -0.0230156 0.0604869 0.065641
8 26 33 -0.00713451 -0.0302391 0.077642 0.0836276
9 26 33 -0.00480426 -0.0351394 0.0902898 0.0970057
10 26 33 -0.00291252 -0.0383914 0.0994719 0.106663
11 26 33 -0.00142053 -0.0404392 0.105727 0.113206
12 26 33 -0.000264026 -0.041712 0.109882 0.117533
13 26 33 0.000605049 -0.0426445 0.11254 0.120351
14 26 33 0.00123594 -0.0433528 0.114105 0.12207
15 26 33 0.00159219 -0.0439565 0.115137 0.123253
16 26 33 0.00165912 -0.0444789 0.115615 0.123887
17 26 33 0.0015118 -0.0448394 0.115691 0.124086
18 26 33 0.00116277 -0.045123 0.11571 0.124203
19 26 33 0.000619512 -0.045318 0.115555 0.124125
20 26 33 2.02764e-05 -0.0453086 0.115434 0.124007
21 26 33 -0.000432805 -0.045046 0.115348 0.123832
22 26 33 -0.000612405 -0.0446736 0.115188 0.123549
23 26 33 -0.00050089 -0.0443511 0.114939 0.1232
24 26 33 -0.000106594 -0.0440165 0.114353 0.122532
25 26 33 0.000630089 -0.0436761 0.113294 0.121423
26 26 33 0.00168899 -0.0432066 0.11151 0.1196
27 26 33 0.00302118 -0.0423865 0.10865 0.116664
28 26 33 0.00474994 -0.0408303 0.104221 0.112034
29 26 33 0.00714241 -0.0380968 0.0974565 0.104882
30 26 33 0.010652 -0.0336591 0.0871913 0.0940677
31 26 33 0.0157597 -0.0270968 0.0716999 0.0782526
32 26 33 0.0204135 -0.0185538 0.0492313 0.056433
33 26 33 0.0468937 -0.00961876 0.0222537 0.0527899
34 26 33 0.0156884 0.000539322 -0.00899707 0.0180932
35 26 33 -0.00843891 0.000746117 0.00907471 0.0124146
36 26 33 -0.0110632 0.00229653 -0.00172455 0.0114299
37 26 33 0.000157917 -0.00170264 0.000396576 0.00175534
38 26 33 0.00781249 0.00144039 0.000125991 0.00794516
39 26 33 0 -0.00104964 0.000660289 0.00124005
0 26 34 0 0 0 0
1 26 34 0.0043857 -9.20428e-05 -0.000790815 0.00445738
2 26 34 0.00303909 0.00011267 -6.06588e-05 0.00304179
3 26 34 0.00678571 -0.00015914 0.0010631 0.00687032
4 26 34 0.0285301 0.000460056 0.00675168 0.0293217
5 26 34 -0.0523505 0.00313278 0.0121809 0.0538402
6 26 34 -0.0102264 0.00924417 0.0901423 0.0911903
7 26 34 0.00618845 0.0157271 0.108892 0.110196
8 26 34 0.00560788 0.0212391 0.102462 0.104791
9 26 34 0.00439682 0.0255232 0.0962154 0.0996402
10 26 34 0.00338753 0.0285152 0.0913283 0.0957364
11 26 34 0.00269098 0.030361 0.0875394 0.0926941
12 26 34 0.00230552 0.0313444 0.0846562 0.0903021
13 26 34 0.00212571 0.0316303 0.0823561 0.0882469
14 26 34 0.00205803 0.031516 0.080278 0.0862674
15 26 34 0.00199017 0.0312064 0.078502 0.0845007
16 26 34 0.00177649 0.0308205 0.0768103 0.0827822
17 26 34 0.0014057 0.03056 0.0751274 0.0811173
18 26 34 0.000953433 0.0304744 0.0736697 0.0797297
19 26 34 0.000440311 0.0305092 0.0723743 0.0785433
20 26 34 -8.0908e-05 0.0306769 0.0713372 0.0776536
21 26 34 -0.000519132 0.0309959 0.0704278 0.0769486
22 26 34 -0.000809422 0.0313112 0.0695618 0.0762882
23 26 34 -0.000911274 0.0314999 0.0687372 0.0756167
24 26 34 -0.000796067 0.0315448 0.0677096 0.0747014
25 26 34 -0.000488654 0.031238 0.0664447 0.0734231
26 26 34 -0.000172425 0.0304972 0.0650298 0.071826
27 26 34 -6.63525e-05 0.0292307 0.0636329 0.0700256
28 26 34 -0.000356891 0.0273255 0.0625798 0.0682865
29 26 34 -0.00124233 0.0246824 0.0624812 0.0671912
30 26 34 -0.00275061 0.0212077 0.0639771 0.0674567
31 26 34 -0.00456599 0.016785 0.0674859 0.0696917
32 26 34 -0.00390887 0.0112754 0.0732415 0.0742074
33 26 34 0.0213503 0.00546818 0.0778467 0.0809064
34 26 34 0.0207177 0.00265124 0.0476943 0.0520673
35 26 34 -0.0103093 0.000502145 0.0111027 0.0151593
36 26 34 -0.0120015 0.00224222 -0.00136674 0.0122854
37 26 34 0.000717993 -0.00165677 0.000926191 0.00202934
38 26 34 0.00754488 0.0013581 0.000394192 0.00767627
39 26 34 0 -0.00103839 0.000196394 0.0010568
0 26 35 0 0 0 0
1 26 35 0.00547687 -0.000108719 -0.000996078 0.00556777
2 26 35 0.00413157 7.1983e-05 9.96863e-05 0.00413339
3 26 35 0.0127183 -8.88177e-05 0.00127199 0.012782
4 26 35 0.0341158 -0.00018432 -0.00748505 0.0349277
5 26 35 0.0257557 -0.00172102 -0.0436524 0.0507134
6 26 35 0.00850537 -0.0034567 -0.0744519 0.0750158
7 26 35 -0.000297887 -0.00506231 -0.0851107 0.0852616
8 26 35 -0.000622136 -0.00636311 -0.085585 0.0858235
9 26 35 -0.00050718 -0.00750438 -0.0856832 0.0860127
10 26 35 -0.000335947 -0.00852566 -0.0858064 0.0862295
11 26 35 -0.000151424 -0.00942219 -0.0861605 0.0866743
12 26 35 3.01546e-05 -0.0101182 -0.086742 0.0873302
13 26 35 0.000154868 -0.0106872 -0.0875159 0.0881662
14 26 35 0.000203309 -0.0111302 -0.0885513 0.0892483
15 26 35 0.000217722 -0.0114419 -0.0896117 0.0903395
16 26 35 0.000146062 -0.0117072 -0.0906493 0.0914023
17 26 35 -6.12921e-05 -0.0118996 -0.0916352 0.0924046
18 26 35 -0.000362166 -0.0119594 -0.0924069 0.0931783
19 26 35 -0.000750564 -0.0119036 -0.0929114 0.0936739
20 26 35 -0.00121638 -0.0117426 -0.0929361 0.0936829
21 26 35 -0.00174112 -0.011441 -0.0924836 0.0932049
22 26 35 -0.00230488 -0.0110247 -0.0915047 0.0921953
23 26 35 -0.00286393 -0.0104883 -0.0899185 0.0905735
24 26 35 -0.00337589 -0.00982026 -0.0878615 0.088473
25 26 35 -0.00380812 -0.0091464 -0.08534 0.0859132
26 26 35 -0.00414985 -0.00843487 -0.082392 0.0829265
27 26 35 -0.00434681 -0.0077133 -0.0791991 0.0796924
28 26 35 -0.00437611 -0.00702966 -0.0759502 0.0764003
29 26 35 -0.00429664 -0.00632081 -0.0726768 0.0730775
30 26 35 -0.00417103 -0.00553182 -0.0694735 0.0698181
31 26 35 -0.00411303 -0.00461966 -0.0664435 0.0667308
32 26 35 -0.0049188 -0.00354417 -0.0634068 0.063696
33 26 35 -0.0147258 -0.00226936 -0.0595391 0.0613751
34 26 35 -0.0234979 -0.000981261 -0.0447909 0.0505899
35 26 35 -0.0156203 -0.000114025 -0.0199036 0.0253014
36 26 35 -0.0121968 0.00146046 -0.00693197 0.0141048
37 26 35 0.00069969 -0.00126845 0.00112923 0.00183676
38 26 35 0.006737 0.00110076 0.00061305 0.0068538
39 26 35 0 -0.000985152 -0.000595958 0.00115139
0 26 36 0 0 0 0
1 26 36 0.00694761 -0.000185707 -0.00121905 0.00705619
2 26 36 0.00538517 -1.07318e-05 3.45321e-05 0.0053853
3 26 36 0.00426064 3.26384e-05 0.00139363 0.00448289
4 26 36 -0.00186486 0.000408745 0.00264526 0.00326224
5 26 36 -0.00489101 0.000960267 0.008215 0.00960887
6 26 36 -0.00203676 0.00162198 0.015019 0.015243
7 26 36 -0.00061339 0.00206315 0.0178251 0.0179546
8 26 36 -0.000455057 0.00238894 0.0188095 0.0189661
9 26 36 -0.000374397 0.0027229 0.0195387 0.0197311
10 26 36 -0.000319589 0.00304436 0.0202244 0.0204548
11 26 36 -0.000304222 0.00330347 0.0208157 0.0210784
12 26 36 -0.00028646 0.00353778 0.0213229 0.0216163
13 26 36 -0.000256455 0.00371104 0.0218149 0.0221298
14 26 36 -0.000239022 0.00381031 0.0222319 0.0225573
15 26 36 -0.00017957 0.00387584 0.0226246 0.0229548
16 26 36 -6.50623e-05 0.00387078 0.0229652 0.0232892
17 26 36 6.75774e-05 0.00377153 0.0232206 0.023525
18 26 36 0.000220334 0.00360676 0.0233669 0.0236446
19 26 36 0.000383855 0.00339342 0.0233204 0.0235692
20 26 36 0.000566536 0.00312908 0.023153 0.0233704
21 26 36 0.000757185 0.00283687 0.0227951 0.0229834
22 26 36 0.000943513 0.00253796 0.0222394 0.0224036
23 26 36 0.00112884 0.00226427 0.0215315 0.0216797
24 26 36 0.00128744 0.00203841 0.020611 0.0207515
25 26 36 0.00140828 0.00183334 0.0195275 0.0196639
26 26 36 0.00149893 0.00171548 0.0183197 0.0184608
27 26 36 0.00158077 0.00165097 0.0169553 0.0171087
28 26 36 0.00164791 0.00159453 0.0154173 0.0155868
29 26 36 0.00171374 0.00157935 0.0137621 0.0139581
30 26 36 0.0018329 0.00156286 0.0119472 0.0121876
31 26 36 0.00200217 0.00151142 0.00992285 0.010235
32 26 36 0.00229273 0.00143806 0.00775978 0.0082182
33 26 36 0.0037315 0.00136005 0.0052731 0.00660147
34 26 36 0.00482104 0.00114691 0.00134152 0.00513395
35 26 36 0.00161779 0.000748444 -0.00346971 0.00390081
36 26 36 -0.00570265 0.000600136 -0.00502635 0.00762526
37 26 36 0.000241374 -0.000623946 0.000216718 0.000703232
38 26 36 0.00511654 0.000656065 0.000317497 0.00516819
39 26 36 0 -0.000852202 -0.00152361 0.00174575
0 26 37 0 0 0 0
1 26 37 0.00863974 -0.00030823 -0.00128696 0.0087405
2 26 37 0.00694696 -0.000155196 -0.00143367 0.00709505
3 26 37 0.00585198 -0.000207068 -0.0037017 0.00692756
4 26 37 0.00402577 -0.00036432 -0.00763881 0.00864239
5 26 37 0.00215995 -0.000613176 -0.0109618 0.0111894
6 26 37 0.000875189 -0.000815944 -0.0127501 0.0128062
7 26 37 0.000421285 -0.000920403 -0.0132771 0.0133156
8 26 37 0.000329082 -0.000977991 -0.0134137 0.0134534
9 26 37 0.000240995 -0.00100373 -0.0136156 0.0136547
10 26 37 0.000158603 -0.000983562 -0.0137981 0.013834
11 26 37 5.32106e-05 -0.000949083 -0.0139614 0.0139937
12 26 37 -6.1327e-05 -0.000886534 -0.0141318 0.0141597
13 26 37 -0.000159643 -0.000801214 -0.014268 0.0142913
14 26 37 -0.00026686 -0.000715676 -0.0143679 0.0143882
15 26 37 -0.000371181 -0.000617091 -0.0144139 0.0144318
16 26 37 -0.000457733 -0.000507557 -0.0144304 0.0144466
17 26 37 -0.00053233 -0.000403391 -0.014407 0.0144225
18 26 37 -0.000597239 -0.000311916 -0.0143475 0.0143634
19 26 37 -0.000667395 -0.000229687 -0.0143017 0.0143192
20 26 37 -0.000729123 -0.000163874 -0.0142173 0.0142369
21 26 37 -0.000788372 -0.000119202 -0.0141249 0.0141473
22 26 37 -0.000849055 -9.48458e-05 -0.0140182 0.0140442
23 26 37 -0.000902252 -9.20601e-05 -0.013853 0.0138827
24 26 37 -0.000968009 -0.000107246 -0.0136468 0.0136815
25 26 37 -0.00104151 -0.000146719 -0.0133731 0.0134144
26 26 37 -0.00110935 -0.0001841 -0.0130064 0.0130549
27 26 37 -0.00117659 -0.000241104 -0.012539 0.0125964
28 26 37 -0.00125776 -0.00031946 -0.0119742 0.0120443
29 26 37 -0.00133399 -0.000380949 -0.0112997 0.0113846
30 26 37 -0.00138629 -0.000443836 -0.0105353 0.0106353
31 26 37 -0.0014465 -0.000500938 -0.00967463 0.00979498
32 26 37 -0.00150717 -0.00052821 -0.00868472 0.00883035
33 26 37 -0.00150544 -0.000531172 -0.00763836 0.00780339
34 26 37 -0.00120576 -0.000496264 -0.00651566 0.00664485
35 26 37 -0.000760244 -0.000368504 -0.0054235 0.00548891
36 26 37 -0.00199676 -0.000191081 -0.00443425 0.00486684
37 26 37 -8.13771e-06 -0.000246091 -0.00187674 0.00189283
38 26 37 0.00305981 0.000199052 -0.000978033 0.00321848
39 26 37 0 -0.000647658 -0.00222311 0.00231553
0 26 38 0 0 0 0
1 26 38 0.00903826 -0.000455774 -0.0011438 0.00912174
2 26 38 0.00486499 -0.000235038 -0.00042064 0.0048888
3 26 38 0.00192001 -0.000131493 0.0002529 0.00194105
4 26 38 0.00064454 -5.20508e-05 0.000664192 0.00092698
5 26 38 0.000345125 2.49267e-05 0.000273508 0.000441066
6 26 38 0.00030699 7.99478e-05 -0.000922698 0.000975708
7 26 38 0.000296887 0.000106183 -0.0024494 0.00246961
8 26 38 0.000278646 0.000106297 -0.00397581 0.00398698
9 26 38 0.000248741 8.86427e-05 -0.00544412 0.00545052
10 26 38 0.00023025 7.03869e-05 -0.00681345 0.0068177
11 26 38 0.00020744 3.92127e-05 -0.00806677 0.00806953
12 26 38 0.000171044 -4.06806e-06 -0.00922282 0.0092244
13 26 38 0.000134761 -4.56866e-05 -0.010273 0.010274
14 26 38 9.23446e-05 -8.78768e-05 -0.0112008 0.0112015
15 26 38 4.31341e-05 -0.000134134 -0.0119881 0.011989
16 26 38 -1.26045e-05 -0.000181426 -0.0126444 0.0126457
17 26 38 -7.01803e-05 -0.000226817 -0.0131542 0.0131564
18 26 38 -0.000126012 -0.000273385 -0.0135106 0.013514
19 26 38 -0.000189475 -0.000316333 -0.0137346 0.0137396
20 26 38 -0.000248266 -0.000352767 -0.0138046 0.0138113
21 26 38 -0.000306529 -0.000383127 -0.0137405 0.0137493
22 26 38 -0.000365261 -0.000404853 -0.0135519 0.0135628
23 26 38 -0.000413056 -0.000420136 -0.0132314 0.0132445
24 26 38 -0.000460774 -0.000425598 -0.0128022 0.0128175
25 26 38 -0.000502488 -0.000424256 -0.0122808 0.0122984
26 26 38 -0.000530449 -0.000412564 -0.0116797 0.0116991
27 26 38 -0.000551739 -0.000393703 -0.011008 0.0110288
28 26 38 -0.000571145 -0.000366662 -0.0102898 0.0103122
29 26 38 -0.000579802 -0.000325953 -0.00954694 0.00957008
30 26 38 -0.000580867 -0.000282921 -0.00879406 0.00881777
31 26 38 -0.00059276 -0.000230863 -0.00802928 0.00805444
32 26 38 -0.000597293 -0.000166595 -0.00725482 0.00728128
33 26 38 -0.000570868 -0.000103573 -0.00650459 0.00653041
34 26 38 -0.000480394 -4.91166e-05 -0.00572745 0.00574777
35 26 38 -0.00028509 -1.12366e-05 -0.00485932 0.00486769
36 26 38 -8.69408e-05 -8.70853e-07 -0.00390648 0.00390745
37 26 38 0.000655475 -2.54964e-05 -0.00274787 0.00282508
38 26 38 0.0017762 -2.20167e-05 -0.00195299 0.00263999
39 26 38 0 -0.000413951 -0.00217958 0.00221854
0 26 39 0 0 0 0
1 26 39 0.0104492 -0.000586932 0 0.0104657
2 26 39 0.00615054 -0.000308628 0 0.00615827
3 26 39 0.0029686 -0.000154987 0 0.00297264
4 26 39 0.000908204 -5.6727e-05 0 0.000909974
5 26 39 -0.000220241 1.46486e-05 0 0.000220728
6 26 39 -0.000704477 7.13922e-05 0 0.000708085
7 26 39 -0.000821394 0.000121349 0 0.000830309
8 26 39 -0.000818985 0.000167453 0 0.000835929
9 26 39 -0.000819434 0.000208481 0 0.000845539
10 26 39 -0.000810499 0.00025274 0 0.000848991
11 26 39 -0.000791314 0.000295551 0 0.000844706
12 26 39 -0.000770475 0.000330275 0 0.00083828
13 26 39 -0.000746333 0.000364006 0 0.000830369
14 26 39 -0.000717079 0.000400521 0 0.000821352
15 26 39 -0.000681111 0.000435049 0 0.000808195
16 26 39 -0.000643485 0.000466448 0 0.000794762
17 26 39 -0.000602033 0.000496741 0 0.000780509
18 26 39 -0.000555511 0.000522975 0 0.000762952
19 26 39 -0.000510916 0.000546054 0 0.000747804
20 26 39 -0.000461494 0.000567142 0 0.000731182
21 26 39 -0.000413145 0.000584922 0 0.000716116
22 26 39 -0.000369017 0.000600008 0 0.000704402
23 26 39 -0.000321156 0.00061058 0 0.00068989
24 26 39 -0.00027777 0.000618643 0 0.000678141
25 26 39 -0.000238368 0.000621558 0 0.000665698
26 26 39 -0.000199513 0.000618477 0 0.00064986
27 26 39 -0.000163433 0.000613972 0 0.000635352
28 26 39 -0.000129772 0.000606779 0 0.000620501
29 26 39 -9.70222e-05 0.000593603 0 0.000601479
30 26 39 -6.88312e-05 0.000573326 0 0.000577443
31 26 39 -4.76897e-05 0.000550101 0 0.000552164
32 26 39 -1.93398e-05 0.000522501 0 0.000522858
33 26 39 4.81161e-05 0.000487227 0 0.000489597
34 26 39 0.000219426 0.000444102 0 0.000495353
35 26 39 0.000554393 0.000385481 0 0.000675239
36 26 39 0.00101617 0.000302199 0 0.00106015
37 26 39 0.00149392 0.000182464 0 0.00150502
38 26 39 0.00164216 2.46155e-05 0 0.00164234
39 26 39 0 -0.000210319 0 0.000210319
