1 38 1 -0.000489787 -0.00119634 -0.000597556 0.00142415
2 38 1 -0.000857948 -0.00199745 -0.00121877 0.00249224
3 38 1 -0.000810072 -0.00244599 -0.00179896 0.00314251
4 38 1 -0.000498093 -0.00273642 -0.00216608 0.00352534
5 38 1 -0.000150109 -0.00308511 -0.00228463 0.00384187
6 38 1 9.85218e-05 -0.00356836 -0.00221903 0.00420321
7 38 1 0.000213389 -0.00415945 -0.00205181 0.0046429
8 38 1 0.00023614 -0.00480988 -0.00184203 0.00515595
9 38 1 0.000234972 -0.00548571 -0.0016022 0.00571973
10 38 1 0.00022885 -0.00616446 -0.00134053 0.00631268
11 38 1 0.000222707 -0.00683118 -0.0010652 0.00691732
12 38 1 0.000215763 -0.00747084 -0.000781759 0.00751473
13 38 1 0.000206085 -0.00807119 -0.000495392 0.00808901
14 38 1 0.000192788 -0.00862122 -0.000214452 0.00862604
15 38 1 0.000176885 -0.00911229 5.45065e-05 0.00911417
16 38 1 0.000160952 -0.00953883 0.000306925 0.00954512
17 38 1 0.000144043 -0.00989374 0.000535803 0.00990928
18 38 1 0.000125675 -0.0101718 0.000738117 0.0101994
19 38 1 0.000106482 -0.0103678 0.00091221 0.0104084
20 38 1 8.56897e-05 -0.0104769 0.00105533 0.0105303
21 38 1 6.32188e-05 -0.0104974 0.00116641 0.0105622
22 38 1 3.95896e-05 -0.0104241 0.00124587 0.0104984
23 38 1 1.47726e-05 -0.0102554 0.00129569 0.0103369
24 38 1 -1.18014e-05 -0.00999301 0.00131656 0.0100794
25 38 1 -4.0297e-05 -0.00963449 0.00131175 0.00972346
26 38 1 -7.16298e-05 -0.00917935 0.00128621 0.0092693
27 38 1 -0.000106706 -0.00862873 0.00124296 0.00871845
28 38 1 -0.000145621 -0.00798345 0.00118791 0.00807266
29 38 1 -0.000187033 -0.0072454 0.00112941 0.00733528
30 38 1 -0.000226851 -0.00641744 0.00107508 0.00651082
31 38 1 -0.000264087 -0.00550192 0.00102889 0.00560352
32 38 1 -0.000292053 -0.00451264 0.000995658 0.00463039
33 38 1 -0.000257469 -0.00355067 0.000976274 0.00369144
34 38 1 -9.82886e-05 -0.00281213 0.000947474 0.00296908
35 38 1 0.000218204 -0.00250837 0.00088796 0.00266983
36 38 1 0.000674688 -0.00267167 0.00079746 0.00286862
37 38 1 0.00113756 -0.00255405 0.00062944 0.00286591
38 38 1 0.00155362 -0.00180968 0.000438888 0.00242514
39 38 1 0.0015932 0 0 0.0015932
1 38 2 -0.00105341 -0.0020362 -0.000798973 0.00242779
2 38 2 -0.00168534 -0.00334769 -0.00157727 0.00406635
3 38 2 -0.00155941 -0.0038978 -0.00226577 0.00477057
4 38 2 -0.000957401 -0.00426173 -0.00267975 0.00512446
5 38 2 -0.000338032 -0.00494458 -0.00284111 0.00571271
6 38 2 8.34591e-05 -0.00596618 -0.00282267 0.00660073
7 38 2 0.000271667 -0.00716676 -0.00272246 0.00767124
8 38 2 0.000312438 -0.00839298 -0.00259641 0.00879097
9 38 2 0.000325022 -0.00957359 -0.00245135 0.00988779
10 38 2 0.000338927 -0.0106784 -0.00229496 0.0109274
11 38 2 0.000353563 -0.0116907 -0.00212677 0.0118878
12 38 2 0.000361306 -0.0125943 -0.00194491 0.0127488
13 38 2 0.000361625 -0.0133853 -0.00175107 0.0135042
14 38 2 0.000357575 -0.0140634 -0.00155353 0.0141535
15 38 2 0.000349365 -0.0146293 -0.00135686 0.0146963
16 38 2 0.000338309 -0.0150856 -0.00115761 0.0151337
17 38 2 0.000323303 -0.0154308 -0.000960492 0.015464
18 38 2 0.000304069 -0.0156658 -0.000766716 0.0156875
19 38 2 0.000282632 -0.0157881 -0.000574531 0.015801
20 38 2 0.00025939 -0.0157938 -0.00038721 0.0158007
21 38 2 0.000234418 -0.0156828 -0.000205783 0.0156859
22 38 2 0.000208618 -0.0154453 -2.87412e-05 0.0154468
23 38 2 0.000182192 -0.0150802 0.000145183 0.015082
24 38 2 0.000153866 -0.0145904 0.000315054 0.0145946
25 38 2 0.000123765 -0.0139681 0.000485709 0.0139771
26 38 2 9.31001e-05 -0.0132136 0.000660951 0.0132305
27 38 2 6.20345e-05 -0.0123313 0.000838975 0.01236
28 38 2 2.72893e-05 -0.0113229 0.00102114 0.0113689
29 38 2 -1.37876e-05 -0.0101925 0.00121056 0.0102642
30 38 2 -5.50402e-05 -0.00894587 0.00141358 0.00905703
31 38 2 -8.96324e-05 -0.0075931 0.00162852 0.00776629
32 38 2 -0.000119727 -0.0061422 0.00183944 0.00641283
33 38 2 -0.00013505 -0.00466223 0.00200368 0.00507636
34 38 2 -0.000118316 -0.00338104 0.00202845 0.00394462
35 38 2 -6.00278e-05 -0.00274212 0.00179907 0.00328016
36 38 2 0.000114338 -0.00318352 0.00131374 0.00344584
37 38 2 0.000440974 -0.00267926 0.000701031 0.00280434
38 38 2 0.00126131 -0.0022712 0.000462552 0.00263878
39 38 2 0.00113055 0 0 0.00113055
1 38 3 -0.00157781 -0.00249486 -0.00067137 0.0030273
2 38 3 -0.00247021 -0.00324488 -0.00140653 0.00431387
3 38 3 -0.00221767 -0.00135555 -0.00202015 0.0032919
4 38 3 -0.00128656 0.000530183 -0.0023326 0.00271612
5 38 3 -0.000498738 -0.000168034 -0.00247624 0.00253155
6 38 3 -2.32634e-05 -0.00302867 -0.00253784 0.00395146
7 38 3 0.000193324 -0.00671304 -0.00256916 0.00719047
8 38 3 0.000262233 -0.0103994 -0.00257851 0.0107175
9 38 3 0.000305601 -0.0138554 -0.00256337 0.0140939
10 38 3 0.00034652 -0.017004 -0.0025341 0.0171953
11 38 3 0.000379285 -0.0197959 -0.00248438 0.0199548
12 38 3 0.000398704 -0.0221929 -0.00241693 0.0223276
13 38 3 0.000411106 -0.0241844 -0.00233744 0.0243006
14 38 3 0.000421694 -0.0257687 -0.00225102 0.0258703
15 38 3 0.000427607 -0.0269513 -0.00216072 0.0270412
16 38 3 0.000428681 -0.0277502 -0.00205642 0.0278296
17 38 3 0.000425853 -0.0281862 -0.0019423 0.0282563
18 38 3 0.000419879 -0.0282901 -0.00182144 0.0283518
19 38 3 0.00041269 -0.0280892 -0.00168933 0.028143
20 38 3 0.000404454 -0.02761 -0.00154982 0.0276564
21 38 3 0.000394101 -0.0268834 -0.00140342 0.0269229
22 38 3 0.000382847 -0.0259239 -0.00124655 0.0259567
23 38 3 0.000371598 -0.0247571 -0.00107984 0.0247835
24 38 3 0.00035814 -0.0234094 -0.000905775 0.0234297
25 38 3 0.00034287 -0.021887 -0.000717388 0.0219014
26 38 3 0.000328564 -0.02021 -0.000511816 0.0202191
27 38 3 0.000316068 -0.0183969 -0.000289182 0.0184019
28 38 3 0.000301738 -0.0164575 -4.82849e-05 0.0164604
29 38 3 0.000279351 -0.014406 0.000204667 0.0144102
30 38 3 0.000249436 -0.0122531 0.000475811 0.0122648
31 38 3 0.000219631 -0.0100148 0.000770666 0.0100468
32 38 3 0.000183988 -0.007671 0.00107055 0.00774753
33 38 3 0.00011692 -0.00515679 0.00133434 0.00532791
34 38 3 -1.27885e-05 -0.00262881 0.00146235 0.0030082
35 38 3 -0.000237307 -0.000993504 0.00129245 0.00164736
36 38 3 -0.000372348 -0.00204794 0.00082866 0.0022404
37 38 3 -0.000129293 -0.00152881 0.000310013 0.00156527
38 38 3 0.00123608 -0.0025374 0.000317628 0.00284028
39 38 3 0.000853074 0 0 0.000853074
1 38 4 -0.00191772 -0.00291266 -0.000346913 0.00350451
2 38 4 -0.0029473 -0.00328404 -0.000782173 0.00448144
3 38 4 -0.00257876 0.000820594 -0.00111209 0.00292577
4 38 4 -0.00142748 0.00530518 -0.00123224 0.00563037
5 38 4 -0.000617305 0.00464686 -0.00130857 0.0048669
6 38 4 -0.000172245 -0.000622245 -0.00141005 0.00155084
7 38 4 6.48397e-05 -0.00753793 -0.00152768 0.00769145
8 38 4 0.000167783 -0.0143836 -0.00162503 0.0144761
9 38 4 0.000231448 -0.0207675 -0.00169551 0.0208379
10 38 4 0.000282594 -0.0265731 -0.00175193 0.0266323
11 38 4 0.000324076 -0.0317147 -0.00178491 0.0317665
12 38 4 0.000358595 -0.0361261 -0.00180582 0.036173
13 38 4 0.000391311 -0.0397797 -0.00181947 0.0398232
14 38 4 0.000420771 -0.0426606 -0.00181943 0.0427015
15 38 4 0.000442938 -0.0447775 -0.00181044 0.0448162
16 38 4 0.000459727 -0.0461668 -0.001784 0.0462035
17 38 4 0.000474389 -0.046874 -0.00174704 0.0469089
18 38 4 0.000486694 -0.0469614 -0.00170652 0.0469949
19 38 4 0.000495983 -0.0464899 -0.00165542 0.0465221
20 38 4 0.000501857 -0.0455234 -0.00159791 0.0455542
21 38 4 0.00050241 -0.0441336 -0.00153444 0.0441631
22 38 4 0.000500016 -0.0423711 -0.00145888 0.0423992
23 38 4 0.000497483 -0.0403005 -0.00137376 0.040327
24 38 4 0.000492778 -0.0379813 -0.00128293 0.0380062
25 38 4 0.000487924 -0.0354462 -0.00117971 0.0354692
26 38 4 0.00048548 -0.0327478 -0.00106605 0.0327687
27 38 4 0.000483864 -0.0299249 -0.00093742 0.0299435
28 38 4 0.00048281 -0.0269983 -0.000785242 0.0270141
29 38 4 0.000480549 -0.0239965 -0.000621425 0.0240093
30 38 4 0.000473151 -0.0209387 -0.000444335 0.0209487
31 38 4 0.000462553 -0.0178491 -0.000241521 0.0178567
32 38 4 0.000436756 -0.0146659 -2.70696e-05 0.0146725
33 38 4 0.000352868 -0.0110283 0.00019057 0.0110356
34 38 4 0.000160147 -0.00656849 0.000391438 0.00658209
35 38 4 -0.000207728 -0.00228523 0.000448326 0.00233804
36 38 4 -0.000549394 -0.0019412 0.000286705 0.00203772
37 38 4 -0.000362995 -0.000673977 8.17239e-05 0.000769863
38 38 4 0.00132857 -0.00278851 0.000189789 0.00309466
39 38 4 0.000732157 0 0 0.000732157
1 38 5 -0.00208928 -0.0034412 -6.33883e-05 0.00402628
2 38 5 -0.00318405 -0.00399934 -0.000254739 0.00511838
3 38 5 -0.00280992 0.000199276 -0.000460036 0.0028543
4 38 5 -0.00155659 0.00478439 -0.000574759 0.00506397
5 38 5 -0.000672196 0.00307614 -0.000613826 0.003208
6 38 5 -0.000166034 -0.00423084 -0.000625638 0.00428007
7 38 5 0.000115416 -0.0133174 -0.000627312 0.0133327
8 38 5 0.000225548 -0.0221187 -0.000601785 0.0221281
9 38 5 0.000283458 -0.0302142 -0.000562613 0.0302208
10 38 5 0.000334811 -0.0374834 -0.000530426 0.0374887
11 38 5 0.000382079 -0.0438358 -0.000495792 0.0438403
12 38 5 0.000422638 -0.0492061 -0.000473629 0.0492102
13 38 5 0.000453896 -0.0535702 -0.000462589 0.0535741
14 38 5 0.000472725 -0.0569208 -0.000448729 0.0569246
15 38 5 0.000483398 -0.0592884 -0.000445383 0.0592921
16 38 5 0.000491652 -0.0607363 -0.000448195 0.06074
17 38 5 0.000500132 -0.0613339 -0.000461467 0.0613376
18 38 5 0.000507112 -0.0611705 -0.000490901 0.0611746
19 38 5 0.000510903 -0.0603355 -0.000524725 0.06034
20 38 5 0.000513029 -0.0589227 -0.000565783 0.0589276
21 38 5 0.000511772 -0.0570333 -0.000614491 0.0570389
22 38 5 0.000509642 -0.0547398 -0.000661203 0.0547462
23 38 5 0.000509348 -0.0521281 -0.000707477 0.0521354
24 38 5 0.00050769 -0.0492684 -0.000754501 0.0492768
25 38 5 0.000509391 -0.0461997 -0.000792828 0.0462093
26 38 5 0.000517101 -0.0429904 -0.000830697 0.0430016
27 38 5 0.000523662 -0.0396872 -0.000864151 0.0397
28 38 5 0.000527605 -0.0363128 -0.000877477 0.0363273
29 38 5 0.000530927 -0.032902 -0.000879624 0.032918
30 38 5 0.000532005 -0.0294775 -0.000872744 0.0294952
31 38 5 0.000536736 -0.0260702 -0.000840556 0.0260893
32 38 5 0.000539435 -0.0225831 -0.000793214 0.0226035
33 38 5 0.000496738 -0.0183514 -0.000722978 0.0183723
34 38 5 0.000349535 -0.0123669 -0.000561016 0.0123845
35 38 5 1.12602e-05 -0.00542605 -0.00032752 0.00543593
36 38 5 -0.000386418 -0.00280762 -0.000144766 0.00283778
37 38 5 -0.000283397 -0.000559645 -3.98941e-05 0.000628576
38 38 5 0.00142298 -0.00297947 7.12815e-05 0.0033026
39 38 5 0.000732909 0 0 0.000732909
1 38 6 -0.00214683 -0.0040954 0.000109296 0.00462527
2 38 6 -0.00326364 -0.00521388 4.73794e-05 0.00615127
3 38 6 -0.00296789 -0.00257889 -0.000122429 0.00393371
4 38 6 -0.00169468 -0.000198915 -0.000279042 0.00172898
5 38 6 -0.000666199 -0.00388748 -0.000292727 0.003955
6 38 6 -1.52707e-05 -0.0124122 -0.000191335 0.0124137
7 38 6 0.000321608 -0.0220673 -3.41032e-05 0.0220697
8 38 6 0.000425809 -0.0311114 0.000148608 0.0311147
9 38 6 0.000476485 -0.0392369 0.000318435 0.0392411
10 38 6 0.000523531 -0.04636 0.000460859 0.0463653
11 38 6 0.0005557 -0.0524225 0.000589556 0.0524288
12 38 6 0.00056867 -0.0573915 0.000688837 0.0573984
13 38 6 0.000565572 -0.0612729 0.000761756 0.0612803
14 38 6 0.000551998 -0.0640934 0.000818792 0.064101
15 38 6 0.000539001 -0.0659204 0.000838527 0.065928
16 38 6 0.000527654 -0.066846 0.000827422 0.0668532
17 38 6 0.000515318 -0.0669593 0.000788839 0.066966
18 38 6 0.000500336 -0.0663689 0.00071953 0.0663747
19 38 6 0.000482471 -0.0651779 0.000633631 0.0651828
20 38 6 0.000466542 -0.0634883 0.000528974 0.0634923
21 38 6 0.000451503 -0.061402 0.000404044 0.061405
22 38 6 0.000439477 -0.0589851 0.00027057 0.0589874
23 38 6 0.00043176 -0.0563167 0.000127669 0.0563185
24 38 6 0.000422379 -0.0534505 -2.29684e-05 0.0534521
25 38 6 0.000418747 -0.0504075 -0.000165229 0.0504095
26 38 6 0.000426904 -0.047249 -0.000308587 0.047252
27 38 6 0.000439548 -0.0440138 -0.000452914 0.0440183
28 38 6 0.000454229 -0.040721 -0.000582902 0.0407278
29 38 6 0.000468726 -0.0374055 -0.000703764 0.037415
30 38 6 0.000474985 -0.03409 -0.000821445 0.0341032
31 38 6 0.000479275 -0.0308112 -0.000915777 0.0308286
32 38 6 0.000497013 -0.0274558 -0.000982495 0.0274779
33 38 6 0.000516912 -0.0231869 -0.00102136 0.0232152
34 38 6 0.000482587 -0.0166109 -0.000940909 0.0166445
35 38 6 0.000282356 -0.0082615 -0.000680411 0.00829428
36 38 6 -5.82922e-05 -0.00395739 -0.000342045 0.00397258
37 38 6 -4.61852e-05 -0.000933445 -9.16969e-05 0.000939074
38 38 6 0.00148469 -0.00307981 -1.69082e-05 0.00341903
39 38 6 0.000815057 0 0 0.000815057
1 38 7 -0.00214522 -0.00484103 0.000173048 0.00529788
2 38 7 -0.00328785 -0.00666839 0.000153289 0.00743646
3 38 7 -0.003117 -0.00618853 5.24198e-06 0.00692918
4 38 7 -0.00186282 -0.00678702 -0.000147612 0.00703957
5 38 7 -0.00066869 -0.0126198 -0.000136169 0.0126382
6 38 7 0.000156743 -0.0217916 1.95779e-05 0.0217922
7 38 7 0.000565999 -0.0311602 0.000251124 0.0311664
8 38 7 0.000681322 -0.0396001 0.000496733 0.0396091
9 38 7 0.000733078 -0.0469638 0.000713413 0.046975
10 38 7 0.000765479 -0.0532075 0.000903787 0.0532207
11 38 7 0.000766751 -0.058314 0.00107623 0.058329
12 38 7 0.000745553 -0.0622936 0.0012099 0.0623098
13 38 7 0.000713413 -0.0651934 0.00130777 0.0652104
14 38 7 0.000676094 -0.0670852 0.0013762 0.0671027
15 38 7 0.000639484 -0.0680754 0.00139536 0.0680927
16 38 7 0.000596993 -0.0682804 0.00137841 0.068297
17 38 7 0.000546758 -0.0678086 0.0013326 0.0678239
18 38 7 0.000494033 -0.0667825 0.00125293 0.0667961
19 38 7 0.000442775 -0.065309 0.00115202 0.0653207
20 38 7 0.000400902 -0.0634841 0.00102844 0.0634937
21 38 7 0.000367904 -0.0613925 0.000880172 0.0613999
22 38 7 0.00034576 -0.0590779 0.000720006 0.0590833
23 38 7 0.0003343 -0.056599 0.000546096 0.0566026
24 38 7 0.000322642 -0.053982 0.000357984 0.0539842
25 38 7 0.00031548 -0.051223 0.000175823 0.0512243
26 38 7 0.000317371 -0.0483651 -6.52676e-06 0.0483662
27 38 7 0.000323255 -0.045431 -0.000188672 0.0454326
28 38 7 0.000338411 -0.0424361 -0.000356895 0.042439
29 38 7 0.00036358 -0.0394155 -0.000512466 0.0394205
30 38 7 0.000383723 -0.0363915 -0.000669122 0.0363997
31 38 7 0.000390606 -0.0334012 -0.000815515 0.0334134
32 38 7 0.000406642 -0.030319 -0.000925631 0.0303358
33 38 7 0.000467378 -0.0262306 -0.000999474 0.0262538
34 38 7 0.000543117 -0.0195564 -0.000966119 0.0195878
35 38 7 0.000501809 -0.0105749 -0.000738797 0.0106125
36 38 7 0.000261834 -0.0050927 -0.000380994 0.00511364
37 38 7 0.000205965 -0.00149708 -9.85413e-05 0.00151439
38 38 7 0.00150759 -0.00312019 -5.87547e-05 0.00346581
39 38 7 0.000931305 0 0 0.000931305
1 38 8 -0.00212731 -0.00563526 0.000176494 0.00602601
2 38 8 -0.0033087 -0.00819099 0.000165415 0.00883556
3 38 8 -0.00325495 -0.00987972 3.66649e-05 0.0104022
4 38 8 -0.00199682 -0.0134155 -0.000101564 0.0135637
5 38 8 -0.000617553 -0.0212421 -8.80498e-05 0.0212513
6 38 8 0.000389515 -0.0308466 6.97457e-05 0.0308491
7 38 8 0.000873129 -0.0397386 0.000311706 0.0397494
8 38 8 0.000994129 -0.047435 0.000558838 0.0474487
9 38 8 0.00102872 -0.0539286 0.000776195 0.053944
10 38 8 0.0010291 -0.0592002 0.000975834 0.0592172
11 38 8 0.000997374 -0.0632754 0.0011501 0.0632937
12 38 8 0.000948381 -0.0662091 0.00127962 0.0662282
13 38 8 0.000888166 -0.0680902 0.00137394 0.0681099
14 38 8 0.000815959 -0.0690353 0.00143718 0.0690551
15 38 8 0.000735195 -0.0691839 0.00145475 0.0692031
16 38 8 0.000642337 -0.0686738 0.00144168 0.068692
17 38 8 0.000544403 -0.0676338 0.00140147 0.0676505
18 38 8 0.000453193 -0.0661998 0.00132589 0.0662147
19 38 8 0.000372098 -0.0644788 0.00122596 0.0644915
20 38 8 0.000307556 -0.0625584 0.00110298 0.0625689
21 38 8 0.000257771 -0.0605035 0.00095626 0.0605116
22 38 8 0.000225498 -0.0583329 0.000800355 0.0583389
23 38 8 0.000212655 -0.056083 0.00063412 0.056087
24 38 8 0.000207829 -0.0537518 0.000452369 0.0537541
25 38 8 0.000213548 -0.0513126 0.000273521 0.0513137
26 38 8 0.000226781 -0.0487891 9.2033e-05 0.0487897
27 38 8 0.000235569 -0.0461841 -9.09473e-05 0.0461848
28 38 8 0.000248925 -0.0435073 -0.00026255 0.0435088
29 38 8 0.000276433 -0.0407954 -0.000413966 0.0407985
30 38 8 0.000311191 -0.0380741 -0.000558051 0.0380795
31 38 8 0.000337371 -0.0353835 -0.000704849 0.0353921
32 38 8 0.000366112 -0.0325782 -0.000819683 0.0325906
33 38 8 0.000461712 -0.0286872 -0.000891376 0.0287047
34 38 8 0.000626892 -0.0220259 -0.000874108 0.0220522
35 38 8 0.000716121 -0.0126413 -0.000687634 0.0126803
36 38 8 0.000553867 -0.00615754 -0.000364645 0.00619315
37 38 8 0.000431013 -0.00208877 -9.21024e-05 0.00213477
38 38 8 0.00150057 -0.00313931 -6.89943e-05 0.00348019
39 38 8 0.00104396 0 0 0.00104396
1 38 9 -0.002091 -0.00645205 0.000166084 0.00678446
2 38 9 -0.00331265 -0.00971936 0.000160722 0.0102696
3 38 9 -0.00336227 -0.0134711 4.44082e-05 0.0138844
4 38 9 -0.0021003 -0.0197832 -8.90216e-05 0.0198946
5 38 9 -0.000563554 -0.0294433 -8.01733e-05 0.0294488
6 38 9 0.000590381 -0.0393759 7.75096e-05 0.0393804
7 38 9 0.00112388 -0.0477516 0.000322935 0.0477659
8 38 9 0.00123589 -0.054699 0.000562782 0.0547159
9 38 9 0.00124854 -0.0603256 0.000773362 0.0603435
10 38 9 0.00122744 -0.0646375 0.000967819 0.0646564
11 38 9 0.00117886 -0.0677094 0.00112725 0.0677291
12 38 9 0.00110758 -0.069636 0.00124585 0.0696559
13 38 9 0.00101423 -0.0705428 0.00133804 0.0705627
14 38 9 0.000902415 -0.0705872 0.00139988 0.0706068
15 38 9 0.000781607 -0.0699364 0.00142045 0.0699552
16 38 9 0.000654332 -0.0687496 0.00141257 0.0687672
17 38 9 0.000531425 -0.067177 0.00137515 0.0671932
18 38 9 0.000422654 -0.065366 0.00130124 0.0653803
19 38 9 0.000325889 -0.0634213 0.00120165 0.0634335
20 38 9 0.000244855 -0.0614227 0.0010803 0.0614327
21 38 9 0.000176661 -0.0594166 0.000936868 0.0594243
22 38 9 0.000124747 -0.0573979 0.000786199 0.0574035
23 38 9 9.41966e-05 -0.0553797 0.000630419 0.0553834
24 38 9 7.74809e-05 -0.0533316 0.000462462 0.0533336
25 38 9 8.2732e-05 -0.0512055 0.000298958 0.0512064
26 38 9 0.000105826 -0.0490093 0.00013313 0.0490096
27 38 9 0.000125788 -0.0467251 -3.6141e-05 0.0467252
28 38 9 0.000145383 -0.0443536 -0.000203376 0.0443543
29 38 9 0.000170852 -0.0419299 -0.000352747 0.0419318
30 38 9 0.000203373 -0.0394824 -0.000481375 0.0394859
31 38 9 0.000238658 -0.0370626 -0.000613514 0.0370685
32 38 9 0.000285991 -0.0345118 -0.000719749 0.0345205
33 38 9 0.000424758 -0.0308059 -0.000778292 0.0308187
34 38 9 0.000681278 -0.0241961 -0.000762017 0.0242177
35 38 9 0.000897749 -0.0145302 -0.000608452 0.0145706
36 38 9 0.000808584 -0.00715418 -0.000333288 0.00720743
37 38 9 0.000627423 -0.00266041 -8.45366e-05 0.0027347
38 38 9 0.00147708 -0.00314194 -7.09021e-05 0.00347255
39 38 9 0.00114842 0 0 0.00114842
1 38 10 -0.00203713 -0.00726741 0.000146438 0.00754895
2 38 10 -0.0033063 -0.0112106 0.000150039 0.011689
3 38 10 -0.00345977 -0.0168946 4.79583e-05 0.0172453
4 38 10 -0.00220261 -0.0258086 -7.72843e-05 0.0259026
5 38 10 -0.000518878 -0.03715 -6.70767e-05 0.0371537
6 38 10 0.000787551 -0.0473372 9.17836e-05 0.0473438
7 38 10 0.00139118 -0.0551875 0.00033108 0.055206
8 38 10 0.00151721 -0.0613973 0.000552432 0.0614185
9 38 10 0.00152834 -0.0661764 0.000746901 0.0661982
10 38 10 0.00149997 -0.0695672 0.000926616 0.0695896
11 38 10 0.00143435 -0.071691 0.00107019 0.0717134
12 38 10 0.00133039 -0.0726681 0.00118464 0.0726899
13 38 10 0.0011991 -0.0726584 0.00127734 0.0726795
14 38 10 0.00105406 -0.0718586 0.00133426 0.0718787
15 38 10 0.000904276 -0.0704596 0.0013527 0.0704784
16 38 10 0.000751215 -0.0686424 0.00134441 0.0686596
17 38 10 0.00060476 -0.0665771 0.00130624 0.0665927
18 38 10 0.000472837 -0.0644193 0.00123561 0.0644329
19 38 10 0.000353216 -0.0622709 0.00114155 0.0622824
20 38 10 0.000252461 -0.0602046 0.00102849 0.060214
21 38 10 0.000169061 -0.0582518 0.000894642 0.0582589
22 38 10 0.000105213 -0.0563849 0.000751873 0.05639
23 38 10 6.39639e-05 -0.0545952 0.000605117 0.0545986
24 38 10 3.55849e-05 -0.0528236 0.000447098 0.0528255
25 38 10 3.2102e-05 -0.050999 0.000295097 0.0509999
26 38 10 5.46777e-05 -0.0491157 0.000144744 0.0491159
27 38 10 8.1911e-05 -0.0471369 -3.48489e-06 0.0471369
28 38 10 0.000116294 -0.0450548 -0.000153983 0.0450553
29 38 10 0.000154896 -0.0429011 -0.000297834 0.0429024
30 38 10 0.000188656 -0.0406983 -0.000417852 0.0407009
31 38 10 0.000220462 -0.03851 -0.000539049 0.0385144
32 38 10 0.000269127 -0.0361773 -0.000638205 0.0361839
33 38 10 0.000429682 -0.0326377 -0.000685455 0.0326477
34 38 10 0.000746652 -0.0261073 -0.000663763 0.0261264
35 38 10 0.00105715 -0.0162651 -0.000528868 0.016308
36 38 10 0.00101994 -0.00810414 -0.000294924 0.00817339
37 38 10 0.000782617 -0.00320431 -7.37015e-05 0.00329932
38 38 10 0.00143424 -0.00313204 -6.66453e-05 0.00344545
39 38 10 0.00123914 0 0 0.00123914
1 38 11 -0.0019716 -0.00805385 0.000122324 0.00829257
2 38 11 -0.00329335 -0.0126194 0.000140957 0.0130428
3 38 11 -0.0035425 -0.0200868 5.41681e-05 0.0203969
4 38 11 -0.00228623 -0.03141 -6.52455e-05 0.0314932
5 38 11 -0.000460969 -0.0442869 -5.89777e-05 0.0442893
6 38 11 0.000987275 -0.0546872 9.11924e-05 0.0546962
7 38 11 0.00164337 -0.0620352 0.000311966 0.0620578
8 38 11 0.00175907 -0.0675445 0.000509381 0.0675693
9 38 11 0.00174256 -0.0715245 0.000687655 0.0715491
10 38 11 0.00168177 -0.0740601 0.000854486 0.0740842
11 38 11 0.00157737 -0.0753051 0.000988318 0.0753281
12 38 11 0.00143258 -0.0753974 0.00110001 0.0754191
13 38 11 0.00127082 -0.0745377 0.001185 0.0745579
14 38 11 0.00110204 -0.0729596 0.00122935 0.0729783
15 38 11 0.000924291 -0.0708718 0.00124383 0.0708887
16 38 11 0.000738983 -0.0684762 0.00123626 0.0684914
17 38 11 0.000559423 -0.0659609 0.00120018 0.0659742
18 38 11 0.000395746 -0.0634877 0.00113685 0.0634991
19 38 11 0.000248611 -0.0611558 0.00105155 0.0611653
20 38 11 0.000128 -0.0590313 0.000949662 0.0590391
21 38 11 3.36997e-05 -0.0571323 0.000829675 0.0571383
22 38 11 -3.3104e-05 -0.0554105 0.00069981 0.0554149
23 38 11 -7.13508e-05 -0.0538378 0.000566954 0.0538408
24 38 11 -9.63258e-05 -0.0523293 0.000421816 0.0523311
25 38 11 -9.87875e-05 -0.0507888 0.000279665 0.0507897
26 38 11 -7.61081e-05 -0.0491964 0.000138583 0.0491967
27 38 11 -5.01183e-05 -0.0474973 5.92121e-06 0.0474974
28 38 11 -9.12555e-06 -0.0456757 -0.000122786 0.0456759
29 38 11 5.05217e-05 -0.043765 -0.000249295 0.0437657
30 38 11 0.000108682 -0.0417778 -0.000354536 0.0417794
31 38 11 0.0001627 -0.0397812 -0.000462561 0.0397842
32 38 11 0.000237766 -0.0376247 -0.000554318 0.0376295
33 38 11 0.000442494 -0.0342274 -0.000594811 0.0342355
34 38 11 0.000828572 -0.0277976 -0.000571974 0.0278158
35 38 11 0.00122216 -0.0178677 -0.000453482 0.0179152
36 38 11 0.00121784 -0.00902927 -0.000256405 0.00911464
37 38 11 0.000912424 -0.00372635 -6.4845e-05 0.00383698
38 38 11 0.00137908 -0.00312362 -5.95763e-05 0.00341503
39 38 11 0.00130989 0 0 0.00130989
1 38 12 -0.00189311 -0.00879386 9.97791e-05 0.00899587
2 38 12 -0.00326088 -0.0139226 0.000133482 0.0143
3 38 12 -0.00359102 -0.0230136 5.68871e-05 0.0232921
4 38 12 -0.00233732 -0.036535 -5.8547e-05 0.0366097
5 38 12 -0.00039219 -0.0508071 -5.58729e-05 0.0508087
6 38 12 0.00117219 -0.0614014 8.43787e-05 0.0614127
7 38 12 0.00186534 -0.0682882 0.000284404 0.0683143
8 38 12 0.00197233 -0.0731501 0.000459022 0.0731782
9 38 12 0.00194462 -0.0763984 0.000621055 0.0764257
10 38 12 0.00187548 -0.0781571 0.000772446 0.0781834
11 38 12 0.00176038 -0.0786 0.000892922 0.0786248
12 38 12 0.00160663 -0.0778858 0.000992071 0.0779087
13 38 12 0.00143978 -0.0762604 0.00105969 0.0762814
14 38 12 0.00125608 -0.0739839 0.00109234 0.0740026
15 38 12 0.00104909 -0.0712746 0.00110908 0.0712909
16 38 12 0.000832178 -0.068358 0.00110595 0.068372
17 38 12 0.00062551 -0.0654387 0.00107313 0.0654505
18 38 12 0.000439051 -0.0626843 0.00101641 0.0626941
19 38 12 0.000272866 -0.0601921 0.000937154 0.0602
20 38 12 0.000136757 -0.0580211 0.000843098 0.0580274
21 38 12 3.03095e-05 -0.0561773 0.000735289 0.0561821
22 38 12 -4.49846e-05 -0.0545915 0.000618651 0.054595
23 38 12 -8.55476e-05 -0.053218 0.000503234 0.0532205
24 38 12 -0.000107701 -0.0519514 0.000378054 0.0519529
25 38 12 -0.000105232 -0.0506715 0.000252963 0.0506723
26 38 12 -7.7242e-05 -0.0493453 0.000123853 0.0493455
27 38 12 -5.53289e-05 -0.0478984 5.59733e-07 0.0478985
28 38 12 -2.85439e-05 -0.0463021 -0.000114709 0.0463022
29 38 12 2.03031e-05 -0.0445964 -0.000224806 0.0445969
30 38 12 7.34623e-05 -0.0427871 -0.000312499 0.0427883
31 38 12 0.000124774 -0.0409375 -0.000404044 0.0409397
32 38 12 0.000206188 -0.0389056 -0.000484252 0.0389091
33 38 12 0.000444642 -0.0356124 -0.000514652 0.0356189
34 38 12 0.000897977 -0.0292862 -0.000487325 0.029304
35 38 12 0.00137361 -0.0193313 -0.000379992 0.0193837
36 38 12 0.00140203 -0.00991689 -0.000215058 0.0100178
37 38 12 0.00102868 -0.00421332 -5.78577e-05 0.00433747
38 38 12 0.0013258 -0.00312355 -5.28697e-05 0.00339369
39 38 12 0.0013607 0 0 0.0013607
1 38 13 -0.00180094 -0.00947709 7.53747e-05 0.00964699
2 38 13 -0.00321042 -0.015106 0.000116349 0.0154439
3 38 13 -0.00362634 -0.0256408 4.70725e-05 0.025896
4 38 13 -0.00240031 -0.0411231 -5.66221e-05 0.0411931
5 38 13 -0.00036693 -0.0566471 -5.1651e-05 0.0566483
6 38 13 0.00129712 -0.0674274 7.58719e-05 0.06744
7 38 13 0.00203289 -0.0739104 0.000247731 0.0739388
8 38 13 0.00214861 -0.0782031 0.000393404 0.0782335
9 38 13 0.00212324 -0.0808142 0.00053307 0.0808438
10 38 13 0.00204797 -0.0818962 0.000664296 0.0819245
11 38 13 0.0019166 -0.0816366 0.000767661 0.0816627
12 38 13 0.00174338 -0.08022 0.000849453 0.0802434
13 38 13 0.00155125 -0.0779318 0.000901995 0.0779525
14 38 13 0.00132738 -0.0750432 0.000933221 0.0750608
15 38 13 0.00107588 -0.0717826 0.000957895 0.071797
16 38 13 0.000826747 -0.0684049 0.000957846 0.0684166
17 38 13 0.000599085 -0.0651286 0.000926184 0.0651379
18 38 13 0.000396043 -0.0621248 0.000875152 0.0621322
19 38 13 0.000215433 -0.0594898 0.000801608 0.0594956
20 38 13 6.63662e-05 -0.0572763 0.000715305 0.0572808
21 38 13 -5.16745e-05 -0.0554809 0.000619744 0.0554844
22 38 13 -0.000137197 -0.0540149 0.000515198 0.0540175
23 38 13 -0.00018338 -0.0528154 0.000415827 0.0528174
24 38 13 -0.000203812 -0.0517599 0.000312535 0.0517613
25 38 13 -0.000191946 -0.050707 0.000210725 0.0507078
26 38 13 -0.000143626 -0.0496147 0.00010355 0.049615
27 38 13 -9.82478e-05 -0.0483918 -3.34416e-06 0.0483919
28 38 13 -5.70511e-05 -0.0469903 -0.000105792 0.0469905
29 38 13 -3.32477e-07 -0.0454544 -0.000201989 0.0454548
30 38 13 5.78133e-05 -0.0437888 -0.000273652 0.0437897
31 38 13 0.000108003 -0.0420493 -0.000350384 0.0420509
32 38 13 0.000185044 -0.0400959 -0.000421661 0.0400985
33 38 13 0.000436928 -0.0368631 -0.000444806 0.0368683
34 38 13 0.000937356 -0.0306233 -0.000412444 0.0306404
35 38 13 0.00148244 -0.0206688 -0.000310031 0.0207243
36 38 13 0.00154717 -0.010755 -0.000168037 0.010867
37 38 13 0.0011217 -0.00464569 -4.63551e-05 0.00477941
38 38 13 0.00128029 -0.00313142 -4.41289e-05 0.00338333
39 38 13 0.00139407 0 0 0.00139407
1 38 14 -0.00169671 -0.010097 4.89325e-05 0.0102387
2 38 14 -0.003142 -0.0161571 9.45218e-05 0.01646
3 38 14 -0.00364222 -0.0279332 3.91977e-05 0.0281696
4 38 14 -0.00245146 -0.045118 -4.5449e-05 0.0451846
5 38 14 -0.000343358 -0.061752 -4.30587e-05 0.061753
6 38 14 0.00140983 -0.0727267 5.92475e-05 0.0727403
7 38 14 0.00218231 -0.0788885 0.000194069 0.078919
8 38 14 0.00229735 -0.0827188 0.000309212 0.0827513
9 38 14 0.00225658 -0.0848099 0.000427951 0.084841
10 38 14 0.00215699 -0.0853305 0.000540933 0.0853595
11 38 14 0.00199972 -0.084482 0.00062677 0.084508
12 38 14 0.00180397 -0.0824771 0.000690716 0.0824997
13 38 14 0.00158503 -0.0796286 0.000734075 0.0796478
14 38 14 0.00132864 -0.0762125 0.000768732 0.076228
15 38 14 0.00105584 -0.0724759 0.000795588 0.072488
16 38 14 0.000802254 -0.068705 0.000790298 0.0687143
17 38 14 0.000572614 -0.0651239 0.000757252 0.0651308
18 38 14 0.000362515 -0.0619046 0.000713025 0.0619097
19 38 14 0.000172515 -0.0591441 0.00064788 0.0591479
20 38 14 1.33502e-05 -0.056889 0.000572278 0.0568919
21 38 14 -0.000114668 -0.0551308 0.000491465 0.0551331
22 38 14 -0.00021133 -0.0537646 0.00039924 0.0537665
23 38 14 -0.000270097 -0.0527105 0.000312202 0.0527122
24 38 14 -0.000301853 -0.0518305 0.000226411 0.0518318
25 38 14 -0.000298496 -0.0509622 0.000145334 0.0509633
26 38 14 -0.000249321 -0.0500579 6.17421e-05 0.0500585
27 38 14 -0.000191995 -0.0490177 -2.33974e-05 0.0490181
28 38 14 -0.000136212 -0.0477733 -0.000108777 0.0477736
29 38 14 -6.44764e-05 -0.0463673 -0.000188169 0.0463677
30 38 14 1.30688e-05 -0.0448076 -0.000239974 0.0448083
31 38 14 8.49836e-05 -0.0431459 -0.000297134 0.043147
32 38 14 0.000180428 -0.0412376 -0.000357767 0.0412395
33 38 14 0.000456934 -0.0380307 -0.000378506 0.0380354
34 38 14 0.000999995 -0.0318543 -0.00034916 0.031872
35 38 14 0.0015961 -0.0219008 -0.000254875 0.0219603
36 38 14 0.00167785 -0.011541 -0.000127115 0.0116631
37 38 14 0.0011956 -0.00501216 -3.21507e-05 0.00515288
38 38 14 0.00124365 -0.0031465 -3.16599e-05 0.00338351
39 38 14 0.00140972 0 0 0.00140972
1 38 15 -0.00159054 -0.0106444 1.87063e-05 0.0107626
2 38 15 -0.00307334 -0.0170602 7.04281e-05 0.017335
3 38 15 -0.00365337 -0.0298606 3.77966e-05 0.0300833
4 38 15 -0.00249131 -0.048479 -2.63451e-05 0.048543
5 38 15 -0.000311865 -0.0660833 -3.46653e-05 0.0660841
6 38 15 0.00152306 -0.077271 3.56923e-05 0.077286
7 38 15 0.00233009 -0.0832099 0.000134674 0.0832427
8 38 15 0.00244719 -0.0866984 0.000223914 0.0867332
9 38 15 0.00239874 -0.0883944 0.000322674 0.0884276
10 38 15 0.00229179 -0.088476 0.000413748 0.0885066
11 38 15 0.00213147 -0.0871622 0.000476455 0.0871896
12 38 15 0.00193192 -0.0846907 0.000521453 0.0847143
13 38 15 0.00170058 -0.0813896 0.000558577 0.0814093
14 38 15 0.00143154 -0.0775421 0.000592029 0.0775576
15 38 15 0.00115877 -0.0734205 0.000609484 0.0734322
16 38 15 0.00090759 -0.0693339 0.000594861 0.0693424
17 38 15 0.000666716 -0.065503 0.000564766 0.0655088
18 38 15 0.000437207 -0.0621018 0.000531867 0.0621056
19 38 15 0.000231524 -0.0592317 0.00047935 0.0592341
20 38 15 6.2665e-05 -0.0569342 0.000418385 0.0569358
21 38 15 -6.81981e-05 -0.0551977 0.000356459 0.0551989
22 38 15 -0.000162932 -0.0539062 0.00028135 0.0539072
23 38 15 -0.000221599 -0.0529661 0.000207145 0.052967
24 38 15 -0.000257717 -0.0522256 0.00013528 0.0522264
25 38 15 -0.000263249 -0.0515009 7.12353e-05 0.0515016
26 38 15 -0.000222255 -0.050737 9.10174e-06 0.0507375
27 38 15 -0.000167459 -0.049833 -5.47398e-05 0.0498333
28 38 15 -0.0001136 -0.0487044 -0.000124098 0.0487047
29 38 15 -4.80502e-05 -0.0473862 -0.000189589 0.0473866
30 38 15 2.46709e-05 -0.0458898 -0.000223778 0.0458904
31 38 15 0.000100065 -0.0442691 -0.000258306 0.0442699
32 38 15 0.00020536 -0.0423726 -0.000301067 0.0423741
33 38 15 0.000501712 -0.0391572 -0.000314548 0.0391617
34 38 15 0.00108023 -0.0330101 -0.000289297 0.033029
35 38 15 0.00171248 -0.0230355 -0.000207754 0.0231
36 38 15 0.0017912 -0.0122686 -9.19334e-05 0.012399
37 38 15 0.00124325 -0.00530736 -1.52294e-05 0.00545105
38 38 15 0.00121064 -0.00316959 -1.47667e-05 0.00339296
39 38 15 0.00140534 0 0 0.00140534
1 38 16 -0.00148134 -0.0111122 -1.20021e-05 0.0112105
2 38 16 -0.00299915 -0.0178041 4.4916e-05 0.018055
3 38 16 -0.00365453 -0.0314008 3.38757e-05 0.0316128
4 38 16 -0.00252987 -0.0511728 -1.65143e-05 0.0512353
5 38 16 -0.000314032 -0.0696028 -4.02761e-05 0.0696035
6 38 16 0.00156344 -0.081026 -6.98888e-08 0.0810411
7 38 16 0.00238161 -0.0868509 6.82149e-05 0.0868836
8 38 16 0.00249149 -0.0901295 0.000132987 0.0901641
9 38 16 0.0024328 -0.091567 0.000207255 0.0915996
10 38 16 0.00231883 -0.0913467 0.000271121 0.0913766
11 38 16 0.00215307 -0.0897066 0.000309838 0.089733
12 38 16 0.00194262 -0.0869014 0.000340298 0.0869238
13 38 16 0.00169568 -0.0832669 0.000372246 0.083285
14 38 16 0.00141852 -0.0790973 0.000396848 0.079111
15 38 16 0.00114443 -0.0746891 0.000400776 0.0746989
16 38 16 0.00088065 -0.0703623 0.00038478 0.0703688
17 38 16 0.000613246 -0.0663319 0.000365545 0.0663357
18 38 16 0.000360641 -0.0627791 0.000343648 0.0627811
19 38 16 0.000142869 -0.0598125 0.000301795 0.0598134
20 38 16 -3.34497e-05 -0.0574684 0.000253275 0.0574689
21 38 16 -0.000166992 -0.0557325 0.000208887 0.0557331
22 38 16 -0.000255443 -0.0544822 0.000156316 0.054483
23 38 16 -0.000302879 -0.0536156 0.000101543 0.0536165
24 38 16 -0.000329827 -0.0529717 4.42638e-05 0.0529728
25 38 16 -0.000333104 -0.0523469 -5.08802e-06 0.0523479
26 38 16 -0.000292769 -0.0516753 -4.61355e-05 0.0516762
27 38 16 -0.000232136 -0.0508592 -8.58107e-05 0.0508598
28 38 16 -0.000166726 -0.0498055 -0.00013539 0.049806
29 38 16 -9.36697e-05 -0.0485378 -0.000186774 0.0485383
30 38 16 -1.86865e-05 -0.0470682 -0.000208166 0.0470686
31 38 16 6.23846e-05 -0.0454558 -0.000223706 0.0454564
32 38 16 0.000180882 -0.0435417 -0.000246046 0.0435428
33 38 16 0.0005043 -0.0402826 -0.000246446 0.0402865
34 38 16 0.00113076 -0.0341138 -0.000221665 0.0341332
35 38 16 0.00181308 -0.024067 -0.000156782 0.0241357
36 38 16 0.00189486 -0.0129156 -5.95248e-05 0.013054
37 38 16 0.00128172 -0.00552132 -6.75289e-08 0.00566814
38 38 16 0.00119202 -0.00319954 2.51028e-06 0.00341438
39 38 16 0.00138478 0 0 0.00138478
1 38 17 -0.00137433 -0.0114953 -3.8637e-05 0.0115772
2 38 17 -0.00291704 -0.0183825 2.48557e-05 0.0186125
3 38 17 -0.00362797 -0.0325397 3.35398e-05 0.0327414
4 38 17 -0.00253497 -0.0531729 -5.94212e-06 0.0532333
5 38 17 -0.00030261 -0.0722766 -4.25466e-05 0.0722772
6 38 17 0.00159997 -0.0839616 -2.91796e-05 0.0839769
7 38 17 0.00243088 -0.0897925 8.81547e-06 0.0898254
8 38 17 0.00254608 -0.093004 4.53689e-05 0.0930389
9 38 17 0.00249035 -0.0943303 8.94842e-05 0.0943632
10 38 17 0.00238023 -0.0939563 0.000123913 0.0939865
11 38 17 0.00221687 -0.0921363 0.000140546 0.092163
12 38 17 0.0020032 -0.0891349 0.000157161 0.0891575
13 38 17 0.00175191 -0.0852915 0.000177894 0.0853097
14 38 17 0.00147561 -0.0809138 0.000187953 0.0809274
15 38 17 0.00119842 -0.0763158 0.000184123 0.0763254
16 38 17 0.000919581 -0.0718217 0.000176817 0.0718278
17 38 17 0.000638515 -0.067644 0.000168365 0.0676472
18 38 17 0.00038565 -0.0639735 0.000151245 0.0639749
19 38 17 0.00017256 -0.0609262 0.000119057 0.0609266
20 38 17 -6.81612e-06 -0.0585336 8.25106e-05 0.0585337
21 38 17 -0.000150923 -0.0567786 5.02658e-05 0.0567788
22 38 17 -0.000247824 -0.0555343 1.94526e-05 0.0555348
23 38 17 -0.000293897 -0.0546954 -9.08358e-06 0.0546962
24 38 17 -0.000311339 -0.0540984 -4.63628e-05 0.0540993
25 38 17 -0.000308865 -0.0535239 -8.24005e-05 0.0535249
26 38 17 -0.000272002 -0.0528937 -0.000107511 0.0528945
27 38 17 -0.000214637 -0.0521135 -0.000126122 0.0521141
28 38 17 -0.000145515 -0.0510889 -0.000153907 0.0510893
29 38 17 -6.85386e-05 -0.0498331 -0.00018758 0.0498335
30 38 17 5.23337e-06 -0.0483568 -0.000197438 0.0483572
31 38 17 8.48752e-05 -0.0467259 -0.000198883 0.0467264
32 38 17 0.000205615 -0.0447724 -0.000203897 0.0447734
33 38 17 0.000541944 -0.0414399 -0.000190761 0.0414439
34 38 17 0.00120278 -0.0351876 -0.000161856 0.0352085
35 38 17 0.00192633 -0.0249907 -0.000109829 0.0250651
36 38 17 0.00200418 -0.0134595 -3.29799e-05 0.0136079
37 38 17 0.0013197 -0.0056475 1.04444e-05 0.00579965
38 38 17 0.0011878 -0.00323769 1.84201e-05 0.00344875
39 38 17 0.00134436 0 0 0.00134436
1 38 18 -0.00127811 -0.0117872 -6.40606e-05 0.0118565
2 38 18 -0.00284265 -0.0187883 3.47238e-06 0.0190021
3 38 18 -0.00360032 -0.0332627 2.75055e-05 0.033457
4 38 18 -0.00254617 -0.0544523 -5.51035e-07 0.0545118
5 38 18 -0.000324386 -0.0740717 -4.44225e-05 0.0740724
6 38 18 0.00158401 -0.0860493 -5.68856e-05 0.0860639
7 38 18 0.00242499 -0.0920142 -5.20915e-05 0.0920462
8 38 18 0.00254909 -0.0953072 -4.7555e-05 0.0953413
9 38 18 0.00249843 -0.096675 -3.63894e-05 0.0967073
10 38 18 0.00239163 -0.0963013 -3.06435e-05 0.096331
11 38 18 0.00222867 -0.0944517 -3.38353e-05 0.094478
12 38 18 0.00201016 -0.0913955 -3.20376e-05 0.0914176
13 38 18 0.00175275 -0.0874736 -2.54263e-05 0.0874912
14 38 18 0.00147122 -0.0830049 -2.64651e-05 0.0830179
15 38 18 0.00118331 -0.0783146 -3.09281e-05 0.0783235
16 38 18 0.000890982 -0.0737282 -3.16062e-05 0.0737336
17 38 18 0.000605457 -0.069459 -3.83224e-05 0.0694617
18 38 18 0.00035422 -0.0657063 -5.25851e-05 0.0657073
19 38 18 0.0001403 -0.0625922 -6.64789e-05 0.0625924
20 38 18 -3.9628e-05 -0.0601477 -8.18488e-05 0.0601478
21 38 18 -0.00018348 -0.0583539 -0.000102448 0.0583543
22 38 18 -0.000283783 -0.0570806 -0.000119015 0.0570815
23 38 18 -0.000330814 -0.0562226 -0.000124939 0.0562238
24 38 18 -0.000337521 -0.0556187 -0.000137586 0.0556199
25 38 18 -0.000319706 -0.0550411 -0.000154494 0.0550422
26 38 18 -0.000274681 -0.054401 -0.000163468 0.0544019
27 38 18 -0.000213903 -0.0536063 -0.000164569 0.053607
28 38 18 -0.000138834 -0.0525644 -0.000171481 0.0525649
29 38 18 -5.58088e-05 -0.0512817 -0.00018444 0.0512821
30 38 18 1.9995e-05 -0.0497675 -0.000181419 0.0497678
31 38 18 0.000100436 -0.0480938 -0.000170959 0.0480942
32 38 18 0.00022286 -0.0460841 -0.000161743 0.0460849
33 38 18 0.000567211 -0.0426544 -0.000137784 0.0426584
34 38 18 0.00125432 -0.0362525 -0.000103074 0.0362743
35 38 18 0.00201402 -0.0258072 -5.85059e-05 0.0258857
36 38 18 0.00209073 -0.0138826 -2.51252e-06 0.0140392
37 38 18 0.00134529 -0.00568116 2.22711e-05 0.00583831
38 38 18 0.00119488 -0.0032848 3.46247e-05 0.00349554
39 38 18 0.00128421 0 0 0.00128421
1 38 19 -0.00118672 -0.0119856 -8.49705e-05 0.0120445
2 38 19 -0.00275949 -0.019019 -1.68062e-05 0.0192182
3 38 19 -0.00354775 -0.0335608 1.80976e-05 0.0337478
4 38 19 -0.0025366 -0.0549921 2.6263e-06 0.0550506
5 38 19 -0.000350762 -0.0749651 -4.47464e-05 0.0749659
6 38 19 0.00154214 -0.0872692 -8.45026e-05 0.0872829
7 38 19 0.00238295 -0.0935005 -0.000115637 0.0935309
8 38 19 0.00251116 -0.0970249 -0.000143994 0.0970575
9 38 19 0.00246259 -0.098589 -0.000165028 0.0986199
10 38 19 0.0023572 -0.0983728 -0.000184922 0.0984012
11 38 19 0.00219545 -0.0966461 -0.000204726 0.0966712
12 38 19 0.00197789 -0.0936791 -0.000217061 0.0937002
13 38 19 0.00172425 -0.0898123 -0.000223517 0.0898291
14 38 19 0.00145026 -0.0853707 -0.000231363 0.0853833
15 38 19 0.00116983 -0.0806855 -0.000237152 0.0806943
16 38 19 0.00088506 -0.0760833 -0.000239742 0.0760889
17 38 19 0.000606435 -0.07178 -0.000247614 0.071783
18 38 19 0.000352827 -0.0679803 -0.000255008 0.0679817
19 38 19 0.000130138 -0.0648122 -0.000251112 0.0648128
20 38 19 -4.80374e-05 -0.0623103 -0.000245848 0.0623108
21 38 19 -0.000179356 -0.0604564 -0.000250532 0.0604572
22 38 19 -0.000273825 -0.0591193 -0.000254172 0.0591205
23 38 19 -0.000326127 -0.0581957 -0.000246142 0.0581971
24 38 19 -0.000337919 -0.0575292 -0.000237704 0.0575306
25 38 19 -0.000320893 -0.0568909 -0.00023122 0.0568922
26 38 19 -0.000276691 -0.0561871 -0.000220041 0.0561882
27 38 19 -0.000216243 -0.0553279 -0.000203432 0.0553287
28 38 19 -0.000137444 -0.0542229 -0.000189324 0.0542234
29 38 19 -4.82526e-05 -0.0528753 -0.000178789 0.0528756
30 38 19 3.31445e-05 -0.0512939 -0.000160465 0.0512942
31 38 19 0.000119207 -0.0495549 -0.000137796 0.0495553
32 38 19 0.000247957 -0.0474736 -0.000115445 0.0474744
33 38 19 0.000603693 -0.0439273 -8.41456e-05 0.0439315
34 38 19 0.00131548 -0.0373093 -4.58783e-05 0.0373325
35 38 19 0.00210502 -0.0265073 -6.34999e-06 0.0265907
36 38 19 0.00217739 -0.014164 2.86616e-05 0.0143304
37 38 19 0.00137718 -0.00561266 3.25173e-05 0.00577924
38 38 19 0.00122455 -0.00333749 4.88302e-05 0.00355538
39 38 19 0.00121016 0 0 0.00121016
1 38 20 -0.00110901 -0.0120859 -0.000103991 0.0121371
2 38 20 -0.00268189 -0.0190691 -3.7377e-05 0.0192568
3 38 20 -0.00348808 -0.0334248 7.28883e-06 0.0336063
4 38 20 -0.00252244 -0.0547779 7.35594e-06 0.0548359
5 38 20 -0.000390664 -0.0749396 -4.02857e-05 0.0749406
6 38 20 0.00147307 -0.0876043 -0.000108192 0.0876168
7 38 20 0.00230833 -0.0942338 -0.00017648 0.0942622
8 38 20 0.00244057 -0.0981378 -0.000237447 0.0981684
9 38 20 0.00239752 -0.100052 -0.000289946 0.100081
10 38 20 0.00229789 -0.10015 -0.000334598 0.100177
11 38 20 0.00214206 -0.0986992 -0.000371426 0.0987231
12 38 20 0.00193046 -0.0959655 -0.000400658 0.0959857
13 38 20 0.00168262 -0.092288 -0.000422811 0.0923043
14 38 20 0.00141432 -0.0879915 -0.00043826 0.088004
15 38 20 0.00113942 -0.0834083 -0.000447223 0.0834173
16 38 20 0.000859919 -0.0788673 -0.00045065 0.0788733
17 38 20 0.000586284 -0.0745872 -0.000448824 0.0745909
18 38 20 0.000337377 -0.0707769 -0.000442272 0.0707791
19 38 20 0.000119097 -0.0675688 -0.000431607 0.0675703
20 38 20 -5.49799e-05 -0.0650023 -0.000417062 0.0650036
21 38 20 -0.000182487 -0.0630641 -0.000399198 0.0630656
22 38 20 -0.000273353 -0.0616277 -0.000378164 0.0616294
23 38 20 -0.000322206 -0.0605945 -0.000354514 0.0605964
24 38 20 -0.000330666 -0.0598124 -0.000328398 0.0598142
25 38 20 -0.000310358 -0.0590561 -0.000300185 0.0590577
26 38 20 -0.000262918 -0.058235 -0.000270287 0.0582363
27 38 20 -0.000199217 -0.0572618 -0.00023884 0.0572627
28 38 20 -0.000117186 -0.0560482 -0.000206068 0.0560487
29 38 20 -2.48653e-05 -0.0545984 -0.000172162 0.0545987
30 38 20 5.9693e-05 -0.0529222 -0.000137785 0.0529224
31 38 20 0.000148937 -0.051096 -0.000102512 0.0510963
32 38 20 0.000281774 -0.048928 -6.71545e-05 0.0489288
33 38 20 0.000647265 -0.0452477 -3.03645e-05 0.0452523
34 38 20 0.00137768 -0.0383502 9.88623e-06 0.0383749
35 38 20 0.0021848 -0.0270833 4.613e-05 0.0271713
36 38 20 0.00224598 -0.014294 6.10292e-05 0.0144695
37 38 20 0.00140109 -0.00543919 4.28011e-05 0.00561691
38 38 20 0.00126832 -0.00339471 6.22406e-05 0.00362444
39 38 20 0.00111864 0 0 0.00111864
1 38 21 -0.00104733 -0.012085 -0.000121056 0.0121309
2 38 21 -0.00261165 -0.0189337 -5.79293e-05 0.019113
3 38 21 -0.00342196 -0.0328496 -4.20739e-06 0.0330273
4 38 21 -0.00250349 -0.0538034 1.17696e-05 0.0538616
5 38 21 -0.000443557 -0.0739862 -3.51378e-05 0.0739876
6 38 21 0.00137708 -0.0870417 -0.000130124 0.0870527
7 38 21 0.00220085 -0.0941971 -0.000234592 0.0942231
8 38 21 0.00233637 -0.0986246 -0.00032734 0.0986528
9 38 21 0.00230168 -0.101038 -0.000410543 0.101065
10 38 21 0.00221167 -0.101606 -0.000479298 0.101631
11 38 21 0.0020661 -0.100579 -0.000532625 0.100602
12 38 21 0.00186518 -0.0982207 -0.00057827 0.0982401
13 38 21 0.00162498 -0.0948648 -0.000615737 0.0948807
14 38 21 0.00136029 -0.0908299 -0.000638542 0.0908423
15 38 21 0.00108864 -0.0864447 -0.000650514 0.086454
16 38 21 0.000811792 -0.0820409 -0.00065466 0.0820475
17 38 21 0.000540889 -0.0778412 -0.000643102 0.0778458
18 38 21 0.000303449 -0.0740567 -0.00062263 0.07406
19 38 21 0.000102535 -0.0708228 -0.000605229 0.0708255
20 38 21 -6.51576e-05 -0.0681851 -0.000581458 0.0681876
21 38 21 -0.000197469 -0.0661391 -0.000541176 0.0661416
22 38 21 -0.000286747 -0.0645692 -0.00049562 0.0645718
23 38 21 -0.000323158 -0.063384 -0.000456512 0.0633864
24 38 21 -0.000319585 -0.0624346 -0.000412913 0.0624368
25 38 21 -0.000291673 -0.0615045 -0.000363163 0.0615063
26 38 21 -0.000236741 -0.0605139 -0.000314745 0.0605152
27 38 21 -0.000166076 -0.0593786 -0.000268573 0.0593795
28 38 21 -8.11829e-05 -0.0580118 -0.000217251 0.0580122
29 38 21 1.14396e-05 -0.0564231 -0.000160178 0.0564233
30 38 21 9.69761e-05 -0.0546246 -0.000109863 0.0546248
31 38 21 0.000187281 -0.0526892 -6.20955e-05 0.0526895
32 38 21 0.000322414 -0.0504191 -1.39026e-05 0.0504201
33 38 21 0.000696428 -0.0465882 2.808e-05 0.0465935
34 38 21 0.00143942 -0.039352 6.96014e-05 0.0393783
35 38 21 0.00225141 -0.0275209 0.00010127 0.027613
36 38 21 0.00229427 -0.0142671 9.42734e-05 0.0144507
37 38 21 0.00141539 -0.00515898 5.26303e-05 0.00534987
38 38 21 0.00132532 -0.00345421 7.47209e-05 0.00370049
39 38 21 0.00101055 0 0 0.00101055
1 38 22 -0.00099795 -0.0119819 -0.000136371 0.0120242
2 38 22 -0.00253885 -0.0186092 -7.82215e-05 0.0187817
3 38 22 -0.0033336 -0.0318341 -1.54158e-05 0.0320081
4 38 22 -0.00246308 -0.0520715 1.44846e-05 0.0521297
5 38 22 -0.000497923 -0.0721052 -3.28221e-05 0.0721069
6 38 22 0.00125964 -0.0855738 -0.000151859 0.0855832
7 38 22 0.00206219 -0.0933754 -0.000289334 0.0933986
8 38 22 0.00219625 -0.0984648 -0.000412524 0.0984902
9 38 22 0.00216689 -0.101522 -0.000525717 0.101546
10 38 22 0.0020846 -0.102705 -0.000618209 0.102728
11 38 22 0.00195011 -0.102247 -0.000686638 0.102268
12 38 22 0.00176565 -0.1004 -0.00074504 0.100418
13 38 22 0.00154305 -0.0974925 -0.000794452 0.0975079
14 38 22 0.00129475 -0.0938323 -0.00082333 0.0938449
15 38 22 0.00104453 -0.0897388 -0.000836161 0.0897487
16 38 22 0.000791327 -0.0855463 -0.000841927 0.0855541
17 38 22 0.000534479 -0.0814832 -0.00083149 0.0814892
18 38 22 0.000304457 -0.0777599 -0.000804316 0.0777646
19 38 22 0.000112878 -0.0745142 -0.000769361 0.0745182
20 38 22 -4.6232e-05 -0.0718017 -0.000725271 0.0718054
21 38 22 -0.000171176 -0.0696295 -0.000669554 0.0696329
22 38 22 -0.000249795 -0.0678947 -0.000611587 0.0678979
23 38 22 -0.000278252 -0.0665147 -0.00055905 0.0665176
24 38 22 -0.000278629 -0.0653464 -0.000494968 0.0653489
25 38 22 -0.000259422 -0.0641888 -0.000422399 0.0641907
26 38 22 -0.000206198 -0.0629786 -0.000354412 0.06298
27 38 22 -0.000132638 -0.0616344 -0.000290906 0.0616352
28 38 22 -4.7445e-05 -0.060071 -0.000218967 0.0600715
29 38 22 4.52946e-05 -0.0583073 -0.00013903 0.0583075
30 38 22 0.000134985 -0.0563582 -7.38014e-05 0.0563584
31 38 22 0.000230743 -0.054291 -1.42512e-05 0.0542915
32 38 22 0.000372399 -0.0519033 4.6478e-05 0.0519046
33 38 22 0.000757315 -0.0479048 9.49104e-05 0.0479109
34 38 22 0.00150895 -0.0402759 0.00013795 0.0403044
35 38 22 0.00231612 -0.0277987 0.000160898 0.0278954
36 38 22 0.00233539 -0.0140816 0.000127862 0.0142746
37 38 22 0.00143005 -0.00477124 6.15564e-05 0.00498132
38 38 22 0.00140153 -0.00351261 8.61885e-05 0.00378288
39 38 22 0.000890931 0 0 0.000890931
1 38 23 -0.000971818 -0.0117737 -0.000153155 0.0118147
2 38 23 -0.00248391 -0.0180896 -9.99993e-05 0.0182596
3 38 23 -0.00324851 -0.0303774 -2.44346e-05 0.0305506
4 38 23 -0.00242806 -0.0495894 1.91375e-05 0.0496489
5 38 23 -0.000581489 -0.0693026 -3.04746e-05 0.0693051
6 38 23 0.00109494 -0.0831958 -0.000170081 0.0832032
7 38 23 0.00187357 -0.0917515 -0.000335902 0.0917712
8 38 23 0.00200913 -0.0976321 -0.000487023 0.097654
9 38 23 0.00198632 -0.101467 -0.000629552 0.101489
10 38 23 0.00191045 -0.103404 -0.000747589 0.103424
11 38 23 0.00178434 -0.10365 -0.00083335 0.103669
12 38 23 0.00161417 -0.102442 -0.000904371 0.102459
13 38 23 0.00140705 -0.100103 -0.00096605 0.100118
14 38 23 0.00116887 -0.0969268 -0.00100475 0.0969391
15 38 23 0.000932326 -0.0932162 -0.00101742 0.0932264
16 38 23 0.000704249 -0.0893063 -0.00101606 0.0893149
17 38 23 0.000470519 -0.0854338 -0.00100378 0.085441
18 38 23 0.000249638 -0.081807 -0.000973956 0.0818132
19 38 23 6.16902e-05 -0.0785654 -0.000921101 0.0785708
20 38 23 -8.65148e-05 -0.0757781 -0.000856382 0.075783
21 38 23 -0.000193419 -0.0734647 -0.000789756 0.0734692
22 38 23 -0.00025648 -0.0715357 -0.000718384 0.0715397
23 38 23 -0.000279425 -0.0699202 -0.000644107 0.0699237
24 38 23 -0.000282651 -0.0684859 -0.000556368 0.0684887
25 38 23 -0.00026273 -0.0670539 -0.000465569 0.067056
26 38 23 -0.000199754 -0.0655791 -0.000382323 0.0655805
27 38 23 -0.00011679 -0.0639809 -0.000301983 0.0639817
28 38 23 -2.91402e-05 -0.0621791 -0.000209934 0.0621795
29 38 23 6.59278e-05 -0.0602047 -0.000110276 0.0602048
30 38 23 0.000163154 -0.0580755 -3.28125e-05 0.0580757
31 38 23 0.000266852 -0.0558527 3.78599e-05 0.0558533
32 38 23 0.000414695 -0.0533301 0.000111835 0.0533318
33 38 23 0.000804766 -0.0491445 0.000169682 0.0491514
34 38 23 0.00155391 -0.0410771 0.000215127 0.041107
35 38 23 0.0023465 -0.027898 0.000224409 0.0279974
36 38 23 0.00234208 -0.013747 0.000162208 0.0139461
37 38 23 0.0014229 -0.00428252 7.12912e-05 0.00451328
38 38 23 0.00148346 -0.00356905 9.78373e-05 0.00386631
39 38 23 0.000755666 0 0 0.000755666
1 38 24 -0.000965262 -0.0114624 -0.000168961 0.0115043
2 38 24 -0.00243441 -0.0173743 -0.000121194 0.0175445
3 38 24 -0.00314064 -0.0284851 -2.86801e-05 0.0286578
4 38 24 -0.00235724 -0.0463733 2.92101e-05 0.0464332
5 38 24 -0.00064472 -0.0655955 -2.65285e-05 0.0655987
6 38 24 0.000934587 -0.079913 -0.000185883 0.0799186
7 38 24 0.00169098 -0.0893147 -0.00037527 0.0893315
8 38 24 0.00184026 -0.0961027 -0.000548876 0.0961219
9 38 24 0.0018366 -0.100839 -0.000716633 0.100858
10 38 24 0.00177718 -0.103654 -0.00085983 0.103673
11 38 24 0.00166647 -0.104731 -0.000964272 0.104748
12 38 24 0.00151744 -0.104282 -0.00104631 0.104299
13 38 24 0.00133639 -0.102623 -0.00111682 0.102637
14 38 24 0.00111686 -0.100032 -0.00116837 0.100045
15 38 24 0.000891951 -0.096793 -0.00118771 0.0968044
16 38 24 0.000686339 -0.0932333 -0.00117693 0.0932432
17 38 24 0.000488378 -0.0896009 -0.00115365 0.0896096
18 38 24 0.000299243 -0.0861047 -0.00111924 0.0861125
19 38 24 0.000131464 -0.0828851 -0.00105725 0.0828919
20 38 24 -1.61966e-06 -0.0800256 -0.000981335 0.0800316
21 38 24 -9.84884e-05 -0.0775575 -0.000903544 0.0775628
22 38 24 -0.000160839 -0.0754065 -0.000811611 0.075411
23 38 24 -0.000188312 -0.0735184 -0.000712328 0.0735221
24 38 24 -0.000194366 -0.0717771 -0.000605922 0.0717799
25 38 24 -0.000170677 -0.0700302 -0.000503076 0.0700322
26 38 24 -0.000101145 -0.0682482 -0.000405128 0.0682494
27 38 24 -1.81282e-05 -0.0663516 -0.000304878 0.0663523
28 38 24 6.40529e-05 -0.0642717 -0.000192325 0.064272
29 38 24 0.000157884 -0.0620527 -7.63466e-05 0.062053
30 38 24 0.000259206 -0.0597133 1.16497e-05 0.0597139
31 38 24 0.000363767 -0.0573092 9.52109e-05 0.0573104
32 38 24 0.000506494 -0.0546303 0.000185259 0.054633
33 38 24 0.000885751 -0.0502339 0.000254859 0.0502424
34 38 24 0.00161462 -0.0416936 0.000299771 0.0417259
35 38 24 0.00237785 -0.0277922 0.000287647 0.0278952
36 38 24 0.00233901 -0.0132694 0.000193885 0.0134753
37 38 24 0.00140278 -0.00369537 7.91265e-05 0.00395346
38 38 24 0.00157204 -0.00361903 0.000107401 0.00394718
39 38 24 0.000606375 0 0 0.000606375
1 38 25 -0.000977854 -0.0110499 -0.000187951 0.0110946
2 38 25 -0.00239567 -0.0164627 -0.000149331 0.0166368
3 38 25 -0.00302839 -0.0261625 -3.75354e-05 0.0263372
4 38 25 -0.00228167 -0.0424388 3.91076e-05 0.0425001
5 38 25 -0.000732527 -0.0610027 -2.35968e-05 0.0610071
6 38 25 0.00071208 -0.0757339 -0.000204488 0.0757375
7 38 25 0.00142288 -0.0860555 -0.000416262 0.0860683
8 38 25 0.00157673 -0.0938494 -0.000607031 0.0938646
9 38 25 0.00158986 -0.0995918 -0.000793108 0.0996077
10 38 25 0.00154711 -0.103395 -0.000958155 0.103411
11 38 25 0.00144885 -0.105417 -0.00108224 0.105432
12 38 25 0.00131295 -0.10584 -0.00117537 0.105854
13 38 25 0.00115354 -0.10496 -0.00124826 0.104973
14 38 25 0.000955766 -0.10305 -0.00130669 0.103063
15 38 25 0.00073987 -0.10037 -0.00133827 0.100382
16 38 25 0.00054077 -0.0972288 -0.00132796 0.0972394
17 38 25 0.000362727 -0.0938833 -0.00129354 0.0938929
18 38 25 0.00020135 -0.0905477 -0.0012483 0.0905566
19 38 25 5.71082e-05 -0.087366 -0.00117633 0.087374
20 38 25 -5.88863e-05 -0.0844355 -0.00108904 0.0844426
21 38 25 -0.000145867 -0.081799 -0.000994921 0.0818052
22 38 25 -0.000203491 -0.0794016 -0.000881968 0.0794067
23 38 25 -0.000224645 -0.0772106 -0.000764728 0.0772147
24 38 25 -0.000220061 -0.0751304 -0.000645334 0.0751335
25 38 25 -0.000181207 -0.0730357 -0.000529493 0.0730378
26 38 25 -9.70251e-05 -0.0709089 -0.00041216 0.0709102
27 38 25 -4.89467e-06 -0.0686753 -0.000289475 0.0686759
28 38 25 8.58136e-05 -0.0662847 -0.000158937 0.0662849
29 38 25 0.000192253 -0.0637908 -3.05536e-05 0.0637911
30 38 25 0.000304495 -0.0612092 6.88275e-05 0.06121
31 38 25 0.000411411 -0.0585938 0.000169756 0.0585955
32 38 25 0.000550972 -0.0557303 0.000278745 0.0557337
33 38 25 0.00092374 -0.051096 0.000359115 0.0511056
34 38 25 0.0016395 -0.0420663 0.000397535 0.0421001
35 38 25 0.00237981 -0.0274621 0.000358166 0.0275673
36 38 25 0.00230747 -0.0126597 0.000232502 0.0128703
37 38 25 0.00135802 -0.00301523 9.13251e-05 0.00330819
38 38 25 0.00166481 -0.00365807 0.000116623 0.00402078
39 38 25 0.000448551 0 0 0.000448551
1 38 26 -0.00101482 -0.0105404 -0.000206876 0.0105912
2 38 26 -0.00237498 -0.0153607 -0.000178163 0.0155443
3 38 26 -0.00291738 -0.0234245 -4.51237e-05 0.0236055
4 38 26 -0.00219094 -0.0378091 5.89085e-05 0.0378726
5 38 26 -0.000802543 -0.0555477 -4.14414e-06 0.0555534
6 38 26 0.000500794 -0.0706727 -0.000207094 0.0706748
7 38 26 0.00116192 -0.0819712 -0.000445324 0.0819807
8 38 26 0.00132131 -0.0908518 -0.000653448 0.0908638
9 38 26 0.00135801 -0.0976884 -0.000852226 0.0977015
10 38 26 0.00134847 -0.102568 -0.00103285 0.102583
11 38 26 0.00128547 -0.105629 -0.00117472 0.105643
12 38 26 0.00118163 -0.107019 -0.00128256 0.107034
13 38 26 0.00105833 -0.107006 -0.00135832 0.10702
14 38 26 0.000901868 -0.105857 -0.00141562 0.10587
15 38 26 0.000715489 -0.103815 -0.00145522 0.103827
16 38 26 0.000528671 -0.101161 -0.00145335 0.101173
17 38 26 0.000360199 -0.0981535 -0.00141576 0.0981643
18 38 26 0.000213309 -0.0950115 -0.00135935 0.0950215
19 38 26 8.56129e-05 -0.0918866 -0.00127552 0.0918955
20 38 26 -1.33637e-05 -0.08889 -0.00117483 0.0888977
21 38 26 -8.35738e-05 -0.086078 -0.0010632 0.0860846
22 38 26 -0.000123443 -0.0834198 -0.00093494 0.0834251
23 38 26 -0.000125455 -0.0809066 -0.000806671 0.0809107
24 38 26 -0.000102925 -0.0784644 -0.000675395 0.0784674
25 38 26 -4.89288e-05 -0.075994 -0.000544843 0.075996
26 38 26 4.09032e-05 -0.0734876 -0.000408255 0.0734888
27 38 26 0.000127209 -0.0708823 -0.000266427 0.0708829
28 38 26 0.000208996 -0.06815 -0.000121927 0.0681504
29 38 26 0.000305737 -0.0653473 1.84779e-05 0.065348
30 38 26 0.000403746 -0.0624871 0.000133673 0.0624885
31 38 26 0.000494121 -0.0596271 0.000255293 0.0596297
32 38 26 0.000621511 -0.0565485 0.000380413 0.0565532
33 38 26 0.000981795 -0.0516535 0.000464943 0.0516649
34 38 26 0.00167327 -0.0421415 0.000491926 0.0421776
35 38 26 0.00236824 -0.0268934 0.000427686 0.0270008
36 38 26 0.00223659 -0.0119292 0.000275044 0.0121402
37 38 26 0.00126927 -0.00225203 0.000105272 0.00258724
38 38 26 0.00174899 -0.00368473 0.00012378 0.00408063
39 38 26 0.000280434 0 0 0.000280434
1 38 27 -0.00106901 -0.0099414 -0.000223667 0.0100012
2 38 27 -0.0023552 -0.01408 -0.000207045 0.0142771
3 38 27 -0.00279175 -0.0202965 -6.03048e-05 0.0204877
4 38 27 -0.00208241 -0.032517 7.17583e-05 0.0325837
5 38 27 -0.000860343 -0.0492554 1.87686e-05 0.0492629
6 38 27 0.000294598 -0.0647387 -0.000197951 0.0647397
7 38 27 0.000900168 -0.0770513 -0.000463066 0.0770579
8 38 27 0.00105452 -0.0870816 -0.000692436 0.0870908
9 38 27 0.00109578 -0.0950884 -0.000904147 0.095099
10 38 27 0.00109996 -0.101123 -0.00109621 0.101134
11 38 27 0.00106145 -0.105301 -0.00124983 0.105314
12 38 27 0.000985987 -0.107744 -0.00137076 0.107757
13 38 27 0.000897289 -0.108676 -0.00145168 0.108689
14 38 27 0.000790311 -0.108353 -0.00150259 0.108366
15 38 27 0.000657325 -0.107009 -0.00153829 0.107022
16 38 27 0.000511019 -0.104902 -0.00154075 0.104914
17 38 27 0.000371341 -0.102279 -0.00150445 0.102291
18 38 27 0.000248479 -0.0993636 -0.00144147 0.0993743
19 38 27 0.000142294 -0.0963156 -0.00135014 0.0963251
20 38 27 6.29369e-05 -0.0932603 -0.00124023 0.0932686
21 38 27 1.0597e-05 -0.090271 -0.00111543 0.0902779
22 38 27 -1.31389e-05 -0.0873434 -0.000977029 0.0873488
23 38 27 -3.86329e-06 -0.0844924 -0.000838709 0.0844966
24 38 27 2.25017e-05 -0.0816668 -0.000692471 0.0816697
25 38 27 7.23609e-05 -0.0787927 -0.00054392 0.0787946
26 38 27 0.000146674 -0.0758747 -0.00038613 0.0758759
27 38 27 0.000213969 -0.0728693 -0.000224936 0.07287
28 38 27 0.000285707 -0.069769 -6.58403e-05 0.0697696
29 38 27 0.00037918 -0.0666273 8.88852e-05 0.0666284
30 38 27 0.000477146 -0.0634588 0.000221359 0.063461
31 38 27 0.000573699 -0.0603285 0.000360028 0.0603323
32 38 27 0.000711304 -0.0570077 0.00049339 0.0570142
33 38 27 0.00106813 -0.0518336 0.0005763 0.0518478
34 38 27 0.0017243 -0.0418633 0.000592305 0.041903
35 38 27 0.00234462 -0.0260599 0.000507266 0.0261701
36 38 27 0.00212658 -0.0110741 0.000324268 0.0112811
37 38 27 0.00114187 -0.00141185 0.000116618 0.00181956
38 38 27 0.00182785 -0.0036961 0.000124925 0.00412527
39 38 27 0.000106346 0 0 0.000106346
1 38 28 -0.00114024 -0.00925694 -0.000241431 0.00933002
2 38 28 -0.00233644 -0.0126288 -0.000233758 0.0128452
3 38 28 -0.00265747 -0.0168104 -7.87621e-05 0.0170194
4 38 28 -0.00198092 -0.0266117 7.55038e-05 0.0266854
5 38 28 -0.000950772 -0.0421678 3.92401e-05 0.0421786
6 38 28 4.22136e-05 -0.0579515 -0.000177018 0.0579518
7 38 28 0.000598499 -0.0712849 -0.000459242 0.0712888
8 38 28 0.000764895 -0.0824954 -0.000707566 0.082502
9 38 28 0.000823296 -0.0917228 -0.000932764 0.0917312
10 38 28 0.000841778 -0.0989714 -0.00113763 0.0989815
11 38 28 0.000819604 -0.104332 -0.0013024 0.104343
12 38 28 0.000758612 -0.1079 -0.001436 0.107912
13 38 28 0.000680804 -0.109853 -0.00152791 0.109865
14 38 28 0.000595027 -0.110421 -0.0015769 0.110433
15 38 28 0.00049786 -0.10983 -0.0016025 0.109843
16 38 28 0.000389706 -0.108317 -0.00160073 0.10833
17 38 28 0.000283462 -0.10612 -0.00156309 0.106132
18 38 28 0.000189569 -0.103462 -0.0014946 0.103473
19 38 28 0.000108635 -0.100511 -0.00139839 0.100521
20 38 28 5.08602e-05 -0.0974073 -0.00128219 0.0974158
21 38 28 1.66308e-05 -0.0942431 -0.00114675 0.0942501
22 38 28 7.38507e-06 -0.0910416 -0.000998615 0.0910471
23 38 28 2.50552e-05 -0.0878413 -0.000846872 0.0878454
24 38 28 5.47624e-05 -0.0846161 -0.000681557 0.0846189
25 38 28 0.000105747 -0.0813198 -0.000512617 0.0813214
26 38 28 0.000180777 -0.0779731 -0.000335505 0.077974
27 38 28 0.000258506 -0.074554 -0.000160916 0.0745546
28 38 28 0.000351139 -0.0710689 7.62532e-06 0.0710698
29 38 28 0.0004622 -0.0675658 0.00017293 0.0675676
30 38 28 0.000571598 -0.0640662 0.000318329 0.0640695
31 38 28 0.000676445 -0.0606388 0.000469005 0.0606444
32 38 28 0.000813065 -0.0570397 0.00060831 0.0570488
33 38 28 0.00114312 -0.0515626 0.000693881 0.0515799
34 38 28 0.00173601 -0.0411678 0.000706925 0.0412105
35 38 28 0.00225779 -0.0249279 0.000603732 0.0250373
36 38 28 0.00195017 -0.0100893 0.000380372 0.0102831
37 38 28 0.000971066 -0.000508454 0.000125501 0.00110329
38 38 28 0.00189886 -0.00369178 0.000121032 0.00415326
39 38 28 -7.14349e-05 0 0 7.14349e-05
1 38 29 -0.00122812 -0.00849336 -0.000261029 0.00858566
2 38 29 -0.00231547 -0.0110161 -0.000252442 0.0112597
3 38 29 -0.00249023 -0.0129988 -8.46242e-05 0.0132354
4 38 29 -0.00183683 -0.0201493 8.53609e-05 0.020233
5 38 29 -0.00101533 -0.0343402 6.0705e-05 0.0343553
6 38 29 -0.00020922 -0.050351 -0.000151029 0.0503517
7 38 29 0.00028172 -0.0646914 -0.000442198 0.0646935
8 38 29 0.000461226 -0.0770836 -0.000702918 0.0770882
9 38 29 0.000553356 -0.087551 -0.000934595 0.0875578
10 38 29 0.000611358 -0.0960491 -0.00114638 0.0960579
11 38 29 0.00063521 -0.10263 -0.00131765 0.102641
12 38 29 0.00062176 -0.107369 -0.00145884 0.10738
13 38 29 0.000580573 -0.110399 -0.00156432 0.110412
14 38 29 0.000524476 -0.111916 -0.00162181 0.111929
15 38 29 0.000461185 -0.112128 -0.00164299 0.112141
16 38 29 0.000391073 -0.111257 -0.00163556 0.111269
17 38 29 0.000323325 -0.109525 -0.00159455 0.109537
18 38 29 0.000266184 -0.107155 -0.00151993 0.107166
19 38 29 0.000217868 -0.104326 -0.00141877 0.104336
20 38 29 0.000185263 -0.101191 -0.00129655 0.1012
21 38 29 0.000167534 -0.0978622 -0.001151 0.0978691
22 38 29 0.000167246 -0.0943894 -0.000992437 0.0943948
23 38 29 0.000187922 -0.0908356 -0.000826331 0.0908396
24 38 29 0.000219966 -0.0872048 -0.000644201 0.0872075
25 38 29 0.000275328 -0.0834788 -0.000461467 0.0834805
26 38 29 0.000355557 -0.079695 -0.000275724 0.0796962
27 38 29 0.000439968 -0.0758507 -9.56627e-05 0.0758521
28 38 29 0.000531094 -0.0719611 8.23336e-05 0.0719631
29 38 29 0.000625445 -0.068073 0.000260651 0.0680764
30 38 29 0.000713966 -0.0642183 0.00042073 0.0642236
31 38 29 0.000799652 -0.0604613 0.000585046 0.0604695
32 38 29 0.000913352 -0.056545 0.000732335 0.0565571
33 38 29 0.00120304 -0.0507499 0.000823127 0.0507708
34 38 29 0.00172403 -0.0399899 0.00083271 0.0400357
35 38 29 0.00213671 -0.0234748 0.000704109 0.0235823
36 38 29 0.00173378 -0.00898283 0.000430352 0.00915874
37 38 29 0.000767815 0.000434268 0.000130028 0.000891648
38 38 29 0.00195513 -0.00367208 0.000114241 0.00416171
39 38 29 -0.000253708 0 0 0.000253708
1 38 30 -0.00132932 -0.00766156 -0.000286371 0.0077813
2 38 30 -0.00230339 -0.0092583 -0.000274245 0.00954447
3 38 30 -0.00230925 -0.00889507 -8.71151e-05 0.00919035
4 38 30 -0.00166107 -0.0131775 0.000102302 0.0132822
5 38 30 -0.00104792 -0.0258091 8.95559e-05 0.0258305
6 38 30 -0.000439237 -0.0419493 -0.000115612 0.0419518
7 38 30 -3.31914e-05 -0.0572641 -0.000413036 0.0572656
8 38 30 0.000132538 -0.0708217 -0.000687753 0.0708252
9 38 30 0.000229163 -0.0825281 -0.000926431 0.0825336
10 38 30 0.000298757 -0.0922964 -0.00114243 0.0923039
11 38 30 0.000345214 -0.100128 -0.00131571 0.100137
12 38 30 0.000370406 -0.106067 -0.0014539 0.106077
13 38 30 0.000372891 -0.110213 -0.00156303 0.110225
14 38 30 0.000355453 -0.112721 -0.00162985 0.112734
15 38 30 0.000326497 -0.113779 -0.00165269 0.113791
16 38 30 0.000287825 -0.113587 -0.00164309 0.113599
17 38 30 0.000249323 -0.112355 -0.00159969 0.112367
18 38 30 0.000220649 -0.110303 -0.00151844 0.110314
19 38 30 0.00020035 -0.107618 -0.0014099 0.107628
20 38 30 0.000192439 -0.104466 -0.00127868 0.104474
21 38 30 0.000194721 -0.100981 -0.00112182 0.100988
22 38 30 0.000211181 -0.0972416 -0.000953309 0.0972465
23 38 30 0.000247051 -0.0933359 -0.000776397 0.0933395
24 38 30 0.000295061 -0.0893005 -0.000584562 0.0893029
25 38 30 0.000363652 -0.0851431 -0.000395463 0.0851448
26 38 30 0.000449211 -0.0809167 -0.000204341 0.0809182
27 38 30 0.000531248 -0.0766378 -1.29274e-05 0.0766397
28 38 30 0.000611961 -0.0723308 0.000183045 0.0723337
29 38 30 0.000696979 -0.0680468 0.000375449 0.0680514
30 38 30 0.000787991 -0.0638232 0.000546921 0.0638304
31 38 30 0.000881386 -0.0597122 0.00072029 0.0597231
32 38 30 0.000998486 -0.0554535 0.000870133 0.0554694
33 38 30 0.0012689 -0.0493459 0.000962414 0.0493716
34 38 30 0.00172077 -0.0383039 0.000965057 0.0383547
35 38 30 0.00200346 -0.0217045 0.000804889 0.0218116
36 38 30 0.00147955 -0.00776792 0.00047669 0.00792192
37 38 30 0.000521094 0.00139743 0.000137201 0.00149772
38 38 30 0.00198175 -0.00363083 0.000107672 0.00413786
39 38 30 -0.000438798 0 0 0.000438798
1 38 31 -0.00142949 -0.00677896 -0.000310365 0.00693499
2 38 31 -0.00229409 -0.0073933 -0.000297809 0.00774677
3 38 31 -0.00212312 -0.004565 -9.28118e-05 0.00503542
4 38 31 -0.00147467 -0.00577746 0.000120069 0.0059639
5 38 31 -0.0010742 -0.0166407 0.00012568 0.0166758
6 38 31 -0.000656483 -0.0327763 -6.23712e-05 0.0327829
7 38 31 -0.00031449 -0.0489994 -0.000352623 0.0490017
8 38 31 -0.000138692 -0.0636808 -0.000635489 0.0636841
9 38 31 -1.76691e-05 -0.0765966 -0.00088184 0.0766016
10 38 31 7.56157e-05 -0.0876293 -0.00110493 0.0876363
11 38 31 0.000141657 -0.0967266 -0.00128661 0.0967352
12 38 31 0.000192499 -0.10389 -0.00142292 0.1039
13 38 31 0.000231691 -0.109182 -0.00152736 0.109193
14 38 31 0.00025712 -0.112715 -0.00159594 0.112727
15 38 31 0.000271179 -0.114651 -0.00161891 0.114663
16 38 31 0.000270278 -0.115173 -0.0016084 0.115185
17 38 31 0.0002607 -0.114473 -0.00156524 0.114484
18 38 31 0.000253763 -0.112765 -0.00148132 0.112775
19 38 31 0.000253525 -0.110244 -0.00136843 0.110252
20 38 31 0.000266442 -0.107089 -0.00123083 0.107097
21 38 31 0.000291314 -0.10346 -0.00106694 0.103466
22 38 31 0.000331734 -0.0994624 -0.000893322 0.099467
23 38 31 0.000389718 -0.0952132 -0.000710583 0.0952167
24 38 31 0.000454509 -0.0907803 -0.000512466 0.0907828
25 38 31 0.000529203 -0.0861949 -0.000315903 0.0861971
26 38 31 0.000610742 -0.0815274 -0.000113782 0.0815298
27 38 31 0.000687063 -0.0768153 9.42552e-05 0.0768185
28 38 31 0.000766433 -0.0720923 0.000303112 0.0720971
29 38 31 0.000858247 -0.067412 0.000497116 0.0674193
30 38 31 0.000956432 -0.0628087 0.000672388 0.0628196
31 38 31 0.00104565 -0.0583232 0.000851297 0.0583388
32 38 31 0.00114794 -0.0537076 0.00100318 0.0537293
33 38 31 0.00137359 -0.0473026 0.00110197 0.0473354
34 38 31 0.00171759 -0.0360727 0.00110204 0.0361304
35 38 31 0.001826 -0.0195968 0.000907593 0.0197026
36 38 31 0.00115532 -0.0064261 0.000522564 0.00655001
37 38 31 0.000214708 0.00238088 0.000147493 0.00239508
38 38 31 0.00197175 -0.00355535 9.855e-05 0.00406669
39 38 31 -0.000618774 0 0 0.000618774
1 38 32 -0.00151075 -0.00586384 -0.000310117 0.00606326
2 38 32 -0.00227118 -0.00547925 -0.000293042 0.00593854
3 38 32 -0.00191017 -0.000152486 -7.49368e-05 0.00191771
4 38 32 -0.00124743 0.00184227 0.000156153 0.00223034
5 38 32 -0.00107434 -0.00700488 0.000179721 0.00708906
6 38 32 -0.000879535 -0.0228764 1.64687e-05 0.0228933
7 38 32 -0.000626817 -0.0397982 -0.000246154 0.0398039
8 38 32 -0.00045576 -0.0554355 -0.000514677 0.0554397
9 38 32 -0.000314577 -0.0694134 -0.000749758 0.0694181
10 38 32 -0.000187023 -0.0815867 -0.000963022 0.0815926
11 38 32 -8.59664e-05 -0.0918583 -0.00114611 0.0918655
12 38 32 -4.96226e-06 -0.100183 -0.00128212 0.100192
13 38 32 6.51554e-05 -0.106581 -0.0013803 0.10659
14 38 32 0.0001283 -0.111121 -0.00144411 0.11113
15 38 32 0.000188846 -0.113932 -0.00146059 0.113942
16 38 32 0.000240337 -0.115178 -0.00144326 0.115188
17 38 32 0.000280538 -0.115034 -0.00139724 0.115043
18 38 32 0.000314315 -0.113704 -0.00131363 0.113712
19 38 32 0.000346511 -0.111385 -0.00120346 0.111392
20 38 32 0.000384955 -0.108272 -0.00106862 0.108278
21 38 32 0.000429655 -0.104545 -0.000907339 0.104549
22 38 32 0.000483623 -0.100338 -0.000735043 0.100341
23 38 32 0.000546631 -0.0957922 -0.000549566 0.0957954
24 38 32 0.000608488 -0.0910061 -0.000346361 0.0910088
25 38 32 0.0006743 -0.0860341 -0.000143429 0.0860369
26 38 32 0.000747988 -0.0809656 6.48489e-05 0.0809691
27 38 32 0.000824276 -0.0758578 0.000276953 0.0758628
28 38 32 0.000908206 -0.0707503 0.00048059 0.0707578
29 38 32 0.00100073 -0.0656956 0.000666257 0.0657066
30 38 32 0.00108733 -0.0607244 0.000845627 0.06074
31 38 32 0.00115965 -0.0558752 0.00102811 0.0558967
32 38 32 0.00124977 -0.0509218 0.0011783 0.0509507
33 38 32 0.00143422 -0.0442733 0.00127834 0.044315
34 38 32 0.00166458 -0.0330297 0.0012596 0.0330956
35 38 32 0.00158669 -0.0170156 0.00100803 0.0171191
36 38 32 0.000768387 -0.00492654 0.000558882 0.00501733
37 38 32 -0.000134975 0.00334604 0.000152812 0.00335225
38 38 32 0.00192415 -0.00343193 7.54165e-05 0.00393525
39 38 32 -0.000778877 0 0 0.000778877
1 38 33 -0.00154725 -0.00496842 -0.000210717 0.00520803
2 38 33 -0.00223329 -0.00369943 -0.000169351 0.00432458
3 38 33 -0.00170546 0.00373815 5.57747e-05 0.0041092
4 38 33 -0.000997019 0.00863826 0.000297485 0.00870069
5 38 33 -0.000978241 0.00213603 0.000367371 0.00237793
6 38 33 -0.000962967 -0.0126223 0.00028201 0.0126621
7 38 33 -0.00079138 -0.0292816 0.000111819 0.0292925
8 38 33 -0.000636592 -0.044986 -7.77818e-05 0.0449906
9 38 33 -0.000501036 -0.0592183 -0.000243266 0.059221
10 38 33 -0.000364637 -0.0718031 -0.000388038 0.071805
11 38 33 -0.000239645 -0.082611 -0.000518692 0.082613
12 38 33 -0.000131989 -0.091561 -0.000616937 0.0915632
13 38 33 -4.01381e-05 -0.0986364 -0.000685791 0.0986388
14 38 33 3.99621e-05 -0.103866 -0.000730336 0.103868
15 38 33 0.000117763 -0.107341 -0.000732789 0.107343
16 38 33 0.000194314 -0.109198 -0.000703772 0.1092
17 38 33 0.000266792 -0.10959 -0.000651299 0.109593
18 38 33 0.000333494 -0.108702 -0.000569943 0.108704
19 38 33 0.000395237 -0.106721 -0.000470606 0.106723
20 38 33 0.000456806 -0.103838 -0.000352208 0.103839
21 38 33 0.00051769 -0.100241 -0.000211522 0.100242
22 38 33 0.000581045 -0.0960778 -6.06083e-05 0.0960796
23 38 33 0.000647975 -0.0915018 0.000103096 0.0915042
24 38 33 0.000712945 -0.0866298 0.000279939 0.0866332
25 38 33 0.000783535 -0.081535 0.000451414 0.08154
26 38 33 0.000865016 -0.0763195 0.000623248 0.076327
27 38 33 0.000949992 -0.0710533 0.000795086 0.0710641
28 38 33 0.00103601 -0.0657789 0.000954176 0.0657939
29 38 33 0.00112064 -0.0605475 0.00110071 0.0605679
30 38 33 0.00119558 -0.0553908 0.0012477 0.0554177
31 38 33 0.00126655 -0.0503482 0.00138441 0.0503831
32 38 33 0.00135702 -0.0452193 0.00148293 0.045264
33 38 33 0.00148868 -0.0385844 0.00153093 0.0386435
34 38 33 0.00157352 -0.0279268 0.00143136 0.0280077
35 38 33 0.00128008 -0.0133877 0.00107886 0.013492
36 38 33 0.00032235 -0.00322738 0.000571857 0.00329346
37 38 33 -0.000518655 0.00409863 0.000155512 0.00413424
38 38 33 0.00179586 -0.00320619 1.23234e-05 0.00367491
39 38 33 -0.000882746 0 0 0.000882746
1 38 34 -0.00149 -0.00418542 7.58435e-05 0.00444338
2 38 34 -0.00213714 -0.00243881 0.000166106 0.00324696
3 38 34 -0.00156221 0.00569181 0.000350902 0.00591273
4 38 34 -0.000841905 0.0119284 0.000542186 0.0119704
5 38 34 -0.000840957 0.00784684 0.000694891 0.0079223
6 38 34 -0.000883295 -0.00406236 0.000805037 0.00423451
7 38 34 -0.000751772 -0.0181618 0.000868375 0.0181981
8 38 34 -0.00060291 -0.031688 0.000892527 0.0317063
9 38 34 -0.000475416 -0.0440803 0.000910915 0.0440922
10 38 34 -0.000351956 -0.0551557 0.000934569 0.0551647
11 38 34 -0.000231403 -0.0647818 0.000951672 0.0647892
12 38 34 -0.000117603 -0.0728685 0.000975203 0.0728751
13 38 34 -1.38094e-05 -0.0793857 0.00100173 0.079392
14 38 34 7.63341e-05 -0.0843377 0.00102266 0.084344
15 38 34 0.000156309 -0.0877802 0.00105726 0.0877867
16 38 34 0.000231795 -0.0898147 0.00110279 0.0898218
17 38 34 0.000305431 -0.0905584 0.00115626 0.0905663
18 38 34 0.000376032 -0.0901553 0.00122156 0.0901644
19 38 34 0.00044303 -0.0887528 0.00128844 0.0887633
20 38 34 0.000508175 -0.0865022 0.00135953 0.0865144
21 38 34 0.000570386 -0.0835604 0.00143801 0.0835747
22 38 34 0.000632962 -0.0800511 0.00151504 0.0800679
23 38 34 0.000698385 -0.0761049 0.00159239 0.0761248
24 38 34 0.000763452 -0.0718315 0.00166905 0.071855
25 38 34 0.000832726 -0.0673027 0.00173208 0.0673301
26 38 34 0.000908238 -0.0626139 0.00179039 0.062646
27 38 34 0.000982586 -0.0578343 0.00184463 0.057872
28 38 34 0.00105389 -0.0530059 0.00188131 0.0530497
29 38 34 0.00112311 -0.0481773 0.00190441 0.048228
30 38 34 0.00118786 -0.0433804 0.00191966 0.0434391
31 38 34 0.00125337 -0.0386508 0.00190815 0.0387182
32 38 34 0.00132033 -0.0338354 0.00186148 0.0339123
33 38 34 0.00136766 -0.0279054 0.00176262 0.0279945
34 38 34 0.00129453 -0.0191748 0.0014991 0.0192768
35 38 34 0.000825366 -0.00815846 0.00102375 0.00826376
36 38 34 -0.000159 -0.00141515 0.000519357 0.00151581
37 38 34 -0.000865314 0.00426585 0.000164541 0.00435584
38 38 34 0.00154356 -0.00279991 -9.65964e-05 0.00319865
39 38 34 -0.000879234 0 0 0.000879234
1 38 35 -0.001301 -0.00359985 0.00060771 0.00387568
2 38 35 -0.00192541 -0.00220381 0.000790869 0.00303141
3 38 35 -0.00147909 0.0039602 0.000887871 0.00431963
4 38 35 -0.000803823 0.00857777 0.000942944 0.0086668
5 38 35 -0.00061205 0.0063461 0.00116754 0.00648157
6 38 35 -0.000528225 -0.00092082 0.00153202 0.00186387
7 38 35 -0.000400887 -0.00973557 0.00191177 0.00992959
8 38 35 -0.000281624 -0.0183073 0.00223713 0.0184456
9 38 35 -0.000177114 -0.0262164 0.00251594 0.0263374
10 38 35 -8.28712e-05 -0.0333222 0.00276475 0.0334368
11 38 35 1.23903e-06 -0.0395313 0.00297618 0.0396432
12 38 35 7.62055e-05 -0.044781 0.00316245 0.0448926
13 38 35 0.000146493 -0.0490559 0.00332167 0.0491684
14 38 35 0.000210953 -0.0523599 0.00344219 0.0524734
15 38 35 0.00026653 -0.0547231 0.00353535 0.0548379
16 38 35 0.000315704 -0.0562045 0.00360107 0.0563206
17 38 35 0.00036209 -0.0568711 0.00364427 0.0569889
18 38 35 0.000406555 -0.0568059 0.00367125 0.0569258
19 38 35 0.000449525 -0.0560884 0.00367553 0.0562105
20 38 35 0.000491314 -0.0547981 0.00366068 0.0549224
21 38 35 0.000530763 -0.0530203 0.00362889 0.053147
22 38 35 0.00057062 -0.0508171 0.00357483 0.0509459
23 38 35 0.000613583 -0.0482627 0.00350116 0.0483934
24 38 35 0.000657318 -0.0454259 0.00340997 0.0455585
25 38 35 0.000703487 -0.042349 0.00329598 0.0424829
26 38 35 0.000754158 -0.0390942 0.003167 0.0392295
27 38 35 0.000806731 -0.0357112 0.00302057 0.0358478
28 38 35 0.000859706 -0.0322317 0.00284369 0.0323683
29 38 35 0.000910015 -0.0286924 0.00264388 0.0288283
30 38 35 0.000953225 -0.0251187 0.00242385 0.0252533
31 38 35 0.000991112 -0.0215387 0.00216962 0.0216704
32 38 35 0.0010168 -0.0178737 0.00188688 0.0180017
33 38 35 0.000998748 -0.0136516 0.00155497 0.0137762
34 38 35 0.000845891 -0.00829826 0.00110401 0.00841401
35 38 35 0.000358963 -0.00257473 0.000605039 0.00266911
36 38 35 -0.000455353 -7.43437e-05 0.000289027 0.000544436
37 38 35 -0.000975728 0.0033764 0.000168918 0.00351862
38 38 35 0.00115597 -0.00220214 -0.000224111 0.00249718
39 38 35 -0.00075327 0 0 0.00075327
1 38 36 -0.000964549 -0.00320506 0.00136079 0.0036131
2 38 36 -0.00154414 -0.00299428 0.00172216 0.00378364
3 38 36 -0.00134131 -0.000731087 0.00188276 0.00242454
4 38 36 -0.000778729 0.000682137 0.00193748 0.00219672
5 38 36 -0.000346857 -0.000406718 0.00219667 0.00226078
6 38 36 -6.897e-05 -0.00320476 0.00262523 0.00414332
7 38 36 7.89378e-05 -0.00656628 0.00308609 0.00725577
8 38 36 0.000147052 -0.00986969 0.0034941 0.010471
9 38 36 0.000203016 -0.0129361 0.00383814 0.0134951
10 38 36 0.00025808 -0.0157006 0.00412937 0.0162366
11 38 36 0.000305577 -0.0181233 0.00436413 0.0186438
12 38 36 0.000339332 -0.0201752 0.00455447 0.0206857
13 38 36 0.000363774 -0.0218553 0.00470624 0.0223592
14 38 36 0.00038303 -0.0231711 0.00481573 0.0236694
15 38 36 0.000395577 -0.0241361 0.00488656 0.024629
16 38 36 0.000402126 -0.0247728 0.00491445 0.0252588
17 38 36 0.000404377 -0.0251017 0.00490527 0.0255797
18 38 36 0.00040419 -0.0251494 0.00486511 0.0256189
19 38 36 0.000404131 -0.0249362 0.00479081 0.0253954
20 38 36 0.000405488 -0.0244794 0.00468561 0.0249271
21 38 36 0.000408068 -0.0238016 0.00455013 0.024236
22 38 36 0.000413402 -0.0229105 0.00438146 0.0233294
23 38 36 0.000422908 -0.021827 0.00418203 0.022228
24 38 36 0.000434366 -0.020576 0.00395507 0.0209572
25 38 36 0.000447841 -0.0191656 0.00369742 0.0195241
26 38 36 0.00046567 -0.0176193 0.00341082 0.0179524
27 38 36 0.000487224 -0.0159601 0.00309235 0.0162643
28 38 36 0.000508042 -0.0142032 0.00273658 0.0144734
29 38 36 0.000521819 -0.0123676 0.00235446 0.0126006
30 38 36 0.000528401 -0.0104694 0.00194689 0.010662
31 38 36 0.000533884 -0.00853031 0.00150468 0.00867844
32 38 36 0.000534429 -0.00653532 0.00103746 0.0066387
33 38 36 0.000509371 -0.00440953 0.000549223 0.0044727
34 38 36 0.000402015 -0.00220979 7.49839e-05 0.00224731
35 38 36 9.74475e-05 -0.000466313 -0.000205688 0.000518895
36 38 36 -0.000384233 -0.000203041 -0.000127788 0.000452979
37 38 36 -0.000709323 0.00143676 0.000145225 0.00160888
38 38 36 0.000687883 -0.00153639 -0.000311123 0.00171186
39 38 36 -0.000542532 0 0 0.000542532
1 38 37 -0.000520405 -0.00265649 0.00218884 0.0034812
2 38 37 -0.000944803 -0.00318149 0.00276495 0.00431967
3 38 37 -0.000923033 -0.00297712 0.00321016 0.00447441
4 38 37 -0.000564062 -0.00269651 0.00347989 0.00443835
5 38 37 -0.000155359 -0.00279584 0.00371543 0.00465245
6 38 37 0.000137326 -0.00325575 0.00392738 0.00510324
7 38 37 0.000276626 -0.00389743 0.00410886 0.00567003
8 38 37 0.000317316 -0.00456955 0.00425067 0.00624898
9 38 37 0.000336853 -0.00521674 0.00434824 0.00679963
10 38 37 0.000354913 -0.0058202 0.00440664 0.00730884
11 38 37 0.000371303 -0.00636912 0.00442236 0.00776279
12 38 37 0.000380192 -0.00684904 0.00440011 0.00814953
13 38 37 0.000380908 -0.00725333 0.0043479 0.00846523
14 38 37 0.000375426 -0.00757698 0.00427338 0.00870708
15 38 37 0.000364391 -0.00781649 0.00418104 0.00887194
16 38 37 0.000349264 -0.00797137 0.00406672 0.00895561
17 38 37 0.000330007 -0.0080387 0.00393416 0.00895585
18 38 37 0.000307212 -0.00802004 0.00378607 0.0088741
19 38 37 0.000283 -0.00791534 0.00362079 0.00870878
20 38 37 0.000258865 -0.00772587 0.00344037 0.00846122
21 38 37 0.000235517 -0.00745819 0.00324444 0.00813674
22 38 37 0.000214191 -0.00711082 0.00303113 0.00773287
23 38 37 0.000196183 -0.00669083 0.00280032 0.00725586
24 38 37 0.000180679 -0.00620984 0.00255291 0.00671655
25 38 37 0.000167608 -0.00566852 0.00228503 0.00611405
26 38 37 0.000158143 -0.00507493 0.0019947 0.00545516
27 38 37 0.000151618 -0.0044395 0.00168271 0.00475012
28 38 37 0.000144675 -0.00376937 0.0013498 0.00400637
29 38 37 0.000134732 -0.0030734 0.00100166 0.00323531
30 38 37 0.000125761 -0.0023603 0.000635253 0.00244753
31 38 37 0.000122063 -0.00164074 0.00024699 0.00166371
32 38 37 0.000120002 -0.000921792 -0.000151015 0.000941757
33 38 37 0.000118343 -0.000257697 -0.000533988 0.000604612
34 38 37 0.000106336 0.000204672 -0.000822344 0.000854077
35 38 37 4.38372e-05 0.000250505 -0.000848569 0.000885857
36 38 37 -8.42739e-05 -0.000180345 -0.000521505 0.000558206
37 38 37 -0.00020139 4.14304e-05 -9.89282e-07 0.000205609
38 38 37 0.000335694 -0.000896715 -0.000331219 0.00101316
39 38 37 -0.000300677 0 0 0.000300677
1 38 38 -0.000136157 -0.00156065 0.00281164 0.00321861
2 38 38 -0.000301629 -0.00198356 0.00343167 0.00397515
3 38 38 -0.000287155 -0.00222665 0.00409669 0.00467154
4 38 38 -0.000143981 -0.0023674 0.00457197 0.00515056
5 38 38 9.01042e-06 -0.00247276 0.0047985 0.00539817
6 38 38 0.000111297 -0.00256693 0.00481511 0.00545772
7 38 38 0.000158454 -0.00265832 0.0047142 0.00541437
8 38 38 0.000172406 -0.00274893 0.00456319 0.00533002
9 38 38 0.000175866 -0.00283462 0.0043777 0.00521826
10 38 38 0.000176074 -0.00291281 0.00416641 0.00508669
11 38 38 0.000176252 -0.0029842 0.00393386 0.00494082
12 38 38 0.000175452 -0.00304634 0.00368385 0.00478348
13 38 38 0.000172051 -0.00309661 0.00342272 0.00461883
14 38 38 0.000165277 -0.0031311 0.00316075 0.00445212
15 38 38 0.000155737 -0.00314701 0.00290483 0.00428555
16 38 38 0.000144904 -0.00314328 0.00265699 0.00411835
17 38 38 0.000132427 -0.00311755 0.00242219 0.00395015
18 38 38 0.000117933 -0.00306933 0.00220217 0.00377945
19 38 38 0.00010181 -0.00299754 0.00199672 0.00360312
20 38 38 8.42985e-05 -0.00290205 0.00180656 0.00341945
21 38 38 6.56464e-05 -0.00278501 0.00163034 0.00322778
22 38 38 4.65652e-05 -0.00264444 0.00146565 0.0030238
23 38 38 2.81258e-05 -0.00248175 0.00130903 0.00280596
24 38 38 1.05525e-05 -0.00230074 0.00115809 0.00257579
25 38 38 -6.01341e-06 -0.00210046 0.00100852 0.00233004
26 38 38 -2.13282e-05 -0.00188198 0.000856318 0.00206774
27 38 38 -3.55212e-05 -0.00164755 0.000701806 0.00179115
28 38 38 -4.8596e-05 -0.00139907 0.000544591 0.00150212
29 38 38 -5.9606e-05 -0.00114005 0.000383468 0.00120429
30 38 38 -6.61186e-05 -0.000874689 0.000215907 0.000903365
31 38 38 -6.84001e-05 -0.000606838 4.37661e-05 0.000612247
32 38 38 -7.06199e-05 -0.000336921 -0.000128308 0.000367377
33 38 38 -7.1504e-05 -7.9814e-05 -0.000300857 0.000319371
34 38 38 -6.29801e-05 0.000118943 -0.000450807 0.000470469
35 38 38 -4.00211e-05 0.000189164 -0.000512878 0.000548114
36 38 38 -1.51853e-06 7.92728e-05 -0.000418593 0.000426036
37 38 38 4.28074e-05 -4.35806e-05 -0.000163181 0.000174241
38 38 38 0.000170111 -0.000298147 -0.000297993 0.000454565
39 38 38 -7.80973e-05 0 0 7.80973e-05
1 38 39 0 0 0.00319454 0.00319454
2 38 39 0 0 0.00346728 0.00346728
3 38 39 0 0 0.00378531 0.00378531
4 38 39 0 0 0.00397701 0.00397701
5 38 39 0 0 0.00401522 0.00401522
6 38 39 0 0 0.00393535 0.00393535
7 38 39 0 0 0.00378589 0.00378589
8 38 39 0 0 0.00359829 0.00359829
9 38 39 0 0 0.00338108 0.00338108
10 38 39 0 0 0.00314105 0.00314105
11 38 39 0 0 0.00288596 0.00288596
12 38 39 0 0 0.00262156 0.00262156
13 38 39 0 0 0.00235273 0.00235273
14 38 39 0 0 0.00208598 0.00208598
15 38 39 0 0 0.00182628 0.00182628
16 38 39 0 0 0.00157822 0.00157822
17 38 39 0 0 0.00134705 0.00134705
18 38 39 0 0 0.00113488 0.00113488
19 38 39 0 0 0.000943579 0.000943579
20 38 39 0 0 0.000774669 0.000774669
21 38 39 0 0 0.000628382 0.000628382
22 38 39 0 0 0.000504636 0.000504636
23 38 39 0 0 0.000401423 0.000401423
24 38 39 0 0 0.0003177 0.0003177
25 38 39 0 0 0.000252185 0.000252185
26 38 39 0 0 0.000202009 0.000202009
27 38 39 0 0 0.000166032 0.000166032
28 38 39 0 0 0.000142142 0.000142142
29 38 39 0 0 0.000127088 0.000127088
30 38 39 0 0 0.000119347 0.000119347
31 38 39 0 0 0.000119761 0.000119761
32 38 39 0 0 0.000127139 0.000127139
33 38 39 0 0 0.00013535 0.00013535
34 38 39 0 0 0.000137459 0.000137459
35 38 39 0 0 0.000121552 0.000121552
36 38 39 0 0 7.69534e-05 7.69534e-05
37 38 39 0 0 1.57839e-05 1.57839e-05
38 38 39 0 0 -0.000136115 0.000136115
39 38 39 0 0 0 0
