1 19 1 0.000314776 -2.67345e-05 -1.89523e-05 0.000316477
2 19 1 0.00168607 -0.000257536 0.00123589 0.00210631
3 19 1 0.00132583 -0.00051234 0.00233075 0.00272997
4 19 1 0.00104334 -0.000707691 0.00336635 0.00359467
5 19 1 0.00122351 -0.000815791 0.00470661 0.00493099
6 19 1 0.00137244 -0.000856522 0.00622478 0.00643157
7 19 1 0.00129966 -0.000868714 0.00768169 0.00783914
8 19 1 0.00115606 -0.000865936 0.00900782 0.00912289
9 19 1 0.00101112 -0.000846398 0.0101981 0.010283
10 19 1 0.000858234 -0.000824701 0.011255 0.0113177
11 19 1 0.000695894 -0.000796747 0.0121691 0.012215
12 19 1 0.000540549 -0.000768499 0.0129375 0.0129716
13 19 1 0.000387589 -0.000739956 0.0135594 0.0135851
14 19 1 0.000238364 -0.000703295 0.0140327 0.0140524
15 19 1 9.68465e-05 -0.000666641 0.0143527 0.0143685
16 19 1 -3.80584e-05 -0.000627277 0.0145204 0.014534
17 19 1 -0.000164019 -0.000586133 0.0145371 0.0145498
18 19 1 -0.000280889 -0.000551539 0.0144017 0.014415
19 19 1 -0.00039676 -0.000510928 0.014115 0.0141298
20 19 1 -0.00051362 -0.000468702 0.0136768 0.0136945
21 19 1 -0.000618299 -0.000433105 0.013094 0.0131157
22 19 1 -0.000714593 -0.000403753 0.0123656 0.0123928
23 19 1 -0.000809302 -0.00037987 0.0114883 0.0115231
24 19 1 -0.000899828 -0.00036003 0.0104644 0.0105092
25 19 1 -0.000984382 -0.00034626 0.00929178 0.00935019
26 19 1 -0.00105679 -0.00034016 0.00797402 0.00805093
27 19 1 -0.00111515 -0.00034337 0.00651316 0.00661685
28 19 1 -0.00115637 -0.000352626 0.00491868 0.00506507
29 19 1 -0.00117655 -0.000369243 0.00320484 0.00343389
30 19 1 -0.0011771 -0.000394494 0.00138529 0.00186017
31 19 1 -0.00115951 -0.000427713 -0.000512719 0.00133802
32 19 1 -0.00107649 -0.000478998 -0.00243204 0.00270242
33 19 1 -0.000688689 -0.000537719 -0.00416115 0.0042519
34 19 1 0.00035329 -0.000582758 -0.00521326 0.00525761
35 19 1 0.00242304 -0.000597313 -0.00483462 0.00544072
36 19 1 0.00496918 -0.000605038 -0.00310275 0.00588947
37 19 1 0.00583458 -0.000613496 -0.0025766 0.00640762
38 19 1 0.0109031 -0.000486835 -0.000180711 0.0109154
39 19 1 0.0122493 0 0 0.0122493
1 19 2 -0.0007863 4.3606e-05 -0.0012051 0.0014396
2 19 2 0.00384462 1.61014e-05 0.000917889 0.00395271
3 19 2 0.00511739 -6.55615e-05 0.00454832 0.00684683
4 19 2 0.00588348 -0.000311232 0.0090628 0.0108096
5 19 2 0.000482958 -0.000606118 0.00787233 0.00791038
6 19 2 -0.00450426 -0.000797306 0.00153353 0.0048245
7 19 2 -0.00610232 -0.00088885 -0.00625815 0.00878594
8 19 2 -0.00601668 -0.000914304 -0.0137574 0.0150433
9 19 2 -0.00562255 -0.000883709 -0.0206563 0.021426
10 19 2 -0.00515231 -0.000831261 -0.0268601 0.0273624
11 19 2 -0.00461629 -0.000738076 -0.0323141 0.0326505
12 19 2 -0.0040095 -0.00062102 -0.0369591 0.0371811
13 19 2 -0.00337613 -0.000474691 -0.0407676 0.0409099
14 19 2 -0.00272713 -0.000287719 -0.0437341 0.0438199
15 19 2 -0.00207192 -9.31828e-05 -0.0458766 0.0459235
16 19 2 -0.00144149 0.000117122 -0.0472198 0.047242
17 19 2 -0.000845969 0.000337128 -0.0478084 0.0478171
18 19 2 -0.000295441 0.000542323 -0.0477075 0.0477115
19 19 2 0.000181919 0.000757926 -0.0469814 0.0469879
20 19 2 0.00058091 0.000962304 -0.0457108 0.0457246
21 19 2 0.000925812 0.00113278 -0.0439608 0.0439852
22 19 2 0.00120541 0.001265 -0.0418113 0.0418478
23 19 2 0.00140633 0.00135955 -0.0393467 0.0393953
24 19 2 0.00153498 0.00142538 -0.0366348 0.0366947
25 19 2 0.00159654 0.00146174 -0.0337512 0.0338206
26 19 2 0.00160426 0.00146983 -0.0307557 0.0308326
27 19 2 0.00156615 0.00144413 -0.0277168 0.0277985
28 19 2 0.00148714 0.00139805 -0.0246975 0.0247817
29 19 2 0.00137359 0.00133581 -0.0217535 0.0218377
30 19 2 0.00122981 0.00125559 -0.018959 0.0190403
31 19 2 0.00104523 0.00116613 -0.016381 0.0164557
32 19 2 0.00104379 0.001031 -0.013891 0.0139683
33 19 2 0.00258837 0.000830513 -0.0102489 0.0106032
34 19 2 0.00734186 0.000569265 -0.00290879 0.00791758
35 19 2 0.0131045 0.000355746 0.0081382 0.01543
36 19 2 0.0072211 -0.000573761 0.0107243 0.0129416
37 19 2 -0.00861674 -0.000595099 -0.00368043 0.00938871
38 19 2 0.0154159 -0.000479501 0.000736451 0.015441
39 19 2 0.0129142 0 0 0.0129142
1 19 3 -0.0029815 7.27937e-05 -0.00198763 0.00358403
2 19 3 0.00340253 0.000260296 -0.00217779 0.00404818
3 19 3 -0.00759438 0.000626868 -0.0145361 0.0164124
4 19 3 -0.00405005 0.00127879 -0.0238843 0.024259
5 19 3 0.0122556 0.00257385 -0.0112655 0.0168444
6 19 3 0.0151425 0.00353298 0.00938576 0.0181623
7 19 3 0.0133675 0.00409994 0.0299414 0.0330452
8 19 3 0.0128376 0.00456346 0.0498856 0.0517127
9 19 3 0.0125811 0.00495605 0.0691815 0.0704906
10 19 3 0.0120355 0.00520876 0.0874516 0.0884294
11 19 3 0.0112053 0.00534322 0.104315 0.105051
12 19 3 0.0101106 0.00530197 0.119455 0.12
13 19 3 0.00872577 0.00508209 0.132547 0.132931
14 19 3 0.0071132 0.0046817 0.143338 0.143591
15 19 3 0.0053291 0.00403842 0.151639 0.151786
16 19 3 0.00340176 0.00320097 0.157355 0.157424
17 19 3 0.00143225 0.00218702 0.160481 0.160503
18 19 3 -0.000471592 0.000986437 0.161108 0.161112
19 19 3 -0.00224205 -0.000306467 0.159464 0.15948
20 19 3 -0.00377247 -0.00167156 0.155857 0.155912
21 19 3 -0.00492765 -0.00307451 0.150721 0.150833
22 19 3 -0.00565449 -0.00445296 0.144548 0.144727
23 19 3 -0.00592825 -0.00573947 0.137863 0.138109
24 19 3 -0.00572334 -0.00685455 0.131231 0.131535
25 19 3 -0.00504914 -0.00774339 0.125183 0.125524
26 19 3 -0.00393442 -0.00836094 0.12023 0.120585
27 19 3 -0.00242492 -0.00871537 0.116814 0.117164
28 19 3 -0.000583685 -0.00879174 0.115303 0.115639
29 19 3 0.00151809 -0.00859565 0.116015 0.116343
30 19 3 0.00383639 -0.00815299 0.11919 0.11953
31 19 3 0.00632098 -0.00743473 0.125011 0.125391
32 19 3 0.00817502 -0.00638896 0.132669 0.133074
33 19 3 0.00463737 -0.00424966 0.135247 0.135393
34 19 3 -0.0109955 7.7458e-05 0.117399 0.117912
35 19 3 -0.00908093 0.00625928 0.095673 0.0963066
36 19 3 -0.0439054 -0.00208053 0.045107 0.0629814
37 19 3 -0.0633228 -0.000740802 -0.00951365 0.0640377
38 19 3 0.0252598 -0.000466037 0.00110358 0.0252881
39 19 3 0.012855 0 0 0.012855
1 19 4 -0.00465419 5.16615e-05 -0.00138806 0.00485705
2 19 4 0.00538736 0.00029281 0.000918998 0.00547302
3 19 4 -0.0169812 0.000319936 -0.00838992 0.0189434
4 19 4 -0.0559063 -0.00244398 -0.0604365 0.0823654
5 19 4 -0.0453259 -0.00476558 -0.118223 0.126704
6 19 4 -0.0179458 -0.00566637 -0.151667 0.15283
7 19 4 -0.00410693 -0.00590592 -0.169688 0.16984
8 19 4 -0.00210763 -0.00604677 -0.185405 0.185515
9 19 4 -0.00233542 -0.0061769 -0.20123 0.201339
10 19 4 -0.00244242 -0.00629677 -0.216727 0.216833
11 19 4 -0.00232823 -0.00629116 -0.231368 0.231465
12 19 4 -0.00188692 -0.00615646 -0.2445 0.244584
13 19 4 -0.0010694 -0.005774 -0.25548 0.255547
14 19 4 0.000247189 -0.00504091 -0.263553 0.263601
15 19 4 0.00209643 -0.00392685 -0.268002 0.268039
16 19 4 0.00442654 -0.00223585 -0.26817 0.268216
17 19 4 0.00724103 0.00011361 -0.263518 0.263618
18 19 4 0.010458 0.00312892 -0.253726 0.253961
19 19 4 0.0138617 0.00694014 -0.238689 0.239191
20 19 4 0.0172613 0.0115 -0.218662 0.219644
21 19 4 0.020465 0.0167181 -0.194224 0.196014
22 19 4 0.0231463 0.0224684 -0.166322 0.169421
23 19 4 0.0249698 0.0285656 -0.136273 0.141456
24 19 4 0.0256761 0.0347875 -0.105646 0.114151
25 19 4 0.0250628 0.0408582 -0.0762453 0.0900604
26 19 4 0.023009 0.0465229 -0.0499461 0.0720306
27 19 4 0.0195021 0.0514518 -0.0285913 0.0620087
28 19 4 0.0146226 0.055407 -0.0139124 0.0589687
29 19 4 0.00847961 0.0581986 -0.00741585 0.0592788
30 19 4 0.00125016 0.0596262 -0.010366 0.0605335
31 19 4 -0.00685853 0.0596238 -0.0238006 0.064564
32 19 4 -0.0188452 0.0572949 -0.0509487 0.0789533
33 19 4 -0.0513756 0.0466083 -0.106883 0.12742
34 19 4 -0.0701774 0.0237387 -0.165776 0.181577
35 19 4 0.223749 0.0401896 0.0674375 0.237122
36 19 4 -0.0840082 -0.00559741 0.0282681 0.0888133
37 19 4 -0.104457 -0.000685596 -0.0132437 0.105296
38 19 4 0.0370923 -0.000416182 -6.47739e-05 0.0370946
39 19 4 0.0138975 0 0 0.0138975
1 19 5 -0.00534475 3.41019e-05 -0.000536076 0.00537168
2 19 5 0.00617598 0.000327645 0.000577325 0.00621155
3 19 5 -0.0126475 0.000720444 0.00496058 0.0136046
4 19 5 -0.0723387 -0.00362369 -0.0114384 0.073327
5 19 5 -0.0764535 -0.00860512 -0.0420124 0.0876597
6 19 5 -0.0392282 -0.0108974 -0.0628573 0.0748909
7 19 5 -0.0175496 -0.0119242 -0.0758444 0.0787563
8 19 5 -0.0150998 -0.0128129 -0.0882418 0.0904367
9 19 5 -0.0166781 -0.0138166 -0.101768 0.104047
10 19 5 -0.0182667 -0.0150173 -0.116631 0.119004
11 19 5 -0.0197997 -0.0163627 -0.133036 0.135493
12 19 5 -0.0212179 -0.0179343 -0.151215 0.153746
13 19 5 -0.0225345 -0.0196675 -0.17154 0.174128
14 19 5 -0.0237134 -0.0215763 -0.19434 0.196967
15 19 5 -0.0248215 -0.0237614 -0.220097 0.222763
16 19 5 -0.02597 -0.0261396 -0.249339 0.252047
17 19 5 -0.0271601 -0.0288259 -0.282577 0.285339
18 19 5 -0.0284582 -0.0319814 -0.320346 0.323194
19 19 5 -0.0299841 -0.035567 -0.363009 0.365977
20 19 5 -0.0316747 -0.0397558 -0.410763 0.413896
21 19 5 -0.0333705 -0.0447029 -0.463454 0.466799
22 19 5 -0.0349934 -0.0504789 -0.520496 0.524107
23 19 5 -0.0363979 -0.0570678 -0.580839 0.58477
24 19 5 -0.0373117 -0.0643625 -0.642834 0.647125
25 19 5 -0.0374266 -0.0721882 -0.704352 0.70903
26 19 5 -0.0364864 -0.0801598 -0.762899 0.767966
27 19 5 -0.0343361 -0.0879353 -0.815785 0.821229
28 19 5 -0.030943 -0.0950635 -0.86043 0.866219
29 19 5 -0.0265005 -0.101076 -0.894585 0.900667
30 19 5 -0.0213152 -0.105735 -0.916441 0.922767
31 19 5 -0.0156636 -0.108848 -0.924687 0.931203
32 19 5 -0.012278 -0.111306 -0.917766 0.924572
33 19 5 0.00436089 -0.111478 -0.8618 0.868991
34 19 5 0.194776 -0.0761625 -0.596609 0.632203
35 19 5 0.950219 0.0688983 0.130106 0.961556
36 19 5 -0.221368 -0.0107311 -0.00572471 0.221702
37 19 5 -0.101688 -0.000801018 -0.00374636 0.10176
38 19 5 0.0371653 -0.000354022 -0.00204436 0.0372232
39 19 5 0.016897 0 0 0.016897
1 19 6 -0.00528365 2.83066e-05 7.21767e-05 0.00528422
2 19 6 0.00505286 0.000346004 -0.000759716 0.00512136
3 19 6 -0.00855011 0.00102889 0.00341198 0.00926308
4 19 6 -0.0747441 -0.00375638 0.00105654 0.0748459
5 19 6 -0.0880083 -0.0101564 -0.0100988 0.0891661
6 19 6 -0.0483322 -0.0131632 -0.0192746 0.0536729
7 19 6 -0.0214318 -0.014468 -0.0231673 0.0347184
8 19 6 -0.0197119 -0.0155771 -0.0276806 0.037382
9 19 6 -0.0222081 -0.0168767 -0.0330722 0.0432642
10 19 6 -0.0245384 -0.018493 -0.0392697 0.0498621
11 19 6 -0.0267785 -0.0203972 -0.0462179 0.0571772
12 19 6 -0.028997 -0.0227115 -0.0539917 0.0653586
13 19 6 -0.031307 -0.0254126 -0.0628117 0.0746407
14 19 6 -0.0337526 -0.0285963 -0.0728309 0.0852134
15 19 6 -0.0364212 -0.032411 -0.0843602 0.0974352
16 19 6 -0.0394006 -0.0368292 -0.0976735 0.111575
17 19 6 -0.0426804 -0.0420629 -0.112992 0.127899
18 19 6 -0.0463145 -0.0482984 -0.130611 0.146755
19 19 6 -0.0503607 -0.0555027 -0.150693 0.168301
20 19 6 -0.0546498 -0.0639314 -0.173377 0.1927
21 19 6 -0.0589457 -0.0738256 -0.198694 0.22001
22 19 6 -0.0631 -0.0852864 -0.22657 0.250179
23 19 6 -0.0668652 -0.0982737 -0.256903 0.283068
24 19 6 -0.0698394 -0.112643 -0.28938 0.318287
25 19 6 -0.0715158 -0.128197 -0.32348 0.35523
26 19 6 -0.0713414 -0.144379 -0.358425 0.392942
27 19 6 -0.0687783 -0.160572 -0.392965 0.430042
28 19 6 -0.0632485 -0.175929 -0.42531 0.464586
29 19 6 -0.0543033 -0.189326 -0.453095 0.494053
30 19 6 -0.0418132 -0.199759 -0.47351 0.51562
31 19 6 -0.026303 -0.206224 -0.483988 0.52675
32 19 6 -0.0131913 -0.209022 -0.484759 0.528067
33 19 6 0.032764 -0.201853 -0.456361 0.500084
34 19 6 0.36489 -0.122432 -0.286312 0.479697
35 19 6 1.38052 0.0836258 0.143878 1.39051
36 19 6 -0.39805 -0.0115482 -0.0310435 0.399425
37 19 6 -0.0640777 -0.00122433 0.00561055 0.0643345
38 19 6 0.0264922 -0.000283551 -0.0033765 0.026708
39 19 6 0.0211931 0 0 0.0211931
1 19 7 -0.00491128 2.22738e-05 0.000296901 0.00492029
2 19 7 0.00327531 0.000351281 -0.00122064 0.00351298
3 19 7 -0.00605042 0.0011846 0.00140457 0.00632326
4 19 7 -0.0745767 -0.00370991 0.00162079 0.0746865
5 19 7 -0.0925799 -0.0108363 -0.0026424 0.0932494
6 19 7 -0.0542743 -0.0141049 -0.00860283 0.0567332
7 19 7 -0.0176168 -0.015498 -0.00497228 0.0239846
8 19 7 -0.0235386 -0.0166998 -0.00899433 0.0302299
9 19 7 -0.0249045 -0.0181256 -0.0120106 0.033061
10 19 7 -0.0268512 -0.0198944 -0.0147604 0.0365328
11 19 7 -0.0290984 -0.0220021 -0.0175444 0.0404798
12 19 7 -0.0315539 -0.0246039 -0.0205678 0.0449892
13 19 7 -0.0342731 -0.0277097 -0.0239954 0.0501822
14 19 7 -0.0372783 -0.0314419 -0.0278713 0.05617
15 19 7 -0.0405998 -0.0359267 -0.0323693 0.0631414
16 19 7 -0.0442965 -0.0411857 -0.0375734 0.0712054
17 19 7 -0.0483963 -0.047476 -0.0435431 0.080574
18 19 7 -0.0529391 -0.0549616 -0.0504355 0.0914717
19 19 7 -0.05792 -0.0636053 -0.0582671 0.103901
20 19 7 -0.0631377 -0.0736862 -0.0670715 0.11796
21 19 7 -0.0683829 -0.0855002 -0.0768579 0.133767
22 19 7 -0.0734799 -0.0991397 -0.0875478 0.151303
23 19 7 -0.078115 -0.114558 -0.0991276 0.170446
24 19 7 -0.0818389 -0.131596 -0.111487 0.190904
25 19 7 -0.0840831 -0.150111 -0.124413 0.212325
26 19 7 -0.0841468 -0.169501 -0.137652 0.234007
27 19 7 -0.0813931 -0.189009 -0.150786 0.255119
28 19 7 -0.0752147 -0.207645 -0.163294 0.274661
29 19 7 -0.0651994 -0.224019 -0.174715 0.29148
30 19 7 -0.0514795 -0.236752 -0.184863 0.304756
31 19 7 -0.0351064 -0.244481 -0.194015 0.314079
32 19 7 -0.0149291 -0.247317 -0.195945 0.315884
33 19 7 0.0497565 -0.237179 -0.178786 0.301154
34 19 7 0.44536 -0.131838 -0.0982565 0.474743
35 19 7 1.58234 0.0835717 0.103292 1.58791
36 19 7 -0.541232 -0.00977295 -0.0380892 0.542658
37 19 7 -0.0160635 -0.00179329 0.00897292 0.0184869
38 19 7 0.0121297 -0.000206334 -0.00374367 0.012696
39 19 7 0.0258314 0 0 0.0258314
1 19 8 -0.0044892 1.28381e-05 0.000319352 0.00450057
2 19 8 0.00154871 0.000350079 -0.00114278 0.00195627
3 19 8 -0.00396629 0.00129445 0.00112056 0.00432003
4 19 8 -0.0741978 -0.00367469 0.00151658 0.0743042
5 19 8 -0.0963233 -0.0113836 -0.0019509 0.0970133
6 19 8 -0.0589011 -0.0148708 -0.00652182 0.0610984
7 19 8 -0.0173757 -0.016353 -0.00613199 0.024636
8 19 8 -0.0251094 -0.0176287 -0.0076944 0.03163
9 19 8 -0.0267427 -0.0191214 -0.00960233 0.0342491
10 19 8 -0.0288119 -0.0209835 -0.0115934 0.0374812
11 19 8 -0.0312687 -0.0232635 -0.013704 0.0413125
12 19 8 -0.03403 -0.026123 -0.0160545 0.0458061
13 19 8 -0.0371282 -0.0295784 -0.0187156 0.0510261
14 19 8 -0.0405476 -0.0337391 -0.0216935 0.0570355
15 19 8 -0.0442646 -0.0386932 -0.0251049 0.0639278
16 19 8 -0.0483676 -0.0445567 -0.0289712 0.0718614
17 19 8 -0.0530225 -0.0516145 -0.0333888 0.0811804
18 19 8 -0.0582266 -0.0600455 -0.0385059 0.0920788
19 19 8 -0.0638786 -0.0698041 -0.0443006 0.104478
20 19 8 -0.0697742 -0.0810843 -0.0507971 0.118421
21 19 8 -0.0757784 -0.0943583 -0.0580791 0.134235
22 19 8 -0.0816222 -0.109634 -0.0660584 0.151808
23 19 8 -0.0869295 -0.126877 -0.0746996 0.170981
24 19 8 -0.0912515 -0.145929 -0.0839255 0.191483
25 19 8 -0.0940244 -0.166692 -0.093604 0.213046
26 19 8 -0.0943426 -0.1886 -0.103527 0.234922
27 19 8 -0.0914067 -0.210721 -0.113342 0.256135
28 19 8 -0.0845679 -0.231906 -0.122593 0.275611
29 19 8 -0.0734033 -0.250549 -0.130779 0.292004
30 19 8 -0.0580236 -0.264966 -0.137403 0.304061
31 19 8 -0.0393802 -0.273529 -0.141803 0.310608
32 19 8 -0.0167352 -0.276212 -0.143659 0.311787
33 19 8 0.0603537 -0.26316 -0.132978 0.300964
34 19 8 0.509864 -0.136828 -0.0683489 0.532311
35 19 8 1.74621 0.0823679 0.0951379 1.75073
36 19 8 -0.676266 -0.0078119 -0.0380958 0.677383
37 19 8 0.0319297 -0.00237261 0.00899371 0.0332569
38 19 8 -0.00211549 -0.000130972 -0.00364292 0.00421465
39 19 8 0.0303359 0 0 0.0303359
1 19 9 -0.00406721 1.05696e-05 0.000311658 0.00407915
2 19 9 4.63248e-06 0.000343926 -0.000973246 0.00103224
3 19 9 -0.00203652 0.00136914 0.00113557 0.00270398
4 19 9 -0.0738307 -0.00367524 0.00145039 0.0739363
5 19 9 -0.100159 -0.0119209 -0.00212936 0.100888
6 19 9 -0.0627312 -0.0156405 -0.00589748 0.06492
7 19 9 -0.0181346 -0.0171972 -0.00664589 0.0258607
8 19 9 -0.0263326 -0.018513 -0.00798673 0.0331651
9 19 9 -0.0283177 -0.0200625 -0.00961555 0.0360119
10 19 9 -0.0306826 -0.0220438 -0.0114325 0.0394722
11 19 9 -0.0334392 -0.0245303 -0.0134941 0.043612
12 19 9 -0.0365294 -0.0276587 -0.0158581 0.0484859
13 19 9 -0.0399781 -0.0314568 -0.0185187 0.0541361
14 19 9 -0.0437278 -0.0360159 -0.0214724 0.0605832
15 19 9 -0.0477051 -0.0413618 -0.0247552 0.0678188
16 19 9 -0.0520077 -0.0477863 -0.0283084 0.0760901
17 19 9 -0.057169 -0.0555596 -0.0324267 0.0860619
18 19 9 -0.0630675 -0.064952 -0.0372601 0.0979009
19 19 9 -0.0693539 -0.0758666 -0.0427218 0.111314
20 19 9 -0.0758705 -0.0880101 -0.0487742 0.12602
21 19 9 -0.0827598 -0.102769 -0.0557237 0.143234
22 19 9 -0.0893636 -0.11967 -0.0634202 0.162262
23 19 9 -0.0952459 -0.138714 -0.0717161 0.182911
24 19 9 -0.100102 -0.159733 -0.0805029 0.204978
25 19 9 -0.103506 -0.182621 -0.0898394 0.228331
26 19 9 -0.104176 -0.20696 -0.0994746 0.252151
27 19 9 -0.10114 -0.231641 -0.109001 0.27526
28 19 9 -0.0936788 -0.255305 -0.117954 0.296428
29 19 9 -0.0813459 -0.276143 -0.125769 0.31415
30 19 9 -0.0642349 -0.292165 -0.131909 0.326935
31 19 9 -0.0433458 -0.301478 -0.135897 0.333521
32 19 9 -0.0186841 -0.303966 -0.137944 0.334325
33 19 9 0.0691139 -0.288128 -0.129219 0.323252
34 19 9 0.572321 -0.143375 -0.0666373 0.593758
35 19 9 1.9079 0.0826232 0.0946097 1.91203
36 19 9 -0.809709 -0.00604752 -0.0370831 0.81058
37 19 9 0.0783607 -0.00293056 0.00845191 0.0788696
38 19 9 -0.0155745 -6.60098e-05 -0.00345675 0.0159537
39 19 9 0.0346011 0 0 0.0346011
1 19 10 -0.00367118 1.21549e-05 0.000288281 0.0036825
2 19 10 -0.00135562 0.000324344 -0.000822773 0.0016186
3 19 10 -0.00029292 0.00143398 0.00110675 0.00183494
4 19 10 -0.0735276 -0.00364538 0.00135625 0.0736304
5 19 10 -0.104104 -0.0123755 -0.00227125 0.104861
6 19 10 -0.0660272 -0.0163217 -0.005441 0.0682319
7 19 10 -0.0193763 -0.0179368 -0.00667944 0.0272357
8 19 10 -0.0276251 -0.0192967 -0.00797207 0.0346275
9 19 10 -0.0299221 -0.0209337 -0.00943295 0.0377165
10 19 10 -0.0325989 -0.0230507 -0.0111652 0.041457
11 19 10 -0.0356538 -0.0257288 -0.013217 0.0459114
12 19 10 -0.0390677 -0.0291046 -0.0155869 0.0511499
13 19 10 -0.042869 -0.0332595 -0.0182589 0.057248
14 19 10 -0.0469473 -0.0382592 -0.021239 0.0641788
15 19 10 -0.0511212 -0.0438407 -0.0244046 0.0716308
16 19 10 -0.0550411 -0.0507794 -0.0273421 0.0797224
17 19 10 -0.0606085 -0.0592824 -0.0310704 0.0902949
18 19 10 -0.0675571 -0.0695102 -0.0356976 0.103295
19 19 10 -0.0743029 -0.0821255 -0.0408582 0.118046
20 19 10 -0.0809851 -0.0940713 -0.0460918 0.13241
21 19 10 -0.0892615 -0.110902 -0.05271 0.151806
22 19 10 -0.0967343 -0.129182 -0.0602046 0.17225
23 19 10 -0.1028 -0.150033 -0.0680635 0.194192
24 19 10 -0.108056 -0.172853 -0.0759666 0.217543
25 19 10 -0.112468 -0.197583 -0.0847392 0.242629
26 19 10 -0.113496 -0.224208 -0.0938909 0.268265
27 19 10 -0.110323 -0.251271 -0.102894 0.293079
28 19 10 -0.102243 -0.277199 -0.111313 0.315727
29 19 10 -0.0887981 -0.300036 -0.118628 0.334633
30 19 10 -0.0700715 -0.317549 -0.124322 0.348143
31 19 10 -0.0471538 -0.327596 -0.128001 0.354862
32 19 10 -0.0206474 -0.329967 -0.129948 0.355233
33 19 10 0.0756509 -0.311786 -0.123466 0.343769
34 19 10 0.631194 -0.151541 -0.0644556 0.652323
35 19 10 2.06619 0.0842979 0.0934012 2.07002
36 19 10 -0.940558 -0.00452442 -0.0357151 0.941246
37 19 10 0.1228 -0.00345641 0.00784068 0.123098
38 19 10 -0.0280988 -7.20765e-06 -0.00322828 0.0282836
39 19 10 0.0385739 0 0 0.0385739
1 19 11 -0.00328814 -3.26696e-06 0.000248802 0.00329754
2 19 11 -0.00248485 0.000275645 -0.00068337 0.0025918
3 19 11 0.00129559 0.00149052 0.00107273 0.00224743
4 19 11 -0.0732634 -0.00360167 0.00127168 0.0733629
5 19 11 -0.108005 -0.0127895 -0.0023227 0.108785
6 19 11 -0.0688593 -0.0169453 -0.0050924 0.0710963
7 19 11 -0.0206608 -0.0186094 -0.00649324 0.0285541
8 19 11 -0.0288369 -0.0200307 -0.00773124 0.0359523
9 19 11 -0.0314003 -0.0217614 -0.009122 0.0392778
10 19 11 -0.034373 -0.0239825 -0.0108483 0.0432937
11 19 11 -0.0377326 -0.0268022 -0.0128833 0.0480426
12 19 11 -0.0415034 -0.0304016 -0.0152283 0.0536535
13 19 11 -0.0457671 -0.0350045 -0.0179818 0.0603597
14 19 11 -0.0503466 -0.0408276 -0.0211978 0.0681984
15 19 11 -0.0551402 -0.0459913 -0.0246109 0.0759035
16 19 11 -0.0615037 -0.0516335 -0.0258996 0.0843772
17 19 11 -0.0686263 -0.0607193 -0.0290646 0.0961309
18 19 11 -0.0768799 -0.0728912 -0.0340438 0.111277
19 19 11 -0.0852051 -0.0856243 -0.0393555 0.127044
20 19 11 -0.0928033 -0.101784 -0.0421407 0.144043
21 19 11 -0.100774 -0.119417 -0.0487779 0.163692
22 19 11 -0.107665 -0.13934 -0.0567053 0.184994
23 19 11 -0.11314 -0.161261 -0.0642166 0.207195
24 19 11 -0.117688 -0.185112 -0.0700435 0.230268
25 19 11 -0.121193 -0.210922 -0.0783344 0.255562
26 19 11 -0.122308 -0.23998 -0.0870223 0.283059
27 19 11 -0.118776 -0.269282 -0.0953826 0.309384
28 19 11 -0.109984 -0.297206 -0.103066 0.333242
29 19 11 -0.0955026 -0.321755 -0.109735 0.353113
30 19 11 -0.0753401 -0.340565 -0.114981 0.367261
31 19 11 -0.050673 -0.351321 -0.118425 0.37419
32 19 11 -0.0225745 -0.353723 -0.120328 0.374311
33 19 11 0.0805862 -0.333786 -0.115524 0.362289
34 19 11 0.684821 -0.161054 -0.0618512 0.706218
35 19 11 2.21965 0.0873245 0.0911675 2.22324
36 19 11 -1.06741 -0.00327067 -0.0339668 1.06796
37 19 11 0.164756 -0.0039411 0.00715552 0.164958
38 19 11 -0.0395378 5.85285e-05 -0.00295512 0.0396482
39 19 11 0.0422233 0 0 0.0422233
1 19 12 -0.00295798 -9.49493e-06 0.000197104 0.00296455
2 19 12 -0.00345292 0.000254811 -0.000539761 0.00350413
3 19 12 0.00264153 0.00158658 0.00104714 0.00325445
4 19 12 -0.0731298 -0.00353062 0.00118566 0.0732246
5 19 12 -0.111837 -0.0131533 -0.00230888 0.112632
6 19 12 -0.0714153 -0.01749 -0.00480222 0.0736824
7 19 12 -0.0219697 -0.0192127 -0.00620641 0.0298381
8 19 12 -0.0300931 -0.0207214 -0.00737056 0.0372733
9 19 12 -0.0329196 -0.022538 -0.00873067 0.0408398
10 19 12 -0.0361708 -0.024821 -0.0104397 0.0450932
11 19 12 -0.0397967 -0.0277082 -0.0123775 0.0500472
12 19 12 -0.0438537 -0.0314126 -0.0145856 0.0558805
13 19 12 -0.0487602 -0.0365055 -0.0175543 0.0633906
14 19 12 -0.0538948 -0.0399897 -0.0214484 0.0704546
15 19 12 -0.0617864 -0.044436 -0.0225222 0.0793686
16 19 12 -0.069986 -0.0511968 -0.0238442 0.0899316
17 19 12 -0.0770466 -0.0632747 -0.0258587 0.102998
18 19 12 -0.0844784 -0.0758795 -0.0303301 0.117534
19 19 12 -0.0921843 -0.0901011 -0.0362659 0.133908
20 19 12 -0.100774 -0.107042 -0.0391959 0.152151
21 19 12 -0.107499 -0.126444 -0.0463053 0.172302
22 19 12 -0.11562 -0.147234 -0.0534975 0.194699
23 19 12 -0.122972 -0.171802 -0.0592146 0.219418
24 19 12 -0.129161 -0.198387 -0.0645905 0.245381
25 19 12 -0.131862 -0.225902 -0.0706412 0.270941
26 19 12 -0.130798 -0.254078 -0.0793029 0.296568
27 19 12 -0.126542 -0.28551 -0.0870637 0.324205
28 19 12 -0.116806 -0.315089 -0.0938006 0.348889
29 19 12 -0.101471 -0.341052 -0.0996677 0.369522
30 19 12 -0.0801256 -0.360947 -0.104392 0.384188
31 19 12 -0.054017 -0.372369 -0.10761 0.391352
32 19 12 -0.0245876 -0.374981 -0.109488 0.391411
33 19 12 0.0843083 -0.353907 -0.105855 0.378897
34 19 12 0.731985 -0.171483 -0.0587011 0.754092
35 19 12 2.36645 0.0915401 0.0876406 2.36984
36 19 12 -1.18855 -0.00230705 -0.0317988 1.18898
37 19 12 0.203649 -0.00441132 0.00637792 0.203797
38 19 12 -0.049797 0.000115005 -0.00265017 0.0498676
39 19 12 0.0454969 0 0 0.0454969
1 19 13 -0.00270093 -5.36373e-06 0.00015632 0.00270546
2 19 13 -0.00422463 0.000234145 -0.000393912 0.00424941
3 19 13 0.00387458 0.00165624 0.00100616 0.00433219
4 19 13 -0.0729718 -0.00349827 0.0010719 0.0730634
5 19 13 -0.115362 -0.0135045 -0.00225348 0.116171
6 19 13 -0.0736347 -0.0179861 -0.00451289 0.0759337
7 19 13 -0.0231744 -0.0197879 -0.0058337 0.0310266
8 19 13 -0.0313091 -0.0213996 -0.00691343 0.0385486
9 19 13 -0.0343957 -0.0232901 -0.00824391 0.0423492
10 19 13 -0.0378995 -0.0256137 -0.0098913 0.0468003
11 19 13 -0.041717 -0.028477 -0.0116216 0.0518296
12 19 13 -0.0456361 -0.0317809 -0.0131603 0.0571478
13 19 13 -0.0486921 -0.0355274 -0.0165732 0.0625123
14 19 13 -0.0571997 -0.0395381 -0.0176573 0.0717415
15 19 13 -0.0659292 -0.0447355 -0.0181892 0.0817237
16 19 13 -0.0751542 -0.0535932 -0.0222973 0.0949608
17 19 13 -0.0841728 -0.0640309 -0.0234075 0.108319
18 19 13 -0.0911764 -0.077305 -0.0262123 0.122378
19 19 13 -0.0978962 -0.0936375 -0.0316591 0.139119
20 19 13 -0.10575 -0.111373 -0.0374012 0.158069
21 19 13 -0.114078 -0.133858 -0.0435736 0.181192
22 19 13 -0.124189 -0.156139 -0.0481839 0.205242
23 19 13 -0.13196 -0.180041 -0.051556 0.229099
24 19 13 -0.136422 -0.209583 -0.0595759 0.25707
25 19 13 -0.138455 -0.238452 -0.0653906 0.283382
26 19 13 -0.136593 -0.268918 -0.071419 0.30996
27 19 13 -0.130174 -0.300149 -0.078836 0.336527
28 19 13 -0.122124 -0.330671 -0.0840095 0.362375
29 19 13 -0.106531 -0.357757 -0.0889406 0.383731
30 19 13 -0.0842991 -0.378574 -0.0930767 0.398858
31 19 13 -0.0570647 -0.390622 -0.0960404 0.406283
32 19 13 -0.0265806 -0.393605 -0.0978704 0.406461
33 19 13 0.0871542 -0.371976 -0.0950846 0.393705
34 19 13 0.772305 -0.182289 -0.0548503 0.79542
35 19 13 2.50445 0.0966895 0.0826083 2.50767
36 19 13 -1.30182 -0.00159009 -0.0291426 1.30215
37 19 13 0.238983 -0.00484575 0.00551635 0.239095
38 19 13 -0.0587444 0.000160437 -0.00232635 0.0587906
39 19 13 0.0483445 0 0 0.0483445
1 19 14 -0.00249935 -1.48546e-05 0.000103469 0.00250154
2 19 14 -0.00477884 0.00018336 -0.000294681 0.00479143
3 19 14 0.00495234 0.00169422 0.000932938 0.00531662
4 19 14 -0.0729612 -0.00347627 0.000957061 0.0730502
5 19 14 -0.118737 -0.0138133 -0.00212047 0.119557
6 19 14 -0.0757595 -0.018429 -0.0041473 0.078079
7 19 14 -0.0244171 -0.0203342 -0.00535215 0.032223
8 19 14 -0.0325473 -0.0220497 -0.00636503 0.039825
9 19 14 -0.0358277 -0.0240203 -0.0076629 0.04381
10 19 14 -0.0395725 -0.026446 -0.00924661 0.0484858
11 19 14 -0.0437585 -0.0294442 -0.0109313 0.0538633
12 19 14 -0.048177 -0.0312832 -0.0124641 0.0587794
13 19 14 -0.0526922 -0.034355 -0.0138006 0.0643987
14 19 14 -0.0605174 -0.0393693 -0.0139794 0.0735372
15 19 14 -0.0699521 -0.0452424 -0.013943 0.0844665
16 19 14 -0.0807062 -0.0557342 -0.0204309 0.100186
17 19 14 -0.0909496 -0.0666292 -0.0212294 0.114726
18 19 14 -0.0975877 -0.0793907 -0.0212234 0.12758
19 19 14 -0.0995497 -0.0955172 -0.0272631 0.140631
20 19 14 -0.105328 -0.113388 -0.0349811 0.158665
21 19 14 -0.116518 -0.137928 -0.0415564 0.185277
22 19 14 -0.132398 -0.161881 -0.0429862 0.213501
23 19 14 -0.141934 -0.187537 -0.0445199 0.239369
24 19 14 -0.145367 -0.218035 -0.0545556 0.26767
25 19 14 -0.145828 -0.247671 -0.0594499 0.293498
26 19 14 -0.143111 -0.280352 -0.0638441 0.321176
27 19 14 -0.136852 -0.312626 -0.0694989 0.348272
28 19 14 -0.127088 -0.343647 -0.0736979 0.373732
29 19 14 -0.110984 -0.371789 -0.0778732 0.395738
30 19 14 -0.0879104 -0.393474 -0.0814254 0.411315
31 19 14 -0.0598007 -0.406126 -0.0840942 0.41903
32 19 14 -0.0285421 -0.409576 -0.0858456 0.419448
33 19 14 0.0891994 -0.387848 -0.083722 0.406684
34 19 14 0.805769 -0.192888 -0.0502186 0.830055
35 19 14 2.63095 0.102394 0.075884 2.63404
36 19 14 -1.40511 -0.0010976 -0.02596 1.40535
37 19 14 0.27014 -0.00521166 0.00460989 0.270229
38 19 14 -0.0662621 0.000210833 -0.00197297 0.0662918
39 19 14 0.050751 0 0 0.050751
1 19 15 -0.00238922 -2.61266e-05 3.84804e-05 0.00238967
2 19 15 -0.00519531 0.000147094 -0.000203406 0.00520137
3 19 15 0.00581843 0.00175258 0.000898616 0.00614273
4 19 15 -0.0730606 -0.00344327 0.000877021 0.0731469
5 19 15 -0.121743 -0.0140877 -0.00193892 0.12257
6 19 15 -0.0775622 -0.0188243 -0.00375688 0.0799023
7 19 15 -0.0254492 -0.0208203 -0.00485296 0.033237
8 19 15 -0.0335925 -0.0226107 -0.00580662 0.0409075
9 19 15 -0.0370583 -0.0246678 -0.00700947 0.0450661
10 19 15 -0.0410896 -0.0273367 -0.00844792 0.0500701
11 19 15 -0.0461211 -0.031355 -0.0103103 0.056715
12 19 15 -0.0522941 -0.0294356 -0.0110679 0.0610215
13 19 15 -0.0571683 -0.0339727 -0.0112079 0.0674387
14 19 15 -0.0641281 -0.039512 -0.011406 0.0761821
15 19 15 -0.0748925 -0.0451439 -0.00998069 0.088014
16 19 15 -0.081473 -0.0578789 -0.0183643 0.101612
17 19 15 -0.090133 -0.0684095 -0.0201552 0.114935
18 19 15 -0.0945789 -0.0799737 -0.0206796 0.125573
19 19 15 -0.0943682 -0.0961604 -0.0247728 0.136989
20 19 15 -0.0986579 -0.115865 -0.0292237 0.154958
21 19 15 -0.112195 -0.142739 -0.0341488 0.184739
22 19 15 -0.130799 -0.167926 -0.0363364 0.215935
23 19 15 -0.143081 -0.194965 -0.0385941 0.244894
24 19 15 -0.148478 -0.226898 -0.0493221 0.27561
25 19 15 -0.153519 -0.257819 -0.0514218 0.304439
26 19 15 -0.149441 -0.291299 -0.0551895 0.332014
27 19 15 -0.143108 -0.324769 -0.0601009 0.359954
28 19 15 -0.132893 -0.353139 -0.0629637 0.382533
29 19 15 -0.115222 -0.383175 -0.0667833 0.405659
30 19 15 -0.0909128 -0.40581 -0.0697229 0.421673
31 19 15 -0.062069 -0.419063 -0.0720126 0.429711
32 19 15 -0.0302159 -0.423005 -0.0736226 0.430426
33 19 15 0.0908219 -0.401441 -0.0720341 0.417843
34 19 15 0.833086 -0.202712 -0.0447748 0.858562
35 19 15 2.7435 0.108232 0.0673679 2.74646
36 19 15 -1.49611 -0.000845167 -0.0223093 1.49628
37 19 15 0.296507 -0.00552778 0.00364155 0.296581
38 19 15 -0.0723029 0.000259084 -0.00159525 0.0723209
39 19 15 0.0526724 0 0 0.0526724
1 19 16 -0.00236508 -4.01976e-05 -1.91163e-05 0.0023655
2 19 16 -0.00542474 0.000109895 -0.000108877 0.00542694
3 19 16 0.00663005 0.00177169 0.000855921 0.00691586
4 19 16 -0.0730959 -0.00346659 0.000740196 0.0731818
5 19 16 -0.12426 -0.0143455 -0.0017808 0.125098
6 19 16 -0.0790889 -0.019139 -0.00335919 0.081441
7 19 16 -0.026375 -0.0211801 -0.00431757 0.034101
8 19 16 -0.0345457 -0.0229947 -0.00517471 0.0418203
9 19 16 -0.0380986 -0.0250421 -0.0061545 0.0460054
10 19 16 -0.0420094 -0.0275411 -0.00699817 0.0507176
11 19 16 -0.0459635 -0.0274732 -0.00936907 0.0543618
12 19 16 -0.0520121 -0.0281059 -0.00855758 0.0597363
13 19 16 -0.0582658 -0.0321637 -0.00951275 0.0672302
14 19 16 -0.0659899 -0.0378048 -0.00851386 0.0765268
15 19 16 -0.0738882 -0.0454489 -0.010063 0.0873289
16 19 16 -0.078888 -0.0588125 -0.018782 0.100175
17 19 16 -0.0873628 -0.0703513 -0.019917 0.113922
18 19 16 -0.0923266 -0.0817745 -0.0210067 0.12511
19 19 16 -0.0943725 -0.0975767 -0.0233717 0.137745
20 19 16 -0.101243 -0.119297 -0.0222098 0.158036
21 19 16 -0.113804 -0.146353 -0.0261806 0.187232
22 19 16 -0.131633 -0.172001 -0.0299957 0.218658
23 19 16 -0.143831 -0.200943 -0.0310996 0.249063
24 19 16 -0.148887 -0.23533 -0.0392755 0.28123
25 19 16 -0.154877 -0.268556 -0.0437273 0.313084
26 19 16 -0.153103 -0.3012 -0.0462378 0.341028
27 19 16 -0.146134 -0.334491 -0.0512638 0.368602
28 19 16 -0.134636 -0.365723 -0.0524484 0.393232
29 19 16 -0.116109 -0.39285 -0.0564062 0.413515
30 19 16 -0.0928304 -0.415893 -0.0582709 0.430093
31 19 16 -0.0638658 -0.429615 -0.06004 0.438467
32 19 16 -0.0316565 -0.434019 -0.0614011 0.439482
33 19 16 0.0920427 -0.412725 -0.0601884 0.427125
34 19 16 0.854807 -0.211282 -0.038539 0.881375
35 19 16 2.83967 0.113829 0.0571969 2.84253
36 19 16 -1.57252 -0.000773837 -0.0181906 1.57263
37 19 16 0.317642 -0.00578203 0.00261251 0.317705
38 19 16 -0.0767685 0.000302229 -0.00120692 0.0767786
39 19 16 0.0540885 0 0 0.0540885
1 19 17 -0.00243727 -6.06645e-05 -8.81276e-05 0.00243962
2 19 17 -0.00551519 6.64699e-05 -5.33834e-05 0.00551585
3 19 17 0.00726896 0.00176202 0.000762209 0.00751821
4 19 17 -0.0733379 -0.00348413 0.000571459 0.0734228
5 19 17 -0.126607 -0.0145095 -0.00156516 0.127446
6 19 17 -0.0806271 -0.0193477 -0.00287663 0.0829659
7 19 17 -0.0273707 -0.0214439 -0.00370176 0.0349671
8 19 17 -0.0355275 -0.023266 -0.00448422 0.0427039
9 19 17 -0.0391615 -0.025222 -0.00532957 0.0468847
10 19 17 -0.0430862 -0.0272909 -0.00586777 0.0513385
11 19 17 -0.0466218 -0.0275461 -0.00719012 0.0546267
12 19 17 -0.0527374 -0.0268009 -0.00555644 0.0594172
13 19 17 -0.05893 -0.0292754 -0.00782624 0.0662649
14 19 17 -0.0669914 -0.0372189 -0.00705069 0.0769598
15 19 17 -0.0738193 -0.0471895 -0.0112278 0.08833
16 19 17 -0.0777019 -0.0619233 -0.0170882 0.100817
17 19 17 -0.084754 -0.074984 -0.0172379 0.114468
18 19 17 -0.0933767 -0.0855951 -0.0199099 0.128227
19 19 17 -0.105654 -0.101643 -0.0203715 0.148017
20 19 17 -0.118158 -0.123337 -0.0171191 0.171658
21 19 17 -0.126924 -0.14763 -0.0189887 0.195614
22 19 17 -0.135031 -0.17032 -0.025843 0.218884
23 19 17 -0.144073 -0.200639 -0.0271413 0.248495
24 19 17 -0.150656 -0.238349 -0.0303727 0.283602
25 19 17 -0.157358 -0.27358 -0.0366171 0.317724
26 19 17 -0.157589 -0.308742 -0.0375115 0.348659
27 19 17 -0.149942 -0.342446 -0.0422828 0.376218
28 19 17 -0.137286 -0.372911 -0.043062 0.399706
29 19 17 -0.117626 -0.400569 -0.0455043 0.419954
30 19 17 -0.0945968 -0.42378 -0.0468258 0.436727
31 19 17 -0.0654182 -0.437855 -0.0482116 0.445333
32 19 17 -0.032913 -0.442666 -0.0493058 0.446618
33 19 17 0.0928567 -0.421673 -0.0483577 0.434476
34 19 17 0.871295 -0.218291 -0.0317306 0.898784
35 19 17 2.91712 0.118763 0.0455544 2.9199
36 19 17 -1.63259 -0.00085408 -0.0136316 1.63264
37 19 17 0.333025 -0.00595763 0.0015588 0.333082
38 19 17 -0.0796135 0.000343169 -0.000804492 0.0796183
39 19 17 0.0549872 0 0 0.0549872
1 19 18 -0.00261563 -8.02353e-05 -0.000150627 0.00262119
2 19 18 -0.00547207 3.57354e-05 4.98764e-06 0.00547219
3 19 18 0.00781057 0.00175884 0.000690917 0.00803592
4 19 18 -0.0735711 -0.00347355 0.000448398 0.0736545
5 19 18 -0.128337 -0.0146204 -0.00128106 0.129174
6 19 18 -0.0816083 -0.0195379 -0.00236435 0.0839478
7 19 18 -0.0278778 -0.0216973 -0.00306926 0.0354593
8 19 18 -0.0360979 -0.0235396 -0.00377626 0.04326
9 19 18 -0.0399883 -0.0255252 -0.00461067 0.047664
10 19 18 -0.0443813 -0.0275359 -0.00560415 0.0525293
11 19 18 -0.0491295 -0.0257778 -0.00581052 0.055785
12 19 18 -0.054888 -0.0257669 -0.00413279 0.0607759
13 19 18 -0.060736 -0.0294 -0.00557773 0.0677077
14 19 18 -0.0677562 -0.0382227 -0.005358 0.0779782
15 19 18 -0.0724897 -0.0502658 -0.0112108 0.0889219
16 19 18 -0.0766449 -0.0621395 -0.0143198 0.0997036
17 19 18 -0.0831227 -0.0725909 -0.0145693 0.111315
18 19 18 -0.0948624 -0.0849621 -0.0153721 0.128272
19 19 18 -0.112356 -0.103426 -0.0158305 0.153529
20 19 18 -0.12831 -0.127264 -0.0151115 0.18135
21 19 18 -0.134822 -0.150084 -0.0148971 0.202297
22 19 18 -0.137013 -0.173416 -0.018473 0.221781
23 19 18 -0.141688 -0.203642 -0.0207785 0.248953
24 19 18 -0.149013 -0.241325 -0.0218839 0.284467
25 19 18 -0.156176 -0.278949 -0.0284293 0.320955
26 19 18 -0.159499 -0.314302 -0.0285104 0.353608
27 19 18 -0.152993 -0.348628 -0.032133 0.382075
28 19 18 -0.14019 -0.379871 -0.0334454 0.406293
29 19 18 -0.120892 -0.405852 -0.0337873 0.424821
30 19 18 -0.0963514 -0.429392 -0.0354128 0.441492
31 19 18 -0.0665346 -0.443828 -0.0365624 0.450275
32 19 18 -0.0336072 -0.448958 -0.0373686 0.451762
33 19 18 0.0937828 -0.428201 -0.0366091 0.439877
34 19 18 0.883421 -0.223467 -0.0245843 0.911578
35 19 18 2.97456 0.122693 0.0326795 2.97727
36 19 18 -1.67466 -0.00108903 -0.00877697 1.67469
37 19 18 0.342316 -0.00605976 0.000467049 0.34237
38 19 18 -0.0808162 0.000378583 -0.000400107 0.0808181
39 19 18 0.0553433 0 0 0.0553433
1 19 19 -0.00288056 -0.000104013 -0.000212125 0.00289024
2 19 19 -0.00527562 1.27292e-05 4.48146e-05 0.00527583
3 19 19 0.00828009 0.0017539 0.00058778 0.0084842
4 19 19 -0.0738347 -0.00346369 0.000279827 0.0739164
5 19 19 -0.129617 -0.0147054 -0.00102476 0.130452
6 19 19 -0.0824204 -0.0196847 -0.00185398 0.0847588
7 19 19 -0.0284236 -0.0218735 -0.00235851 0.0359432
8 19 19 -0.0367447 -0.0237524 -0.00285735 0.0438465
9 19 19 -0.040794 -0.0259299 -0.00344293 0.0484599
10 19 19 -0.0453418 -0.0286413 -0.00397428 0.0537773
11 19 19 -0.0500558 -0.0255303 -0.00359713 0.0563056
12 19 19 -0.0544182 -0.0242547 -0.00346468 0.0596794
13 19 19 -0.0594392 -0.02913 -0.00464128 0.066356
14 19 19 -0.0668036 -0.0388741 -0.00501856 0.0774538
15 19 19 -0.0732579 -0.0535948 -0.00953463 0.091269
16 19 19 -0.0836016 -0.0625436 -0.0111731 0.105004
17 19 19 -0.0952386 -0.0690503 -0.0103838 0.118094
18 19 19 -0.107144 -0.0808182 -0.00835012 0.134466
19 19 19 -0.115467 -0.101922 -0.00940317 0.154302
20 19 19 -0.123079 -0.129123 -0.014805 0.178998
21 19 19 -0.137007 -0.153028 -0.0141956 0.205889
22 19 19 -0.14789 -0.176742 -0.0125015 0.230793
23 19 19 -0.15176 -0.206939 -0.0126122 0.256932
24 19 19 -0.154096 -0.244754 -0.0135609 0.289541
25 19 19 -0.15651 -0.285952 -0.0180601 0.326481
26 19 19 -0.158269 -0.320636 -0.018764 0.358063
27 19 19 -0.150989 -0.353736 -0.022131 0.385248
28 19 19 -0.139071 -0.38316 -0.0243621 0.408346
29 19 19 -0.121625 -0.408548 -0.0239262 0.426939
30 19 19 -0.0973751 -0.432891 -0.0246585 0.444393
31 19 19 -0.067334 -0.447681 -0.0252968 0.453422
32 19 19 -0.0340966 -0.452995 -0.02567 0.455001
33 19 19 0.0944694 -0.432317 -0.0249697 0.443222
34 19 19 0.891226 -0.226643 -0.0172115 0.919754
35 19 19 3.01094 0.125425 0.0190606 3.01361
36 19 19 -1.69774 -0.00145773 -0.00369265 1.69774
37 19 19 0.345324 -0.00608692 -0.000630581 0.345379
38 19 19 -0.0803317 0.000408038 8.29676e-06 0.0803327
39 19 19 0.0551674 0 0 0.0551674
1 19 20 -0.00325568 -0.000131143 -0.00027144 0.00326961
2 19 20 -0.00499098 3.81978e-06 7.84506e-05 0.0049916
3 19 20 0.00861329 0.00175696 0.000484623 0.00880401
4 19 20 -0.0741842 -0.00344931 0.000128139 0.0742645
5 19 20 -0.130449 -0.0147479 -0.000707611 0.131282
6 19 20 -0.0829635 -0.0197634 -0.00125692 0.0852943
7 19 20 -0.0287231 -0.0219709 -0.00155278 0.036196
8 19 20 -0.0370182 -0.023867 -0.00182197 0.0440829
9 19 20 -0.0410934 -0.0260654 -0.00211533 0.0487088
10 19 20 -0.0456719 -0.0288054 -0.00243825 0.054052
11 19 20 -0.0504183 -0.0256961 -0.00262776 0.0566498
12 19 20 -0.054778 -0.0244914 -0.00281069 0.0600696
13 19 20 -0.0597731 -0.0293281 -0.00290515 0.0666438
14 19 20 -0.0670642 -0.0388982 -0.00302936 0.0775877
15 19 20 -0.0733869 -0.0535151 -0.00322594 0.0908841
16 19 20 -0.0835536 -0.0626072 -0.00360004 0.104469
17 19 20 -0.0950797 -0.0695416 -0.00421031 0.117872
18 19 20 -0.107019 -0.0818109 -0.00516207 0.134806
19 19 20 -0.115604 -0.103157 -0.0065294 0.155075
20 19 20 -0.123437 -0.130435 -0.00813576 0.179768
21 19 20 -0.137318 -0.154474 -0.00938698 0.206897
22 19 20 -0.14801 -0.178405 -0.0102654 0.232036
23 19 20 -0.151823 -0.208692 -0.0109427 0.258307
24 19 20 -0.154248 -0.246454 -0.011532 0.290972
25 19 20 -0.156847 -0.287572 -0.0119726 0.327784
26 19 20 -0.158755 -0.322239 -0.0123593 0.359435
27 19 20 -0.151531 -0.355395 -0.0128339 0.386565
28 19 20 -0.139557 -0.384934 -0.0134366 0.409671
29 19 20 -0.122028 -0.410334 -0.0139326 0.428321
30 19 20 -0.0976572 -0.434746 -0.0142091 0.445806
31 19 20 -0.0674535 -0.449575 -0.0143218 0.454833
32 19 20 -0.034016 -0.454899 -0.0142359 0.456391
33 19 20 0.0951441 -0.434134 -0.0135577 0.444644
34 19 20 0.894933 -0.227831 -0.00985228 0.92353
35 19 20 3.02588 0.126841 0.00514173 3.02854
36 19 20 -1.70148 -0.00195858 0.00149276 1.70148
37 19 20 0.341916 -0.00604505 -0.00171139 0.341973
38 19 20 -0.0781934 0.000429411 0.000423922 0.0781958
39 19 20 0.0544448 0 0 0.0544448
1 19 21 -0.0037385 -0.000160627 -0.000324976 0.00375604
2 19 21 -0.00463166 1.01239e-05 0.000107125 0.00463291
3 19 21 0.00881337 0.00176966 0.000379549 0.00899729
4 19 21 -0.0746131 -0.00343009 -2.25531e-05 0.0746919
5 19 21 -0.130825 -0.0147472 -0.000385531 0.131654
6 19 21 -0.0832176 -0.0197739 -0.000652511 0.0855372
7 19 21 -0.0287482 -0.0219915 -0.000741479 0.0362027
8 19 21 -0.036889 -0.0238865 -0.000781716 0.0439542
9 19 21 -0.0408655 -0.025935 -0.000783319 0.0484069
10 19 21 -0.0453702 -0.028034 -0.000907651 0.0533403
11 19 21 -0.0502693 -0.0263682 -0.00168314 0.0567901
12 19 21 -0.0561763 -0.0264105 -0.00220363 0.062114
13 19 21 -0.061967 -0.0299587 -0.00128796 0.0688411
14 19 21 -0.0687934 -0.0384471 -0.00124394 0.0788179
15 19 21 -0.073183 -0.0501845 0.00281743 0.0887816
16 19 21 -0.0768827 -0.0622722 0.00374042 0.099009
17 19 21 -0.0828949 -0.0736644 0.00184549 0.110912
18 19 21 -0.0943181 -0.0873433 -0.00190781 0.128563
19 19 21 -0.111803 -0.106694 -0.003542 0.154584
20 19 21 -0.127977 -0.13102 -0.00143089 0.183157
21 19 21 -0.134619 -0.154437 -0.00462436 0.204925
22 19 21 -0.137008 -0.178379 -0.00800908 0.225065
23 19 21 -0.142044 -0.208803 -0.00915353 0.252704
24 19 21 -0.149892 -0.246332 -0.00932351 0.288503
25 19 21 -0.157588 -0.283787 -0.00575677 0.324657
26 19 21 -0.161282 -0.319205 -0.00594762 0.357685
27 19 21 -0.154874 -0.35371 -0.00364615 0.386148
28 19 21 -0.141906 -0.385123 -0.00265469 0.410444
29 19 21 -0.122218 -0.411256 -0.00409555 0.429052
30 19 21 -0.0972271 -0.435012 -0.00395447 0.445763
31 19 21 -0.0668948 -0.449575 -0.00356191 0.454539
32 19 21 -0.0333571 -0.454737 -0.00303415 0.455969
33 19 21 0.095819 -0.433726 -0.00238988 0.44419
34 19 21 0.894629 -0.227093 -0.00266238 0.923006
35 19 21 3.01975 0.126957 -0.00860503 3.02243
36 19 21 -1.68612 -0.0025876 0.00661841 1.68613
37 19 21 0.332163 -0.00593612 -0.00277803 0.332228
38 19 21 -0.074423 0.000442146 0.000835103 0.074429
39 19 21 0.0531783 0 0 0.0531783
1 19 22 -0.00429659 -0.000193151 -0.000369902 0.0043168
2 19 22 -0.00415331 2.3769e-05 0.000130659 0.00415544
3 19 22 0.00895197 0.00177981 0.000267147 0.00913109
4 19 22 -0.0750641 -0.00341777 -0.000194603 0.0751421
5 19 22 -0.130756 -0.0147254 -0.000124546 0.131583
6 19 22 -0.0833105 -0.0197442 -0.000129303 0.0856183
7 19 22 -0.0288227 -0.0219375 -1.48727e-05 0.0362216
8 19 22 -0.0368461 -0.0238469 0.000160767 0.0438901
9 19 22 -0.0406223 -0.0259027 0.000418471 0.0481798
10 19 22 -0.0447309 -0.0280915 0.000766088 0.0528259
11 19 22 -0.0485284 -0.0285004 0.000553849 0.0562813
12 19 22 -0.0548826 -0.0279133 -0.001643 0.061595
13 19 22 -0.0611528 -0.0304062 -0.000634947 0.0682979
14 19 22 -0.0690836 -0.03813 -0.00136822 0.0789197
15 19 22 -0.0755686 -0.0477715 0.00388877 0.0894866
16 19 22 -0.0789349 -0.0624801 0.00624895 0.100864
17 19 22 -0.0853442 -0.0764241 0.00550437 0.114693
18 19 22 -0.0930807 -0.0886974 0.00482923 0.128665
19 19 22 -0.104564 -0.106253 0.00290472 0.149103
20 19 22 -0.116849 -0.12909 -0.000911042 0.174122
21 19 22 -0.126222 -0.154487 -0.00362034 0.199528
22 19 22 -0.135457 -0.178083 -0.00168746 0.223752
23 19 22 -0.145657 -0.208674 -0.000575777 0.254482
24 19 22 -0.153127 -0.246247 -0.000609863 0.289975
25 19 22 -0.160495 -0.281496 0.00482123 0.32407
26 19 22 -0.161045 -0.316963 0.00371337 0.355548
27 19 22 -0.153317 -0.351021 0.00600098 0.38309
28 19 22 -0.140234 -0.381825 0.00591673 0.406805
29 19 22 -0.119936 -0.409748 0.00522102 0.426973
30 19 22 -0.0961283 -0.433346 0.00619943 0.443923
31 19 22 -0.0660781 -0.447648 0.00705834 0.452553
32 19 22 -0.0325501 -0.452527 0.00797845 0.453766
33 19 22 0.0962168 -0.431122 0.00853807 0.441811
34 19 22 0.890226 -0.224531 0.00423077 0.918114
35 19 22 2.99353 0.125927 -0.0217163 2.99626
36 19 22 -1.65245 -0.00333423 0.0115275 1.6525
37 19 22 0.316352 -0.00575542 -0.00383271 0.316428
38 19 22 -0.0690255 0.000448447 0.00123037 0.0690379
39 19 22 0.0513919 0 0 0.0513919
1 19 23 -0.00494454 -0.000222683 -0.000405283 0.00496612
2 19 23 -0.0036 5.00046e-05 0.000164301 0.00360409
3 19 23 0.00900826 0.0017961 0.000183687 0.00918741
4 19 23 -0.0754863 -0.00338666 -0.00031951 0.075563
5 19 23 -0.130058 -0.0146596 0.000167896 0.130882
6 19 23 -0.0828286 -0.0197027 0.000401691 0.0851407
7 19 23 -0.0283952 -0.0218776 0.0006442 0.0358515
8 19 23 -0.0363774 -0.0238134 0.000909118 0.0434882
9 19 23 -0.040122 -0.0260009 0.00119532 0.0478251
10 19 23 -0.0442759 -0.028672 0.00113044 0.0527609
11 19 23 -0.0485639 -0.0287218 0.00199748 0.0564569
12 19 23 -0.0548887 -0.0297301 -0.000254937 0.0624236
13 19 23 -0.061289 -0.0340272 0.00137137 0.0701147
14 19 23 -0.0690984 -0.0396831 -0.000140284 0.0796828
15 19 23 -0.0768378 -0.0471267 0.00327101 0.090198
16 19 23 -0.0813953 -0.0604118 0.00829524 0.101703
17 19 23 -0.0893842 -0.0726409 0.00727184 0.115409
18 19 23 -0.0936593 -0.0856682 0.0084829 0.127213
19 19 23 -0.0949694 -0.103283 0.00703988 0.140485
20 19 23 -0.101665 -0.126632 0.00150392 0.1624
21 19 23 -0.114953 -0.155092 0.00130339 0.193052
22 19 23 -0.134046 -0.181801 0.00644127 0.225968
23 19 23 -0.147388 -0.211242 0.00626026 0.257654
24 19 23 -0.15326 -0.245847 0.00814735 0.28982
25 19 23 -0.159848 -0.27945 0.0129614 0.322199
26 19 23 -0.158198 -0.312698 0.0122881 0.350653
27 19 23 -0.150905 -0.346621 0.0154313 0.37836
28 19 23 -0.138844 -0.378545 0.0146866 0.403472
29 19 23 -0.119472 -0.406117 0.0160543 0.42363
30 19 23 -0.0950946 -0.429714 0.0166364 0.440424
31 19 23 -0.064894 -0.443776 0.0176583 0.448843
32 19 23 -0.031245 -0.448297 0.0188033 0.449778
33 19 23 0.0966959 -0.426444 0.019143 0.437689
34 19 23 0.881868 -0.220413 0.0106382 0.909058
35 19 23 2.94886 0.123968 -0.0337941 2.95166
36 19 23 -1.6019 -0.00421016 0.0160939 1.60199
37 19 23 0.294813 -0.00550681 -0.00485416 0.294905
38 19 23 -0.0620872 0.000448372 0.00161311 0.0621098
39 19 23 0.0490813 0 0 0.0490813
1 19 24 -0.00566538 -0.000255087 -0.000437564 0.00568797
2 19 24 -0.00298349 7.14369e-05 0.000187145 0.00299021
3 19 24 0.00890923 0.00178624 7.16526e-05 0.00908681
4 19 24 -0.0760975 -0.00335636 -0.000492546 0.0761731
5 19 24 -0.129184 -0.0145059 0.000394393 0.129997
6 19 24 -0.0823365 -0.0195603 0.000909293 0.0846329
7 19 24 -0.028014 -0.0217259 0.00129637 0.0354751
8 19 24 -0.0359076 -0.0236707 0.00165147 0.0430394
9 19 24 -0.0396068 -0.0259054 0.00208948 0.0473725
10 19 24 -0.0439284 -0.0287844 0.00235226 0.0525717
11 19 24 -0.0493317 -0.0330544 0.0042196 0.0595316
12 19 24 -0.0559018 -0.031449 0.00270096 0.0641978
13 19 24 -0.0610831 -0.0363288 0.00296604 0.0711318
14 19 24 -0.0683573 -0.0421988 0.000993021 0.0803396
15 19 24 -0.0793573 -0.047978 0.00150796 0.0927456
16 19 24 -0.0858617 -0.0608081 0.00935703 0.105629
17 19 24 -0.0943742 -0.0720412 0.00920697 0.119085
18 19 24 -0.0986262 -0.0850461 0.00873516 0.130523
19 19 24 -0.0982299 -0.103027 0.00958292 0.142673
20 19 24 -0.102628 -0.124557 0.00688214 0.161538
21 19 24 -0.11685 -0.152961 0.00922663 0.192707
22 19 24 -0.136335 -0.179381 0.0111836 0.225588
23 19 24 -0.149359 -0.207351 0.0105365 0.255761
24 19 24 -0.15531 -0.239991 0.0171458 0.286376
25 19 24 -0.160671 -0.27178 0.0197216 0.316336
26 19 24 -0.156407 -0.306302 0.0202621 0.344521
27 19 24 -0.149549 -0.340711 0.0234977 0.372828
28 19 24 -0.138535 -0.369952 0.0229856 0.395708
29 19 24 -0.119683 -0.400926 0.025737 0.4192
30 19 24 -0.0940019 -0.424301 0.0267686 0.435412
31 19 24 -0.0635457 -0.438026 0.0280799 0.443501
32 19 24 -0.0298255 -0.442155 0.02941 0.444135
33 19 24 0.0967499 -0.419896 0.0294575 0.431904
34 19 24 0.868887 -0.215084 0.0165352 0.895265
35 19 24 2.88743 0.121429 -0.04441 2.89032
36 19 24 -1.53645 -0.00520552 0.020262 1.53659
37 19 24 0.268018 -0.00518825 -0.00581052 0.268131
38 19 24 -0.0536676 0.000444281 0.00198572 0.0537061
39 19 24 0.0462789 0 0 0.0462789
1 19 25 -0.00644188 -0.000286919 -0.000449564 0.00646392
2 19 25 -0.00226695 9.11009e-05 0.000244872 0.00228196
3 19 25 0.00877946 0.00173554 5.07856e-06 0.00894936
4 19 25 -0.0766243 -0.00339534 -0.000641399 0.0767021
5 19 25 -0.127823 -0.0143466 0.000558261 0.128627
6 19 25 -0.081561 -0.0193442 0.00133152 0.0838342
7 19 25 -0.0275268 -0.021451 0.0018723 0.0349482
8 19 25 -0.035345 -0.0233501 0.00234273 0.0424262
9 19 25 -0.0388928 -0.0255316 0.00302569 0.0466226
10 19 25 -0.0429575 -0.0282035 0.00391997 0.0515378
11 19 25 -0.0475091 -0.0314888 0.00525417 0.0572387
12 19 25 -0.0522936 -0.0337702 0.00522236 0.0624686
13 19 25 -0.0573496 -0.0373245 0.00468021 0.0685857
14 19 25 -0.0656986 -0.0428985 0.00385107 0.0785584
15 19 25 -0.0757108 -0.0493433 0.00110872 0.0903776
16 19 25 -0.0869532 -0.0602625 0.00846304 0.106132
17 19 25 -0.0976191 -0.0719724 0.00898386 0.121615
18 19 25 -0.104652 -0.0859804 0.0079848 0.135677
19 19 25 -0.106958 -0.103691 0.010732 0.149355
20 19 25 -0.113159 -0.123413 0.0140193 0.168025
21 19 25 -0.124936 -0.149522 0.0174667 0.19563
22 19 25 -0.141366 -0.174876 0.0177536 0.225568
23 19 25 -0.151266 -0.201929 0.0181345 0.252954
24 19 25 -0.154912 -0.233713 0.0269858 0.281687
25 19 25 -0.155302 -0.264782 0.0267546 0.30813
26 19 25 -0.152093 -0.298949 0.0282866 0.336606
27 19 25 -0.145044 -0.332628 0.0312369 0.364218
28 19 25 -0.134116 -0.365047 0.0321573 0.390231
29 19 25 -0.116751 -0.394462 0.0346854 0.412836
30 19 25 -0.091988 -0.417133 0.0366426 0.428724
31 19 25 -0.061859 -0.430423 0.0383578 0.436534
32 19 25 -0.0282849 -0.434149 0.0398431 0.43689
33 19 25 0.0963751 -0.411589 0.0395047 0.424564
34 19 25 0.851127 -0.208882 0.0218033 0.876655
35 19 25 2.81178 0.118732 -0.0533976 2.8148
36 19 25 -1.4581 -0.00633853 0.0238972 1.45831
37 19 25 0.23661 -0.00481636 -0.00671738 0.236755
38 19 25 -0.0438464 0.00043351 0.00233618 0.0439107
39 19 25 0.0430045 0 0 0.0430045
1 19 26 -0.00727775 -0.000315754 -0.00046202 0.00729923
2 19 26 -0.00151656 0.000126779 0.000298873 0.00155092
3 19 26 0.00845406 0.00170671 -5.36318e-05 0.00862478
4 19 26 -0.0772395 -0.00343499 -0.000736817 0.0773194
5 19 26 -0.126075 -0.014164 0.000743171 0.12687
6 19 26 -0.0804211 -0.0190883 0.00174626 0.0826739
7 19 26 -0.0267877 -0.0211189 0.00241371 0.0341967
8 19 26 -0.0345476 -0.0229391 0.00296145 0.0415754
9 19 26 -0.0379381 -0.0250726 0.00375509 0.0456293
10 19 26 -0.0418049 -0.0276839 0.00479812 0.0503693
11 19 26 -0.0460384 -0.0308948 0.00590361 0.0557573
12 19 26 -0.0504134 -0.0346222 0.00676811 0.0615306
13 19 26 -0.053995 -0.0390526 0.00736028 0.0670428
14 19 26 -0.0630452 -0.0438209 0.00658702 0.0770607
15 19 26 -0.0723247 -0.0498128 0.00518135 0.0879717
16 19 26 -0.0823089 -0.0594472 0.0104363 0.102067
17 19 26 -0.0920938 -0.0708998 0.00993011 0.116648
18 19 26 -0.0999951 -0.0854155 0.00849196 0.131784
19 19 26 -0.107615 -0.103286 0.0132233 0.149746
20 19 26 -0.116204 -0.12284 0.0197034 0.170239
21 19 26 -0.12502 -0.147106 0.0247389 0.194634
22 19 26 -0.135402 -0.1711 0.0242633 0.219539
23 19 26 -0.143334 -0.196825 0.0237639 0.244641
24 19 26 -0.147884 -0.228219 0.0315408 0.273767
25 19 26 -0.149706 -0.259006 0.0338141 0.301064
26 19 26 -0.147429 -0.291463 0.0358227 0.328587
27 19 26 -0.140224 -0.324697 0.0392779 0.355856
28 19 26 -0.131033 -0.357125 0.0415893 0.382672
29 19 26 -0.113843 -0.385862 0.0442143 0.404728
30 19 26 -0.0895354 -0.407966 0.0465943 0.420266
31 19 26 -0.0598236 -0.420854 0.0485513 0.427849
32 19 26 -0.0265405 -0.424219 0.0500759 0.427988
33 19 26 0.0956114 -0.401608 0.0492186 0.415756
34 19 26 0.828296 -0.202275 0.0263385 0.853044
35 19 26 2.72437 0.11623 -0.0606589 2.72753
36 19 26 -1.36931 -0.00766527 0.0269789 1.36959
37 19 26 0.201137 -0.0044063 -0.00754103 0.201327
38 19 26 -0.03276 0.000417935 0.00266867 0.0328712
39 19 26 0.039282 0 0 0.039282
1 19 27 -0.00812779 -0.000353524 -0.000456626 0.00814828
2 19 27 -0.000649912 0.0001334 0.000360063 0.000754868
3 19 27 0.00798776 0.00164859 -0.000158219 0.00815764
4 19 27 -0.0779953 -0.00349438 -0.000880617 0.0780785
5 19 27 -0.124181 -0.0139478 0.000868193 0.124965
6 19 27 -0.0791733 -0.0187839 0.00212884 0.0813989
7 19 27 -0.0260774 -0.0207576 0.00293737 0.0334595
8 19 27 -0.0337655 -0.0224957 0.0035748 0.0407302
9 19 27 -0.0369354 -0.0245849 0.00442155 0.0445891
10 19 27 -0.0405997 -0.0271978 0.00553918 0.0491806
11 19 27 -0.0447064 -0.030493 0.00668021 0.0545262
12 19 27 -0.0493095 -0.0347014 0.00754143 0.0607658
13 19 27 -0.0548398 -0.0404054 0.0101997 0.068877
14 19 27 -0.0606546 -0.0447495 0.0103494 0.076083
15 19 27 -0.0692224 -0.0501396 0.00969067 0.0860211
16 19 27 -0.0782977 -0.0579654 0.0125185 0.0982203
17 19 27 -0.0862252 -0.0713588 0.0123522 0.112603
18 19 27 -0.0946391 -0.0854668 0.0138106 0.128265
19 19 27 -0.103331 -0.101362 0.0177906 0.145836
20 19 27 -0.112761 -0.120195 0.0218628 0.166252
21 19 27 -0.120124 -0.141685 0.0262416 0.187598
22 19 27 -0.128731 -0.16463 0.028937 0.210978
23 19 27 -0.136445 -0.191452 0.0301487 0.237023
24 19 27 -0.142831 -0.220373 0.0356515 0.265021
25 19 27 -0.145386 -0.250346 0.0388142 0.29209
26 19 27 -0.143938 -0.281062 0.0423292 0.318599
27 19 27 -0.138883 -0.315057 0.0474333 0.347562
28 19 27 -0.127817 -0.347049 0.050509 0.373271
29 19 27 -0.110568 -0.375114 0.0536614 0.394734
30 19 27 -0.0867303 -0.396654 0.0564297 0.409928
31 19 27 -0.0576391 -0.409158 0.0585362 0.417324
32 19 27 -0.0248837 -0.412274 0.0600361 0.417365
33 19 27 0.0940905 -0.390038 0.058574 0.405479
34 19 27 0.799868 -0.19577 0.0302359 0.824032
35 19 27 2.62748 0.114315 -0.0661258 2.6308
36 19 27 -1.27248 -0.00916693 0.0295208 1.27286
37 19 27 0.162311 -0.0039393 -0.0082804 0.16257
38 19 27 -0.0204835 0.000404715 0.00297005 0.0207016
39 19 27 0.0351635 0 0 0.0351635
1 19 28 -0.00900898 -0.000376681 -0.000434115 0.00902729
2 19 28 0.000308607 0.000138554 0.000473145 0.000581637
3 19 28 0.00741636 0.00156192 -0.000232964 0.00758263
4 19 28 -0.0787204 -0.00360641 -0.00103518 0.0788097
5 19 28 -0.121965 -0.0137312 0.000905772 0.122739
6 19 28 -0.0775513 -0.0184367 0.0024239 0.0797495
7 19 28 -0.0252131 -0.0203659 0.00335264 0.0325839
8 19 28 -0.0328958 -0.0220294 0.00410581 0.0398031
9 19 28 -0.035846 -0.0240558 0.00501118 0.0434595
10 19 28 -0.0392877 -0.0266449 0.00621512 0.0478759
11 19 28 -0.0432005 -0.0299304 0.0075793 0.0530995
12 19 28 -0.0476135 -0.0341158 0.00912757 0.059281
13 19 28 -0.052614 -0.039436 0.011329 0.0667217
14 19 28 -0.0580204 -0.0461191 0.0143135 0.0754865
15 19 28 -0.0637399 -0.0524039 0.0142966 0.0837457
16 19 28 -0.0711389 -0.0594266 0.0143213 0.0937943
17 19 28 -0.079369 -0.0700477 0.0150458 0.106923
18 19 28 -0.0887855 -0.0839534 0.0181574 0.123534
19 19 28 -0.0982218 -0.0985884 0.0224661 0.140968
20 19 28 -0.106736 -0.116809 0.0234201 0.159954
21 19 28 -0.115588 -0.136806 0.0285055 0.181353
22 19 28 -0.123161 -0.159252 0.0336851 0.204119
23 19 28 -0.129102 -0.183855 0.0371054 0.227699
24 19 28 -0.133889 -0.21056 0.0398206 0.25268
25 19 28 -0.137299 -0.239506 0.0431803 0.279426
26 19 28 -0.138035 -0.27173 0.0492619 0.308735
27 19 28 -0.133609 -0.304187 0.0545346 0.336682
28 19 28 -0.123292 -0.335095 0.0589713 0.361894
29 19 28 -0.106585 -0.362262 0.0628471 0.38281
30 19 28 -0.0834959 -0.383136 0.0660091 0.397645
31 19 28 -0.0552978 -0.395253 0.0682192 0.404891
32 19 28 -0.0232991 -0.398296 0.0696628 0.405013
33 19 28 0.0918242 -0.376974 0.0674765 0.39382
34 19 28 0.765977 -0.189841 0.0336008 0.789867
35 19 28 2.5235 0.113334 -0.0699625 2.52701
36 19 28 -1.16973 -0.0108637 0.03147 1.1702
37 19 28 0.120836 -0.00344645 -0.00895619 0.121216
38 19 28 -0.00716583 0.000378147 0.00323512 0.00787134
39 19 28 0.0306668 0 0 0.0306668
1 19 29 -0.00989865 -0.000384858 -0.000419995 0.00991503
2 19 29 0.00132493 0.000172966 0.000589688 0.00146051
3 19 29 0.00659215 0.00151667 -0.000298154 0.00677094
4 19 29 -0.079593 -0.00369964 -0.00118052 0.0796876
5 19 29 -0.119672 -0.0134706 0.000887598 0.120431
6 19 29 -0.0756431 -0.0180091 0.00269427 0.077804
7 19 29 -0.0243173 -0.0198943 0.00368248 0.0316334
8 19 29 -0.0320308 -0.0214996 0.00455565 0.0388454
9 19 29 -0.0347651 -0.0234462 0.00553169 0.0422958
10 19 29 -0.0379677 -0.0259622 0.0067926 0.0464943
11 19 29 -0.0416462 -0.0291588 0.00829146 0.0515111
12 19 29 -0.0457975 -0.0332013 0.0100116 0.0574454
13 19 29 -0.0504585 -0.0381905 0.0120184 0.0644129
14 19 29 -0.0555135 -0.0442172 0.0143392 0.0724052
15 19 29 -0.0607759 -0.0510499 0.0166904 0.0811071
16 19 29 -0.0658757 -0.0594459 0.0166764 0.0902858
17 19 29 -0.072774 -0.0696438 0.0184922 0.102412
18 19 29 -0.080925 -0.0818796 0.0219775 0.117201
19 19 29 -0.0888189 -0.0967056 0.0254769 0.133753
20 19 29 -0.0965993 -0.111111 0.0262065 0.149546
21 19 29 -0.10592 -0.130657 0.0306309 0.170964
22 19 29 -0.114338 -0.151943 0.0363579 0.193602
23 19 29 -0.12112 -0.175974 0.0414469 0.217612
24 19 29 -0.126688 -0.202206 0.0445109 0.242731
25 19 29 -0.131226 -0.230577 0.050141 0.27
26 19 29 -0.131901 -0.26097 0.0561456 0.297751
27 19 29 -0.12777 -0.291807 0.0618874 0.32451
28 19 29 -0.118002 -0.321334 0.0671131 0.348832
29 19 29 -0.102047 -0.347356 0.0716116 0.36905
30 19 29 -0.0799688 -0.367401 0.0751108 0.383432
31 19 29 -0.0529457 -0.379127 0.0773873 0.39055
32 19 29 -0.0219164 -0.382294 0.0787461 0.390935
33 19 29 0.0885925 -0.362464 0.0756424 0.380723
34 19 29 0.726909 -0.184888 0.0365412 0.750943
35 19 29 2.41418 0.113509 -0.0723972 2.41793
36 19 29 -1.06316 -0.0128071 0.0328714 1.06375
37 19 29 0.0772844 -0.0029508 -0.00953067 0.0779258
38 19 29 0.00703321 0.00033874 0.00347546 0.00785236
39 19 29 0.0258461 0 0 0.0258461
1 19 30 -0.0107521 -0.000405009 -0.000391332 0.0107668
2 19 30 0.00248378 0.000177742 0.000710308 0.00258946
3 19 30 0.00559839 0.00146231 -0.000378771 0.00579861
4 19 30 -0.0805267 -0.00378874 -0.00134754 0.080627
5 19 30 -0.117312 -0.0131742 0.000788222 0.118052
6 19 30 -0.0732892 -0.0175197 0.00297163 0.0754127
7 19 30 -0.0233363 -0.0193394 0.00392268 0.0305611
8 19 30 -0.0310209 -0.0208916 0.00491101 0.037721
9 19 30 -0.0335071 -0.0227519 0.00600297 0.040944
10 19 30 -0.0364463 -0.025153 0.00732224 0.0448845
11 19 30 -0.0398882 -0.0282044 0.00889848 0.0496562
12 19 30 -0.0438091 -0.0320773 0.0107046 0.0553424
13 19 30 -0.0482492 -0.0368287 0.0126762 0.0620083
14 19 30 -0.053145 -0.0425787 0.0147904 0.0696857
15 19 30 -0.0584096 -0.0493741 0.0168894 0.0783245
16 19 30 -0.0641104 -0.0575115 0.0185364 0.0880983
17 19 30 -0.0707456 -0.0672829 0.020787 0.09982
18 19 30 -0.0781004 -0.0789683 0.0237189 0.11357
19 19 30 -0.0857853 -0.0924479 0.0269338 0.128962
20 19 30 -0.0936179 -0.107428 0.0300025 0.14562
21 19 30 -0.101711 -0.125293 0.0342996 0.164985
22 19 30 -0.109359 -0.14557 0.0393747 0.18628
23 19 30 -0.116051 -0.168248 0.0446726 0.209215
24 19 30 -0.121408 -0.193164 0.0498751 0.233537
25 19 30 -0.124965 -0.220202 0.0559254 0.259293
26 19 30 -0.125284 -0.248869 0.0623523 0.285517
27 19 30 -0.121236 -0.277925 0.0686887 0.310899
28 19 30 -0.11195 -0.305801 0.0745777 0.334079
29 19 30 -0.0968704 -0.330413 0.0796059 0.353403
30 19 30 -0.0760367 -0.349469 0.0833849 0.367237
31 19 30 -0.0504892 -0.360815 0.085708 0.374276
32 19 30 -0.0206504 -0.364287 0.0869566 0.37509
33 19 30 0.0842932 -0.346526 0.0827085 0.366096
34 19 30 0.683495 -0.181181 0.0391771 0.708185
35 19 30 2.30098 0.114981 -0.0736682 2.30503
36 19 30 -0.954431 -0.014985 0.0337964 0.955146
37 19 30 0.0323147 -0.00242325 -0.0099976 0.0339126
38 19 30 0.0219967 0.000303247 0.00367836 0.0223042
39 19 30 0.0207582 0 0 0.0207582
1 19 31 -0.0115855 -0.00041626 -0.000346917 0.0115981
2 19 31 0.00374005 0.000167698 0.000850725 0.00383925
3 19 31 0.00437544 0.00139576 -0.000462395 0.00461589
4 19 31 -0.0815764 -0.00385607 -0.00155103 0.0816822
5 19 31 -0.115038 -0.0127927 0.000578718 0.115748
6 19 31 -0.0705176 -0.016925 0.00324898 0.072593
7 19 31 -0.022547 -0.0186461 0.00400329 0.0295308
8 19 31 -0.0300394 -0.0201309 0.00508264 0.0365165
9 19 31 -0.0322509 -0.0219165 0.00637363 0.0395104
10 19 31 -0.0349079 -0.0242022 0.00784292 0.0431951
11 19 31 -0.0380898 -0.0270831 0.00951976 0.0476965
12 19 31 -0.041774 -0.0307626 0.0114175 0.0531203
13 19 31 -0.0460113 -0.0352968 0.0134598 0.0595321
14 19 31 -0.0507776 -0.0408293 0.0156023 0.0669988
15 19 31 -0.0560243 -0.0474713 0.0178286 0.0755653
16 19 31 -0.0617929 -0.0553481 0.0200524 0.0853456
17 19 31 -0.0681858 -0.0647537 0.0225714 0.0967048
18 19 31 -0.0751238 -0.0758594 0.0255271 0.109772
19 19 31 -0.0824369 -0.0885947 0.0288536 0.124408
20 19 31 -0.0898642 -0.103133 0.0325516 0.140611
21 19 31 -0.0972233 -0.119932 0.0369963 0.15876
22 19 31 -0.104203 -0.138991 0.0420943 0.178742
23 19 31 -0.110381 -0.160273 0.0477187 0.200371
24 19 31 -0.115251 -0.183629 0.0537994 0.223376
25 19 31 -0.118169 -0.208963 0.0604397 0.247553
26 19 31 -0.118096 -0.235654 0.0674164 0.272074
27 19 31 -0.114068 -0.262653 0.0743661 0.295852
28 19 31 -0.105281 -0.288594 0.0808647 0.317663
29 19 31 -0.0911995 -0.311563 0.0863973 0.335936
30 19 31 -0.0718677 -0.329515 0.0904815 0.349188
31 19 31 -0.04816 -0.340493 0.0928262 0.356191
32 19 31 -0.019701 -0.344403 0.0938708 0.35751
33 19 31 0.0788456 -0.329225 0.0884555 0.3499
34 19 31 0.636675 -0.178843 0.0415429 0.66262
35 19 31 2.18502 0.117816 -0.0740602 2.18945
36 19 31 -0.844847 -0.0173846 0.0342855 0.845721
37 19 31 -0.0135166 -0.00187093 -0.0103771 0.017143
38 19 31 0.0375489 0.000258465 0.00383177 0.0377448
39 19 31 0.0154349 0 0 0.0154349
1 19 32 -0.0123262 -0.000413219 -0.00024998 0.0123356
2 19 32 0.00507489 0.000152441 0.00101992 0.00517861
3 19 32 0.00272138 0.0012759 -0.0007358 0.00309439
4 19 32 -0.082555 -0.00394331 -0.00183438 0.0826695
5 19 32 -0.112182 -0.0123043 0.000861829 0.112858
6 19 32 -0.0665476 -0.0161717 0.00475173 0.068649
7 19 32 -0.0221 -0.0177391 0.00504145 0.0287837
8 19 32 -0.0286225 -0.0190783 0.00644431 0.0349965
9 19 32 -0.0304101 -0.0207297 0.00835276 0.0377394
10 19 32 -0.0327781 -0.0228695 0.0105111 0.0413267
11 19 32 -0.0356872 -0.0255532 0.0128508 0.045735
12 19 32 -0.03909 -0.0289892 0.0154144 0.0510491
13 19 32 -0.0430427 -0.0332382 0.0181863 0.0573427
14 19 32 -0.0475509 -0.0384626 0.0211268 0.0647055
15 19 32 -0.0526059 -0.044816 0.0242921 0.0732527
16 19 32 -0.0582007 -0.0523277 0.0276764 0.083015
17 19 32 -0.0642749 -0.0612467 0.0313809 0.0941657
18 19 32 -0.0707665 -0.0717046 0.0355664 0.106838
19 19 32 -0.0775653 -0.0836105 0.0402775 0.120952
20 19 32 -0.0843785 -0.0971845 0.0456193 0.136549
21 19 32 -0.0909332 -0.112676 0.0517902 0.153776
22 19 32 -0.0970173 -0.130136 0.0588029 0.172643
23 19 32 -0.102303 -0.149498 0.0666849 0.193035
24 19 32 -0.10632 -0.170619 0.0754087 0.214712
25 19 32 -0.10845 -0.19338 0.0848427 0.237393
26 19 32 -0.107891 -0.217182 0.0947519 0.260358
27 19 32 -0.103865 -0.241212 0.104739 0.282739
28 19 32 -0.0956475 -0.264334 0.114257 0.303439
29 19 32 -0.082805 -0.284888 0.122623 0.321021
30 19 32 -0.0655476 -0.301155 0.129016 0.334119
31 19 32 -0.0447964 -0.311428 0.132508 0.341398
32 19 32 -0.0189807 -0.315754 0.133286 0.343258
33 19 32 0.0708244 -0.303828 0.125192 0.336156
34 19 32 0.57648 -0.173461 0.0649248 0.605503
35 19 32 2.0384 0.120162 -0.0814323 2.04356
36 19 32 -0.727764 -0.0196538 0.0343932 0.728841
37 19 32 -0.0593703 -0.00132415 -0.0103026 0.0602722
38 19 32 0.0530873 0.000197936 0.00387128 0.0532287
39 19 32 0.00999712 0 0 0.00999712
1 19 33 -0.0126837 -0.000403299 8.80261e-05 0.0126904
2 19 33 0.00618707 0.000126422 0.0011387 0.00629226
3 19 33 -0.000781998 0.00101232 -0.00241857 0.00273601
4 19 33 -0.0827129 -0.00395836 -0.00273438 0.0828527
5 19 33 -0.104737 -0.0111465 0.0045109 0.105425
6 19 33 -0.0578193 -0.0144017 0.0132889 0.0610498
7 19 33 -0.0264674 -0.0156338 0.0091734 0.0320794
8 19 33 -0.0226157 -0.0166455 0.0154486 0.0320499
9 19 33 -0.024822 -0.017915 0.0214428 0.0373747
10 19 33 -0.0272982 -0.0196182 0.0274569 0.0434045
11 19 33 -0.0299778 -0.0217891 0.0337363 0.0501156
12 19 33 -0.0328927 -0.0246097 0.0405252 0.0577049
13 19 33 -0.0361636 -0.0281137 0.0479929 0.0663439
14 19 33 -0.0398376 -0.0324352 0.0562 0.0761414
15 19 33 -0.0439653 -0.037744 0.065302 0.0873036
16 19 33 -0.0485544 -0.044004 0.075396 0.0998922
17 19 33 -0.0534714 -0.0513785 0.0865972 0.114009
18 19 33 -0.0586149 -0.0599688 0.0991445 0.129852
19 19 33 -0.0638786 -0.0696168 0.113221 0.147466
20 19 33 -0.0689531 -0.0804201 0.129066 0.166973
21 19 33 -0.0735129 -0.0924599 0.146935 0.188528
22 19 33 -0.077386 -0.105687 0.16698 0.212228
23 19 33 -0.0803762 -0.119961 0.18933 0.238111
24 19 33 -0.082182 -0.135114 0.213919 0.266028
25 19 33 -0.0824032 -0.151011 0.240409 0.29562
26 19 33 -0.0805498 -0.167236 0.26826 0.32622
27 19 33 -0.0760742 -0.183376 0.296641 0.356946
28 19 33 -0.0683641 -0.198789 0.324528 0.386664
29 19 33 -0.0570742 -0.212517 0.350841 0.414138
30 19 33 -0.0425642 -0.223633 0.374356 0.438139
31 19 33 -0.026346 -0.231124 0.393209 0.456865
32 19 33 -0.0141968 -0.235313 0.398238 0.462782
33 19 33 0.0353547 -0.228827 0.36266 0.430273
34 19 33 0.43597 -0.138775 0.22218 0.508618
35 19 33 1.68066 0.109852 -0.135405 1.68968
36 19 33 -0.557504 -0.019769 0.0335944 0.558865
37 19 33 -0.101687 -0.000907272 -0.00750466 0.101968
38 19 33 0.0653841 0.000123641 0.00341441 0.0654733
39 19 33 0.00494155 0 0 0.00494155
1 19 34 -0.012049 -0.000381346 0.000952892 0.0120926
2 19 34 0.00634484 8.27246e-05 0.00101992 0.00642683
3 19 34 -0.0077378 0.000494358 -0.00594014 0.00976746
4 19 34 -0.0775878 -0.00359917 -0.000986006 0.0776775
5 19 34 -0.0835892 -0.00815476 0.0198757 0.0863059
6 19 34 -0.0418877 -0.0099281 0.0360039 0.0561198
7 19 34 -0.0166302 -0.0103702 0.0460628 0.0500588
8 19 34 -0.0127765 -0.010629 0.0560561 0.0584679
9 19 34 -0.0133418 -0.0109751 0.0677005 0.0698699
10 19 34 -0.0139357 -0.0115155 0.0813389 0.0833236
11 19 34 -0.0145962 -0.0122404 0.0970875 0.0989386
12 19 34 -0.0153705 -0.0132824 0.115062 0.116842
13 19 34 -0.0163552 -0.014638 0.135422 0.137189
14 19 34 -0.0175541 -0.0163673 0.158247 0.160057
15 19 34 -0.0190039 -0.018601 0.183737 0.185651
16 19 34 -0.0207186 -0.0212479 0.212082 0.214148
17 19 34 -0.0225303 -0.0243467 0.243475 0.245724
18 19 34 -0.0242683 -0.0279146 0.278233 0.280681
19 19 34 -0.0257838 -0.0316894 0.316674 0.319299
20 19 34 -0.026759 -0.035528 0.359192 0.361935
21 19 34 -0.0268461 -0.0392135 0.406191 0.408961
22 19 34 -0.0259049 -0.0424251 0.458004 0.460694
23 19 34 -0.0239248 -0.0448057 0.514836 0.517335
24 19 34 -0.0210027 -0.0460372 0.576434 0.57865
25 19 34 -0.0174208 -0.0459483 0.641846 0.643724
26 19 34 -0.0136575 -0.0444619 0.709196 0.71072
27 19 34 -0.0102932 -0.0418897 0.775398 0.776597
28 19 34 -0.00785509 -0.0387609 0.836224 0.837159
29 19 34 -0.00676961 -0.0358302 0.886756 0.887505
30 19 34 -0.00721202 -0.0341499 0.922241 0.922901
31 19 34 -0.0090982 -0.0346715 0.939523 0.940207
32 19 34 -0.0148342 -0.0390632 0.93892 0.939849
33 19 34 -0.0152555 -0.0487812 0.888476 0.889945
34 19 34 0.133439 -0.0385388 0.586141 0.602372
35 19 34 0.867082 0.0713504 -0.227456 0.899254
36 19 34 -0.303888 -0.0143874 0.0249492 0.305249
37 19 34 -0.126328 -0.000816825 0.00154671 0.12634
38 19 34 0.0670324 2.92072e-05 0.00180497 0.0670567
39 19 34 0.00141463 0 0 0.00141463
1 19 35 -0.00978275 -0.000336887 0.00245826 0.0100925
2 19 35 0.00497024 3.0711e-05 0.000978371 0.00506571
3 19 35 -0.0109858 9.70685e-05 -0.00225309 0.0112149
4 19 35 -0.0448819 -0.00167011 0.0301975 0.0541209
5 19 35 -0.0320096 -0.00261777 0.0807559 0.0869079
6 19 35 -0.0083394 -0.00225537 0.113039 0.113369
7 19 35 0.00331042 -0.00129066 0.13176 0.131808
8 19 35 0.00660289 -6.4706e-05 0.149909 0.150054
9 19 35 0.00879158 0.00141328 0.170718 0.17095
10 19 35 0.0113359 0.00313753 0.194633 0.194988
11 19 35 0.0141811 0.00519333 0.22204 0.222553
12 19 35 0.0172449 0.00752844 0.25329 0.253988
13 19 35 0.0203607 0.0101647 0.288719 0.289614
14 19 35 0.0234188 0.0130793 0.328454 0.329548
15 19 35 0.0262356 0.0161389 0.372509 0.373781
16 19 35 0.0285648 0.0193412 0.42066 0.422072
17 19 35 0.0302652 0.0225634 0.472362 0.473868
18 19 35 0.0311969 0.0256032 0.526776 0.52832
19 19 35 0.0311839 0.0283965 0.582685 0.58421
20 19 35 0.0301886 0.0307575 0.638585 0.640037
21 19 35 0.0282944 0.0325266 0.692713 0.694053
22 19 35 0.0255649 0.0336086 0.743207 0.744406
23 19 35 0.0221367 0.0339666 0.788336 0.789378
24 19 35 0.0182587 0.0336582 0.826667 0.827554
25 19 35 0.0142216 0.0328138 0.857368 0.858113
26 19 35 0.0103229 0.0316853 0.880391 0.881021
27 19 35 0.0068379 0.0305226 0.896522 0.897068
28 19 35 0.00397202 0.0296909 0.907338 0.907832
29 19 35 0.00179146 0.0295691 0.914937 0.915416
30 19 35 0.000274459 0.030456 0.921519 0.922022
31 19 35 -0.000705779 0.0326821 0.929092 0.929667
32 19 35 -0.00440247 0.0360336 0.938831 0.939533
33 19 35 -0.032013 0.0373111 0.921404 0.922714
34 19 35 -0.0904385 0.0294922 0.696809 0.703272
35 19 35 0.0176457 0.0277295 -0.153203 0.156689
36 19 35 -0.153232 -0.00579584 -0.00349206 0.153382
37 19 35 -0.107572 -0.000997323 0.0163082 0.108806
38 19 35 0.0508797 -0.000102696 -0.00109842 0.0508916
39 19 35 0.000720273 0 0 0.000720273
1 19 36 -0.00606248 -0.000293543 0.00407698 0.00731174
2 19 36 0.00505147 2.33827e-05 0.00412206 0.00651992
3 19 36 0.011446 0.000659603 0.0266346 0.0289974
4 19 36 0.0243601 0.00146409 0.0962156 0.0992622
5 19 36 0.0238803 0.00194398 0.152596 0.154466
6 19 36 0.00986078 0.00172024 0.171278 0.171571
7 19 36 0.00113072 0.00112132 0.169467 0.169474
8 19 36 -0.00110631 0.000450701 0.162005 0.162009
9 19 36 -0.00218601 -0.000240111 0.151095 0.151111
10 19 36 -0.00328575 -0.000978336 0.136358 0.136401
11 19 36 -0.00435247 -0.00170019 0.117526 0.117619
12 19 36 -0.0053205 -0.00241517 0.0944639 0.0946444
13 19 36 -0.00617892 -0.00308456 0.0672764 0.0676299
14 19 36 -0.00685391 -0.00366835 0.0362267 0.0370514
15 19 36 -0.00729321 -0.0041935 0.00181932 0.00860733
16 19 36 -0.00750231 -0.00459318 -0.0352147 0.0362968
17 19 36 -0.00744655 -0.00484252 -0.0739479 0.0744795
18 19 36 -0.00710867 -0.00496324 -0.113281 0.113612
19 19 36 -0.00653833 -0.00489515 -0.152039 0.152258
20 19 36 -0.00576003 -0.00466855 -0.188994 0.18914
21 19 36 -0.00477426 -0.00432293 -0.223006 0.223099
22 19 36 -0.00365603 -0.00388721 -0.253086 0.253143
23 19 36 -0.0024907 -0.00339639 -0.278478 0.278509
24 19 36 -0.00133685 -0.00287602 -0.298754 0.298771
25 19 36 -0.000251214 -0.00237288 -0.313809 0.313818
26 19 36 0.000727025 -0.00193178 -0.323894 0.323901
27 19 36 0.0015726 -0.0016288 -0.329558 0.329566
28 19 36 0.00227259 -0.00149807 -0.331542 0.331553
29 19 36 0.00282655 -0.00157841 -0.330688 0.330704
30 19 36 0.0032729 -0.00191277 -0.327802 0.327823
31 19 36 0.00365403 -0.00248664 -0.323481 0.323512
32 19 36 0.00420024 -0.0032915 -0.314852 0.314897
33 19 36 0.00656037 -0.00378938 -0.276236 0.27634
34 19 36 0.0120794 -0.00268734 -0.173673 0.174114
35 19 36 0.0155192 -0.000145862 -0.175801 0.176484
36 19 36 -0.0216125 -0.00217558 -0.0444078 0.0494357
37 19 36 -0.0416966 -0.000956561 0.0220834 0.0471932
38 19 36 0.0263081 -0.000252897 -0.00333876 0.0265203
39 19 36 0.00230107 0 0 0.00230107
1 19 37 -0.00301562 -0.000321732 0.00430223 0.00526371
2 19 37 -0.000171151 -0.000325862 -0.000771059 0.000854407
3 19 37 -0.00270424 -0.000376559 -0.0149744 0.0152213
4 19 37 -0.00494531 -0.000521279 -0.0444416 0.0447189
5 19 37 -0.00387818 -0.000624748 -0.0724125 0.072519
6 19 37 -0.00127845 -0.000617347 -0.0837607 0.0837727
7 19 37 0.000126232 -0.000559817 -0.0849316 0.0849335
8 19 37 0.000390279 -0.000480377 -0.0835209 0.0835232
9 19 37 0.000427015 -0.000386652 -0.0809303 0.0809323
10 19 37 0.00040276 -0.000316629 -0.0772133 0.077215
11 19 37 0.000325594 -0.000254622 -0.0724575 0.0724587
12 19 37 0.000221771 -0.000216672 -0.0668157 0.0668165
13 19 37 7.704e-05 -0.00019726 -0.0604523 0.0604527
14 19 37 -9.44571e-05 -0.000182924 -0.0535816 0.053582
15 19 37 -0.000275439 -0.000198789 -0.0464489 0.0464501
16 19 37 -0.000471276 -0.000227864 -0.0393237 0.0393272
17 19 37 -0.00066671 -0.000268179 -0.0324772 0.0324851
18 19 37 -0.00084859 -0.000335081 -0.0261678 0.0261837
19 19 37 -0.00102987 -0.000393347 -0.0206419 0.0206713
20 19 37 -0.00120055 -0.000452595 -0.0160928 0.0161439
21 19 37 -0.00132656 -0.00052474 -0.0126766 0.0127566
22 19 37 -0.00141296 -0.000606066 -0.010478 0.0105902
23 19 37 -0.00147036 -0.000689277 -0.0095109 0.00964853
24 19 37 -0.00149573 -0.000759867 -0.00973606 0.00987955
25 19 37 -0.00148874 -0.000816229 -0.0110439 0.0111736
26 19 37 -0.00144448 -0.000855204 -0.0132976 0.0134031
27 19 37 -0.00136542 -0.000881952 -0.0163254 0.0164061
28 19 37 -0.00125676 -0.000886216 -0.0199455 0.0200047
29 19 37 -0.00112478 -0.000866852 -0.0240059 0.0240478
30 19 37 -0.000977565 -0.000825824 -0.0283807 0.0284095
31 19 37 -0.000836235 -0.000753085 -0.0329919 0.0330111
32 19 37 -0.000546038 -0.000679542 -0.0378639 0.037874
33 19 37 0.000760389 -0.000608157 -0.0438074 0.0438182
34 19 37 0.00397824 -0.000563314 -0.0520261 0.052181
35 19 37 0.00852218 -0.000570622 -0.059093 0.0597071
36 19 37 0.0081552 -0.000665584 -0.0293892 0.030507
37 19 37 0.000187582 -0.000632419 0.0126652 0.0126824
38 19 37 0.0113081 -0.000328472 -0.00262455 0.0116133
39 19 37 0.00335926 0 0 0.00335926
1 19 38 -0.000595226 -0.000338882 0.00548667 0.00552926
2 19 38 0.000779265 -0.000518147 0.00697319 0.0070357
3 19 38 0.00105325 -0.00071203 0.0109204 0.0109941
4 19 38 0.000652119 -0.000848101 0.0164922 0.0165269
5 19 38 -0.00010469 -0.000910903 0.0201256 0.0201465
6 19 38 -0.000696036 -0.000914604 0.0204939 0.0205261
7 19 38 -0.000926976 -0.0008928 0.019162 0.0192051
8 19 38 -0.000938931 -0.000855178 0.0175146 0.0175606
9 19 38 -0.000897344 -0.000800032 0.0158488 0.0158943
10 19 38 -0.000843151 -0.000742754 0.0142442 0.0142885
11 19 38 -0.000780256 -0.000678392 0.0127828 0.0128245
12 19 38 -0.000699654 -0.000613372 0.0115247 0.0115622
13 19 38 -0.000609221 -0.000547196 0.0105241 0.010556
14 19 38 -0.000511186 -0.000474195 0.00982524 0.00984995
15 19 38 -0.000405992 -0.000402996 0.00946004 0.00947732
16 19 38 -0.000300141 -0.000328422 0.00944192 0.0094524
17 19 38 -0.000192646 -0.000252584 0.00977426 0.00977942
18 19 38 -8.49676e-05 -0.000183672 0.0104494 0.0104514
19 19 38 1.05323e-05 -0.000108382 0.0114455 0.011446
20 19 38 9.25553e-05 -3.20973e-05 0.0127322 0.0127326
21 19 38 0.000171912 3.77139e-05 0.0142612 0.0142623
22 19 38 0.000242846 0.00010063 0.0159847 0.0159869
23 19 38 0.00029778 0.00015748 0.0178506 0.0178538
24 19 38 0.000336425 0.000211096 0.0197981 0.019802
25 19 38 0.00035905 0.000259137 0.0217712 0.0217757
26 19 38 0.000369273 0.000301456 0.0237085 0.0237133
27 19 38 0.000367593 0.000336043 0.0255598 0.0255647
28 19 38 0.000355662 0.000364932 0.0272785 0.0272833
29 19 38 0.000335079 0.000386675 0.0288234 0.0288279
30 19 38 0.000304822 0.00039957 0.0301744 0.0301786
31 19 38 0.000263082 0.000404568 0.0313213 0.031325
32 19 38 0.000196872 0.000388022 0.0320738 0.0320768
33 19 38 2.9459e-05 0.000344302 0.0313099 0.0313118
34 19 38 -0.000316429 0.000257977 0.0269392 0.0269423
35 19 38 -0.0006811 0.000109452 0.0175926 0.0176062
36 19 38 -0.000541908 -8.10941e-05 0.00871459 0.0087318
37 19 38 0.000162366 -0.000254455 0.00863076 0.00863604
38 19 38 0.00271515 -0.000221594 0.000130427 0.00272729
39 19 38 0.00198387 0 0 0.00198387
1 19 39 0 0 0.00558404 0.00558404
2 19 39 0 0 0.00597887 0.00597887
3 19 39 0 0 0.00570413 0.00570413
4 19 39 0 0 0.00558847 0.00558847
5 19 39 0 0 0.00608966 0.00608966
6 19 39 0 0 0.00710604 0.00710604
7 19 39 0 0 0.00829429 0.00829429
8 19 39 0 0 0.00943931 0.00943931
9 19 39 0 0 0.0104933 0.0104933
10 19 39 0 0 0.0114371 0.0114371
11 19 39 0 0 0.0122601 0.0122601
12 19 39 0 0 0.0129525 0.0129525
13 19 39 0 0 0.0135047 0.0135047
14 19 39 0 0 0.0139113 0.0139113
15 19 39 0 0 0.0141711 0.0141711
16 19 39 0 0 0.0142829 0.0142829
17 19 39 0 0 0.0142489 0.0142489
18 19 39 0 0 0.0140742 0.0140742
19 19 39 0 0 0.0137683 0.0137683
20 19 39 0 0 0.0133413 0.0133413
21 19 39 0 0 0.012802 0.012802
22 19 39 0 0 0.0121661 0.0121661
23 19 39 0 0 0.0114503 0.0114503
24 19 39 0 0 0.0106705 0.0106705
25 19 39 0 0 0.0098456 0.0098456
26 19 39 0 0 0.00899301 0.00899301
27 19 39 0 0 0.00813238 0.00813238
28 19 39 0 0 0.00728031 0.00728031
29 19 39 0 0 0.00645333 0.00645333
30 19 39 0 0 0.00566899 0.00566899
31 19 39 0 0 0.004937 0.004937
32 19 39 0 0 0.00428202 0.00428202
33 19 39 0 0 0.00380804 0.00380804
34 19 39 0 0 0.00368548 0.00368548
35 19 39 0 0 0.00393028 0.00393028
36 19 39 0 0 0.00408742 0.00408742
37 19 39 0 0 0.00370237 0.00370237
38 19 39 0 0 0.00109953 0.00109953
39 19 39 0 0 0 0
