26 1 2 -8.39713e-06 -0.0012376 0.00010594 0.00124215
26 2 2 -8.95466e-05 -0.000502039 -0.00141051 0.00149987
26 3 2 -0.0002376 -0.00195917 0.00304857 0.00363161
26 4 2 -0.000529566 -0.00200524 0.00914866 0.0093808
26 5 2 -0.000753983 -0.00108131 0.0155675 0.0156232
26 6 2 -0.000858727 -0.000410702 0.0177037 0.0177293
26 7 2 -0.000877599 -0.000171369 0.015394 0.0154199
26 8 2 -0.000845158 -0.000165367 0.0117446 0.0117762
26 9 2 -0.000800399 -0.000183061 0.0079424 0.00798473
26 10 2 -0.000751496 -0.000172748 0.00385425 0.00393063
26 11 2 -0.000705439 -0.000218144 -0.000110607 0.000746635
26 12 2 -0.000638737 -0.000223247 -0.00425767 0.0043111
26 13 2 -0.000589808 -0.000285117 -0.00823684 0.00826285
26 14 2 -0.000529672 -0.000359307 -0.011998 0.0120151
26 15 2 -0.000441711 -0.000384689 -0.0157998 0.0158107
26 16 2 -0.000384661 -0.000470536 -0.0191415 0.0191511
26 17 2 -0.000301705 -0.000533097 -0.0222364 0.0222448
26 18 2 -0.000207882 -0.000592792 -0.0249816 0.0249895
26 19 2 -0.000120398 -0.000636007 -0.0272942 0.0273018
26 20 2 -2.65006e-05 -0.000687131 -0.0291251 0.0291332
26 21 2 6.09523e-05 -0.000735374 -0.0304402 0.0304492
26 22 2 0.000153279 -0.00078378 -0.0312154 0.0312256
26 23 2 0.000232855 -0.000831288 -0.0314655 0.0314774
26 24 2 0.000311731 -0.000888103 -0.0311651 0.0311793
26 25 2 0.000397826 -0.000894274 -0.0304487 0.0304644
26 26 2 0.000460222 -0.000880142 -0.0291431 0.02916
26 27 2 0.000501645 -0.000895936 -0.0273908 0.0274101
26 28 2 0.000558654 -0.000865892 -0.0255062 0.025527
26 29 2 0.000619487 -0.000825907 -0.0232177 0.0232406
26 30 2 0.000631328 -0.000810679 -0.0206587 0.0206842
26 31 2 0.000665861 -0.000752306 -0.0181827 0.0182104
26 32 2 0.000697453 -0.00067957 -0.0154531 0.0154837
26 33 2 0.000719296 -0.000711905 -0.0127623 0.0128024
26 34 2 0.000714534 -0.000775679 -0.0109215 0.0109723
26 35 2 0.000611285 -0.000654083 -0.0103243 0.010363
26 36 2 0.000434105 0.000755566 -0.00855252 0.0085968
26 37 2 0.00034993 0.000538301 -0.00118308 0.00134607
26 38 2 0.000476056 -0.00332614 0.000595702 0.00341243
26 39 2 0.000525944 0 -0.00387157 0.00390713
26 0 3 0 0 0 0
26 1 3 7.39313e-06 -0.00277252 0.000134618 0.00277579
26 2 3 4.72522e-05 0.00396623 -0.00262058 0.00475402
26 3 3 0.000430106 0.00444233 -0.00123756 0.00463151
26 4 3 0.00068093 0.00504028 -0.0114062 0.0124888
26 5 3 0.00125154 0.00174488 -0.0349601 0.0350259
26 6 3 0.00160949 -0.00178467 -0.0472097 0.0472708
26 7 3 0.00175334 -0.00292002 -0.0479481 0.0480689
26 8 3 0.00181851 -0.00311909 -0.0446957 0.0448413
26 9 3 0.00183502 -0.00326356 -0.0412759 0.0414454
26 10 3 0.00184099 -0.003301 -0.0381375 0.0383243
26 11 3 0.00182721 -0.0033601 -0.0346177 0.0348283
26 12 3 0.0018175 -0.00333943 -0.0312112 0.0314419
26 13 3 0.00177001 -0.00331069 -0.0273426 0.0275992
26 14 3 0.00176007 -0.00320607 -0.0230495 0.0233379
26 15 3 0.00178825 -0.00301791 -0.0185077 0.0188372
26 16 3 0.00178937 -0.00286158 -0.0129773 0.013409
26 17 3 0.00186685 -0.00256347 -0.00704438 0.00772527
26 18 3 0.00195593 -0.00222405 -0.000463483 0.00299781
26 19 3 0.00204601 -0.00184953 0.00660991 0.00716225
26 20 3 0.00214038 -0.00145657 0.0139117 0.0141506
26 21 3 0.00223287 -0.0010286 0.0210177 0.021161
26 22 3 0.00231415 -0.000585319 0.0275146 0.0276179
26 23 3 0.00234965 -0.00012149 0.0328335 0.0329177
26 24 3 0.00234044 0.000277782 0.0365441 0.0366201
26 25 3 0.00229062 0.000661406 0.0379586 0.0380334
26 26 3 0.00218463 0.00108332 0.0370203 0.0371006
26 27 3 0.00197701 0.00142302 0.0337357 0.0338235
26 28 3 0.00171877 0.00167322 0.0279106 0.0280135
26 29 3 0.00146824 0.00188124 0.0202906 0.0204304
26 30 3 0.00111433 0.00204179 0.0115054 0.0117382
26 31 3 0.00073843 0.00219736 0.00179938 0.00293453
26 32 3 0.000320052 0.00228449 -0.00783218 0.00816483
26 33 3 -0.000125742 0.00161818 -0.0171769 0.0172534
26 34 3 -0.000531609 0.000106227 -0.0230545 0.0230609
26 35 3 -0.000770525 0.00128601 -0.0184116 0.0184726
26 36 3 -0.000603003 0.00817315 -0.00746402 0.0110849
26 37 3 -5.80592e-05 0.0017714 0.00381756 0.00420892
26 38 3 0.000468252 -0.0077019 0.00199733 0.00797044
26 39 3 0.000524318 0 -0.00257361 0.00262648
26 0 4 0 0 0 0
26 1 4 1.43406e-05 -0.0055468 4.0798e-05 0.00554697
26 2 4 -2.38674e-05 0.00498072 -0.00164541 0.00524552
26 3 4 0.000626076 -0.00642961 0.00144368 0.00661937
26 4 4 -0.000597872 -0.019174 0.0101324 0.0216949
26 5 4 -0.00103244 -0.0110004 0.00853457 0.0139611
26 6 4 -0.00127878 -0.00263347 0.0298692 0.0300123
26 7 4 -0.001113 5.00718e-05 0.0308826 0.0309026
26 8 4 -0.000785312 -2.26231e-05 0.0258248 0.0258368
26 9 4 -0.000388877 -0.000147662 0.0215674 0.0215714
26 10 4 0.000126293 -0.000126007 0.018232 0.0182329
26 11 4 0.000661859 -7.69465e-05 0.0166026 0.016616
26 12 4 0.00121777 0.000154455 0.0155288 0.0155772
26 13 4 0.00171961 0.000531382 0.015189 0.0152952
26 14 4 0.0021843 0.00108545 0.0146972 0.0148983
26 15 4 0.00251657 0.00175504 0.0131167 0.0134708
26 16 4 0.00263759 0.00245097 0.0102817 0.010894
26 17 4 0.00259773 0.00328439 0.00442954 0.0060956
26 18 4 0.00223683 0.0039495 -0.00457661 0.00644572
26 19 4 0.00161539 0.00441751 -0.0177393 0.0183523
26 20 4 0.000730198 0.00459262 -0.0354352 0.035739
26 21 4 -0.00034363 0.00438859 -0.0577359 0.0579035
26 22 4 -0.00154763 0.00370721 -0.0838662 0.0839623
26 23 4 -0.00278524 0.00262708 -0.112544 0.11261
26 24 4 -0.00396191 0.00109321 -0.141138 0.141197
26 25 4 -0.00498922 -0.000810792 -0.166708 0.166784
26 26 4 -0.00569829 -0.00275421 -0.185339 0.185447
26 27 4 -0.00614023 -0.00459437 -0.192695 0.192848
26 28 4 -0.00633027 -0.00611663 -0.186132 0.18634
26 29 4 -0.00616186 -0.0070266 -0.164675 0.16494
26 30 4 -0.00582585 -0.00739987 -0.130814 0.131153
26 31 4 -0.00532759 -0.0074278 -0.0921539 0.0926061
26 32 4 -0.00477517 -0.00714475 -0.0578147 0.0584499
26 33 4 -0.00417942 -0.00409013 -0.0300549 0.0306185
26 34 4 -0.00320785 0.00442325 -0.00842047 0.0100379
26 35 4 -0.00231866 0.0113876 -0.00398537 0.0122856
26 36 4 -0.00166566 0.0198647 -0.000865035 0.0199532
26 37 4 -0.000241438 -0.000958434 0.00423259 0.00434646
26 38 4 0.000510224 -0.0119954 0.00159845 0.0121122
26 39 4 0.000540455 0 -0.00119073 0.00130765
26 0 5 0 0 0 0
26 1 5 1.27547e-05 -0.00719443 -8.25307e-05 0.00719492
26 2 5 -0.00012815 0.0075684 -0.000497398 0.00758581
26 3 5 0.00105661 0.0010774 0.000503303 0.00159076
26 4 5 -0.00135151 -0.0226637 0.00821638 0.024145
26 5 5 -0.00102987 0.00886237 -0.0142726 0.0168318
26 6 5 -0.00136955 -0.00294529 0.00585612 0.0066966
26 7 5 -0.00151438 -0.00650016 0.0474994 0.047966
26 8 5 -0.00167306 -0.00566654 0.066765 0.0670259
26 9 5 -0.00189042 -0.00440967 0.0733703 0.073527
26 10 5 -0.00216564 -0.00308567 0.0716905 0.0717895
26 11 5 -0.00264062 -0.00195942 0.0665581 0.0666392
26 12 5 -0.00319023 -0.00102694 0.0594389 0.0595333
26 13 5 -0.00382072 -0.000485724 0.0526072 0.052748
26 14 5 -0.00446147 -0.000458194 0.0464372 0.0466533
26 15 5 -0.00507998 -0.00107752 0.0412908 0.0416161
26 16 5 -0.00557041 -0.00241302 0.0383322 0.0388099
26 17 5 -0.00581582 -0.00445044 0.0374785 0.0381873
26 18 5 -0.00583923 -0.00738475 0.0408865 0.0419564
26 19 5 -0.00534862 -0.0108416 0.0491534 0.0506183
26 20 5 -0.00437104 -0.0145813 0.0642429 0.0660218
26 21 5 -0.00277764 -0.0181542 0.0875926 0.0894972
26 22 5 -0.000593747 -0.0209956 0.12076 0.122573
26 23 5 0.00219592 -0.022105 0.163853 0.165352
26 24 5 0.00541427 -0.0205747 0.216444 0.217487
26 25 5 0.00866163 -0.0157711 0.275102 0.27569
26 26 5 0.011765 -0.00723307 0.332489 0.332776
26 27 5 0.0142664 0.00446444 0.377205 0.377501
26 28 5 0.0157097 0.017402 0.39134 0.392042
26 29 5 0.0160691 0.028278 0.353719 0.355211
26 30 5 0.0153107 0.0326388 0.248731 0.25133
26 31 5 0.0138423 0.0278863 0.0866042 0.0920301
26 32 5 0.0120264 0.0212198 -0.0454261 0.0515601
26 33 5 0.0100902 0.0177108 -0.00545307 0.0211002
26 34 5 0.00743731 0.00689346 -0.0132492 0.0166846
26 35 5 0.000381622 0.0102316 -0.00242534 0.0105221
26 36 5 -0.00203397 0.0262059 -0.000646119 0.0262927
26 37 5 -0.000131685 -0.00471859 0.00154119 0.00496565
26 38 5 0.000481366 -0.0144244 0.000918328 0.0144616
26 39 5 0.000550546 0 -9.52834e-05 0.000558731
26 0 6 0 0 0 0
26 1 6 7.05286e-06 -0.00754229 4.94465e-05 0.00754246
26 2 6 -0.000196073 0.00798362 0.000128985 0.00798707
26 3 6 0.00125734 0.00784366 7.23676e-05 0.00794413
26 4 6 -0.00179654 -0.0470191 0.00294256 0.0471454
26 5 6 -0.000140294 0.0312848 -0.00464842 0.0316285
26 6 6 0.000705783 0.0401175 -0.0339209 0.0525408
26 7 6 0.000736972 0.0134823 -0.0236928 0.0272702
26 8 6 0.000732604 0.00156883 0.178151 0.178159
26 9 6 0.000893023 -0.00521768 0.0545771 0.0548332
26 10 6 0.00117002 -0.00806217 0.0112307 0.0138743
26 11 6 0.00142816 -0.00848415 -0.00215152 0.00886845
26 12 6 0.00183674 -0.00771935 -0.00552472 0.00966874
26 13 6 0.00227412 -0.00665185 -0.00479752 0.00851087
26 14 6 0.00273706 -0.00560221 -0.00301126 0.00692415
26 15 6 0.00324008 -0.00460329 -0.00112848 0.00574124
26 16 6 0.00378695 -0.00350074 0.00118003 0.00529043
26 17 6 0.00430517 -0.00211825 0.00316237 0.00574648
26 18 6 0.00469723 -0.000257756 0.00594737 0.00758298
26 19 6 0.00511617 0.00268834 0.00828405 0.0101009
26 20 6 0.0052322 0.00685906 0.0110645 0.0140302
26 21 6 0.00511518 0.012633 0.0136113 0.019262
26 22 6 0.00453078 0.0198502 0.0162103 0.0260256
26 23 6 0.00348167 0.0279958 0.0178918 0.0334067
26 24 6 0.00196508 0.0356911 0.0192174 0.0405836
26 25 6 -0.00026587 0.039877 0.0219083 0.0454996
26 26 6 -0.0028893 0.0359602 0.0299748 0.0469038
26 27 6 -0.00552377 0.0177873 0.0556254 0.0586608
26 28 6 -0.00772561 -0.0203231 0.123297 0.125199
26 29 6 -0.0087285 -0.0770523 0.280082 0.290619
26 30 6 -0.00813872 -0.129789 0.608359 0.622103
26 31 6 -0.00579843 -0.104962 1.22382 1.22833
26 32 6 -0.00232985 0.0598266 2.21461 2.21542
26 33 6 0.00161139 0.0112103 -0.641774 0.641874
26 34 6 0.00938628 0.0177183 0.00923365 0.0220749
26 35 6 -0.000669413 0.00618848 0.00347065 0.00712677
26 36 6 -0.00222199 0.0301166 -0.00135912 0.0302291
26 37 6 2.36914e-05 -0.00649347 -0.000367216 0.00650389
26 38 6 0.000399643 -0.015096 0.000475302 0.0151088
26 39 6 0.00054571 0 0.000518739 0.000752921
26 0 7 0 0 0 0
26 1 7 5.96729e-06 -0.00735108 8.08794e-05 0.00735152
26 2 7 -0.00023322 0.00732876 0.000285302 0.00733802
26 3 7 0.00121509 0.0101186 0.000103428 0.0101918
26 4 7 -0.0017691 -0.0569626 0.000325803 0.056991
26 5 7 7.67334e-05 0.00506257 0.00258392 0.00568438
26 6 7 0.00140666 0.0519345 -0.0141267 0.0538399
26 7 7 0.00084325 0.215909 -0.225277 0.312038
26 8 7 0.000534449 -0.121552 -0.221933 0.25304
26 9 7 0.000371133 -0.0479182 -0.069408 0.0843431
26 10 7 0.000286356 -0.0215003 -0.0252832 0.0331901
26 11 7 0.000233876 -0.01139 -0.011614 0.0162687
26 12 7 0.000387059 -0.00710269 -0.00667931 0.00975762
26 13 7 0.000542777 -0.00502721 -0.00545276 0.0074364
26 14 7 0.000740821 -0.00374278 -0.00422644 0.00569386
26 15 7 0.00102181 -0.00269138 -0.00445078 0.00530067
26 16 7 0.00133127 -0.00155052 -0.00451517 0.00495612
26 17 7 0.00161256 -0.000145512 -0.00417061 0.00447387
26 18 7 0.00184542 0.00182027 -0.0045433 0.00523073
26 19 7 0.0021052 0.00477441 -0.00396001 0.00655046
26 20 7 0.00202925 0.00861823 -0.00440373 0.00988861
26 21 7 0.00188873 0.0138926 -0.00421828 0.0146412
26 22 7 0.00132341 0.0204855 -0.0050052 0.0211295
26 23 7 0.000255726 0.0280944 -0.00617917 0.028767
26 24 7 -0.00116174 0.0366872 -0.00818501 0.0376071
26 25 7 -0.00314729 0.0464522 -0.010682 0.0477684
26 26 7 -0.0054868 0.0596094 -0.0134041 0.0613437
26 27 7 -0.00785158 0.0832199 -0.016019 0.0851105
26 28 7 -0.00988859 0.134414 -0.0222011 0.136594
26 29 7 -0.0110163 0.248737 -0.0462426 0.253239
26 30 7 -0.0108061 0.48394 -0.133782 0.502207
26 31 7 -0.00861593 0.884832 -0.405226 0.973247
26 32 7 -0.00420722 -2.79698 -1.11288 3.01025
26 33 7 0.00269918 0.667294 0.208036 0.698976
26 34 7 0.0117617 0.0110399 -0.0159112 0.022658
26 35 7 -0.00187795 -0.00286135 0.00873085 0.00937773
26 36 7 -0.00211266 0.0325942 -0.00153282 0.0326985
26 37 7 0.000115983 -0.00673453 -0.000979868 0.00680643
26 38 7 0.000318491 -0.0147881 0.000311689 0.0147948
26 39 7 0.000529974 0 0.00076852 0.000933539
26 0 8 0 0 0 0
26 1 8 7.56572e-06 -0.00699283 7.45949e-05 0.00699324
26 2 8 -0.000257118 0.006494 0.000289771 0.00650554
26 3 8 0.00111048 0.00990871 0.000281104 0.00997471
26 4 8 -0.00153865 -0.0574923 -0.000300501 0.0575137
26 5 8 3.91766e-05 -0.00885217 0.00370614 0.00959676
26 6 8 0.0018935 -0.158421 -0.0024283 0.158451
26 7 8 0.00112815 0.219906 0.115171 0.248242
26 8 8 0.000805816 0.0306801 -0.0360907 0.0473757
26 9 8 0.000601854 -0.00349485 -0.0354584 0.0356353
26 10 8 0.000476767 -0.00767812 -0.0229651 0.0242194
26 11 8 0.000457407 -0.00668108 -0.0150195 0.0164448
26 12 8 0.00064478 -0.00536885 -0.0106847 0.0119751
26 13 8 0.000822244 -0.00436512 -0.00935302 0.0103542
26 14 8 0.00109954 -0.00348549 -0.00817549 0.00895524
26 15 8 0.00147928 -0.00261097 -0.00852773 0.00904033
26 16 8 0.00185839 -0.00154072 -0.00889513 0.00921687
26 17 8 0.00224526 -0.000153056 -0.00892434 0.00920372
26 18 8 0.0026221 0.00183136 -0.00991708 0.0104201
26 19 8 0.00295795 0.00472377 -0.0102046 0.0116275
26 20 8 0.00291395 0.00832679 -0.0111646 0.0142293
26 21 8 0.00287521 0.0131436 -0.012038 0.0180537
26 22 8 0.00240588 0.0190299 -0.0135993 0.0235131
26 23 8 0.00134154 0.0258269 -0.0152493 0.0300228
26 24 8 -9.66533e-05 0.0338311 -0.0180003 0.0383218
26 25 8 -0.00200517 0.043494 -0.0215631 0.0485872
26 26 8 -0.00423585 0.0565361 -0.0269633 0.0627798
26 27 8 -0.00653267 0.0768245 -0.0359643 0.0850771
26 28 8 -0.00854253 0.110105 -0.053947 0.122908
26 29 8 -0.00974794 0.160505 -0.0929481 0.185732
26 30 8 -0.00969274 0.212539 -0.176292 0.276308
26 31 8 -0.00766541 0.176262 -0.340211 0.383237
26 32 8 -0.00346883 -1.47604 -0.596442 1.59199
26 33 8 0.00328565 0.447946 0.196399 0.489121
26 34 8 0.0125293 0.0312478 -0.0390201 0.0515361
26 35 8 -0.00262677 -0.0151234 0.0120933 0.0195414
26 36 8 -0.0019813 0.0342481 -0.00125601 0.0343283
26 37 8 0.000168198 -0.00641371 -0.00110989 0.0065112
26 38 8 0.000252772 -0.0141303 0.000280374 0.0141353
26 39 8 0.000499915 0 0.000888342 0.00101935
26 0 9 0 0 0 0
26 1 9 7.18367e-06 -0.00662022 7.75112e-05 0.00662068
26 2 9 -0.000268141 0.00570062 0.000288344 0.0057142
26 3 9 0.00101343 0.00900013 0.000476052 0.00906951
26 4 9 -0.00128205 -0.0567452 -0.000792948 0.0567652
26 5 9 -2.80656e-05 -0.0118504 0.00459543 0.0127102
26 6 9 0.00227482 -0.0397936 0.0039711 0.0400559
26 7 9 0.00137677 0.0693521 0.0438021 0.082038
26 8 9 0.0011446 0.0309955 -0.00121652 0.0310405
26 9 9 0.000969731 0.00916575 -0.0137189 0.0165275
26 10 9 0.000869247 0.000288991 -0.0140835 0.0141133
26 11 9 0.000901109 -0.00277581 -0.0118779 0.0122312
26 12 9 0.0010991 -0.00370522 -0.00965028 0.0103954
26 13 9 0.00133281 -0.00382651 -0.00909544 0.00995719
26 14 9 0.00174548 -0.00352742 -0.00829691 0.00918304
26 15 9 0.00226005 -0.00296567 -0.00883578 0.00959031
26 16 9 0.00276517 -0.00202568 -0.00948543 0.0100858
26 17 9 0.00329526 -0.000738077 -0.00977218 0.0103392
26 18 9 0.00382323 0.00100408 -0.0112093 0.0118859
26 19 9 0.00440332 0.00369148 -0.0123066 0.013582
26 20 9 0.0046523 0.0072484 -0.013838 0.0162995
26 21 9 0.00474339 0.0118479 -0.0156414 0.0201873
26 22 9 0.00432057 0.0170837 -0.0176047 0.0249088
26 23 9 0.00339004 0.0231289 -0.0195628 0.0304818
26 24 9 0.00200761 0.0302197 -0.0230094 0.0380354
26 25 9 9.67625e-05 0.0382413 -0.027191 0.0469229
26 26 9 -0.00215109 0.0476114 -0.0336263 0.0583284
26 27 9 -0.00447539 0.0590724 -0.0443517 0.0740043
26 28 9 -0.00647213 0.0714555 -0.0628718 0.0953973
26 29 9 -0.0076786 0.0770806 -0.0948615 0.122471
26 30 9 -0.00770326 0.0492631 -0.144777 0.153123
26 31 9 -0.00592708 -0.0803719 -0.207501 0.222601
26 32 9 -0.00230978 -0.683054 -0.228363 0.72022
26 33 9 0.00339469 0.218419 0.135053 0.256822
26 34 9 0.0128704 0.0750128 -0.0417429 0.0868046
26 35 9 -0.00312204 -0.0284762 0.0141819 0.0319651
26 36 9 -0.00191577 0.0352448 -0.000805674 0.035306
26 37 9 0.000200541 -0.00587467 -0.0011773 0.00599484
26 38 9 0.000202983 -0.0133776 0.000245003 0.0133814
26 39 9 0.000454086 0 0.000994867 0.0010936
26 0 10 0 0 0 0
26 1 10 1.0674e-05 -0.00622377 7.36887e-05 0.00622421
26 2 10 -0.000260356 0.00504224 0.000263331 0.00505582
26 3 10 0.000916805 0.00767066 0.00065293 0.0077528
26 4 10 -0.00103495 -0.0550009 -0.00124427 0.0550247
26 5 10 -8.76306e-05 -0.00899307 0.00561046 0.0106
26 6 10 0.00256568 0.00111467 0.0066809 0.0072429
26 7 10 0.00155747 0.0249269 0.0186784 0.0311875
26 8 10 0.00140591 0.0180878 0.00367532 0.0185109
26 9 10 0.00125261 0.00887387 -0.00466809 0.0101047
26 10 10 0.00118987 0.00254137 -0.00781337 0.00830199
26 11 10 0.00127142 -0.000923142 -0.00838002 0.00852604
26 12 10 0.00150051 -0.00270073 -0.00778311 0.00837391
26 13 10 0.0018656 -0.00356039 -0.00808344 0.00902767
26 14 10 0.00247155 -0.00384293 -0.00777955 0.00902208
26 15 10 0.00319493 -0.00366774 -0.00864038 0.00991545
26 16 10 0.00395878 -0.00288426 -0.00969397 0.0108611
26 17 10 0.00468756 -0.00174163 -0.0101275 0.0112948
26 18 10 0.00534815 -0.000372158 -0.0119715 0.0131171
26 19 10 0.00632922 0.00200415 -0.0136538 0.0151823
26 20 10 0.00711472 0.00540753 -0.0157537 0.0181118
26 21 10 0.00745008 0.00996174 -0.0184978 0.0222914
26 22 10 0.00698006 0.0144826 -0.0206478 0.0261687
26 23 10 0.00630424 0.0196729 -0.0222566 0.0303664
26 24 10 0.00510038 0.0257772 -0.0263137 0.0371872
26 25 10 0.00307363 0.0316111 -0.03014 0.043785
26 26 10 0.000623676 0.0366653 -0.0357899 0.0512411
26 27 10 -0.00187662 0.0402737 -0.0449839 0.0604073
26 28 10 -0.00394819 0.0393901 -0.05888 0.0709508
26 29 10 -0.0051602 0.0265847 -0.078931 0.0834475
26 30 10 -0.00524485 -0.0132846 -0.10196 0.102956
26 31 10 -0.00378309 -0.101595 -0.116836 0.154876
26 32 10 -0.000915641 -0.319117 -0.0910058 0.331841
26 33 10 0.00350598 0.0486421 0.0715873 0.0866204
26 34 10 0.0127712 0.120594 -0.0319782 0.125414
26 35 10 -0.00336263 -0.0423198 0.0143924 0.0448265
26 36 10 -0.00189613 0.0352672 -0.000263639 0.0353191
26 37 10 0.000210126 -0.00531012 -0.00125776 0.00546109
26 38 10 0.000174032 -0.012585 0.000187452 0.0125876
26 39 10 0.000401297 0 0.00110046 0.00117135
26 0 11 0 0 0 0
26 1 11 1.86647e-05 -0.00577271 4.79136e-05 0.00577294
26 2 11 -0.000249059 0.00457713 0.000203742 0.00458843
26 3 11 0.000801227 0.00603917 0.000805261 0.00614508
26 4 11 -0.000814019 -0.0522578 -0.00161747 0.0522891
26 5 11 -0.000119142 -0.00422056 0.00678243 0.00798929
26 6 11 0.00273931 0.0142506 0.00732463 0.0162553
26 7 11 0.00158894 0.0106044 0.00936624 0.0142374
26 8 11 0.00147113 0.0095379 0.00326657 0.0101885
26 9 11 0.00136045 0.00598618 -0.00129389 0.0062737
26 10 11 0.00138397 0.00227441 -0.0041694 0.00494694
26 11 11 0.00154417 -0.00048574 -0.00558159 0.00581158
26 12 11 0.00183559 -0.00236268 -0.00580392 0.00652971
26 13 11 0.00234311 -0.00361381 -0.006639 0.00791367
26 14 11 0.0031113 -0.00436593 -0.00668905 0.00857234
26 15 11 0.00407822 -0.00461202 -0.00782799 0.00995891
26 16 11 0.00525137 -0.00401629 -0.00933504 0.011439
26 17 11 0.00626153 -0.00350846 -0.00927135 0.0117249
26 18 11 0.00733379 -0.00225481 -0.0132392 0.0153018
26 19 11 0.00887535 -0.000100505 -0.0122168 0.0151008
26 20 11 0.0103245 0.00265603 -0.0140941 0.0176718
26 21 11 0.011355 0.00766829 -0.017069 0.0218882
26 22 11 0.0108065 0.0122812 -0.0248949 0.0297886
26 23 11 0.0100518 0.0159277 -0.0219296 0.0289074
26 24 11 0.00924915 0.0219351 -0.0278029 0.0366019
26 25 11 0.00682697 0.0260481 -0.030177 0.0404446
26 26 11 0.00389929 0.0277978 -0.0341318 0.0441916
26 27 11 0.00104044 0.0265633 -0.0407307 0.0486382
26 28 11 -0.0012779 0.0199037 -0.0493838 0.0532592
26 29 11 -0.00266065 0.00354539 -0.0599582 0.0601219
26 30 11 -0.00293225 -0.0278877 -0.0682454 0.0737818
26 31 11 -0.00185431 -0.0761726 -0.0668213 0.101345
26 32 11 0.000328202 -0.155811 -0.0416983 0.161295
26 33 11 0.00368974 -0.0469258 0.0299728 0.0558033
26 34 11 0.0121924 0.154831 -0.018198 0.156373
26 35 11 -0.0033525 -0.0542634 0.0125679 0.0558007
26 36 11 -0.00190086 0.0347827 0.000383252 0.0348367
26 37 11 0.000186108 -0.00449195 -0.00128007 0.00467448
26 38 11 0.000152963 -0.0116489 0.000147228 0.0116509
26 39 11 0.000341612 0 0.00119593 0.00124377
26 0 12 0 0 0 0
26 1 12 2.42234e-05 -0.00531476 2.51265e-05 0.00531488
26 2 12 -0.000235378 0.00422974 0.00013624 0.00423847
26 3 12 0.000695869 0.00410343 0.000937911 0.00426638
26 4 12 -0.000589155 -0.048564 -0.00190458 0.0486049
26 5 12 -9.62385e-05 0.000221452 0.00800033 0.00800397
26 6 12 0.00280346 0.0176131 0.00710178 0.0191967
26 7 12 0.00150388 0.00531166 0.00563323 0.00788725
26 8 12 0.00143485 0.00483932 0.00249389 0.00563004
26 9 12 0.0014254 0.0033196 9.62975e-05 0.00361397
26 10 12 0.00155372 0.00112354 -0.00200922 0.00277729
26 11 12 0.0017768 -0.000939183 -0.00346632 0.0040068
26 12 12 0.00212013 -0.00265531 -0.00396371 0.00522079
26 13 12 0.00273541 -0.00403909 -0.00497148 0.00696508
26 14 12 0.00362631 -0.00507629 -0.0050755 0.00804237
26 15 12 0.0048498 -0.00573267 -0.00613607 0.00969719
26 16 12 0.00655307 -0.00452776 -0.00829937 0.0115032
26 17 12 0.00735312 -0.00776701 -0.00519392 0.01189
26 18 12 0.0108143 -0.00152453 0.000846773 0.010954
26 19 12 0.0105484 -0.00165581 0.000569784 0.0106928
26 20 12 0.0122361 -0.000485432 0.000457867 0.0122543
26 21 12 0.0140206 -0.00052257 0.000502692 0.0140393
26 22 12 0.0180845 0.0146969 0.000389809 0.0233067
26 23 12 0.0133144 0.010215 -0.014868 0.0224205
26 24 12 0.0144379 0.0192264 -0.0255268 0.0350674
26 25 12 0.0109387 0.0217482 -0.0257716 0.0354516
26 26 12 0.0072556 0.0211612 -0.0290334 0.0366522
26 27 12 0.00396139 0.017469 -0.0337821 0.0382373
26 28 12 0.00134704 0.00940554 -0.0386807 0.0398305
26 29 12 -0.000286756 -0.00484749 -0.0435154 0.0437855
26 30 12 -0.00084362 -0.02623 -0.0451156 0.0521934
26 31 12 -0.000236831 -0.0517174 -0.0400846 0.0654333
26 32 12 0.00130829 -0.0837697 -0.0230857 0.0869024
26 33 12 0.00386253 -0.0868611 0.00902924 0.0874146
26 34 12 0.0111725 0.17205 -0.00564376 0.172505
26 35 12 -0.00312759 -0.0629771 0.00919659 0.0637218
26 36 12 -0.00189938 0.0332493 0.00117206 0.0333241
26 37 12 0.000150004 -0.00377127 -0.00123802 0.00397211
26 38 12 0.000141527 -0.0107176 0.000116811 0.0107192
26 39 12 0.000273981 0 0.00127537 0.00130447
26 0 13 0 0 0 0
26 1 13 2.73661e-05 -0.00487211 1.02357e-05 0.0048722
26 2 13 -0.000206839 0.00402401 5.83813e-05 0.00402975
26 3 13 0.000611411 0.00202129 0.00102821 0.00234876
26 4 13 -0.000395368 -0.0438599 -0.00211875 0.0439128
26 5 13 -7.1268e-05 0.00354248 0.00915179 0.00981374
26 6 13 0.00273698 0.0177021 0.00673905 0.0191382
26 7 13 0.00133805 0.00297541 0.00404386 0.00519579
26 8 13 0.00134849 0.00224137 0.00213267 0.00337498
26 9 13 0.00143903 0.00136738 0.000862192 0.00216424
26 10 13 0.00162044 -6.32318e-05 -0.000633748 0.00174111
26 11 13 0.0018877 -0.00164787 -0.00187365 0.00312881
26 12 13 0.00230807 -0.00316735 -0.00234974 0.00456953
26 13 13 0.00303217 -0.0046027 -0.00323884 0.00639288
26 14 13 0.00404437 -0.00587821 -0.00312259 0.00778851
26 15 13 0.00546457 -0.00760175 -0.00361801 0.0100368
26 16 13 0.00814657 -0.00191139 0.00206073 0.00861781
26 17 13 0.00609924 -0.00206073 0.00129156 0.00656624
26 18 13 0.00129982 -0.0019506 0.000725564 0.00245373
26 19 13 0.000474593 -0.00106224 7.83221e-07 0.00116344
26 20 13 0.000922719 -0.00105041 0.00045452 0.00147015
26 21 13 0.00110911 -0.000910592 0.000330759 0.00147265
26 22 13 0.00108385 -0.000840444 0.000463908 0.00144786
26 23 13 0.012066 -0.00035164 0.000261546 0.012074
26 24 13 0.0192382 0.0189063 5.3361e-05 0.0269733
26 25 13 0.013617 0.0184582 -0.0190949 0.0298453
26 26 13 0.00972329 0.016843 -0.0220337 0.029389
26 27 13 0.00620812 0.0123968 -0.0257659 0.0292592
26 28 13 0.00335023 0.00468937 -0.0284811 0.0290583
26 29 13 0.00151032 -0.00653156 -0.0304858 0.0312142
26 30 13 0.000761787 -0.0207611 -0.0295906 0.0361553
26 31 13 0.000998371 -0.0351587 -0.0248275 0.0430527
26 32 13 0.00200961 -0.0512572 -0.0141155 0.0532032
26 33 13 0.0039314 -0.0931079 0.00152711 0.0932034
26 34 13 0.00982933 0.172593 0.00348817 0.172908
26 35 13 -0.00276091 -0.0671188 0.00505335 0.0673654
26 36 13 -0.00190582 0.0307852 0.00199668 0.0309087
26 37 13 9.88821e-05 -0.00290065 -0.0012511 0.0031605
26 38 13 0.00014231 -0.00960304 6.1832e-05 0.0096043
26 39 13 0.000199484 0 0.00135367 0.00136829
26 0 14 0 0 0 0
26 1 14 3.22601e-05 -0.00440524 -1.82029e-05 0.0044054
26 2 14 -0.000166794 0.00403757 -4.00873e-05 0.00404121
26 3 14 0.000521449 -6.50847e-05 0.0010914 0.00121132
26 4 14 -0.000275072 -0.0382526 -0.00221957 0.0383179
26 5 14 -5.5175e-05 0.00561625 0.0101967 0.0116413
26 6 14 0.00258075 0.0166606 0.0065877 0.0181007
26 7 14 0.00116118 0.00174214 0.00338401 0.00397931
26 8 14 0.00124309 0.000777633 0.00208607 0.00254984
26 9 14 0.00137869 0.000121867 0.00139792 0.00196718
26 10 14 0.00157035 -0.000949612 0.000369381 0.00187196
26 11 14 0.00190401 -0.00224429 -0.000554416 0.00299491
26 12 14 0.00240277 -0.00349819 -0.00091246 0.00434087
26 13 14 0.00309907 -0.00489096 -0.00154824 0.00599356
26 14 14 0.00403933 -0.00624317 -0.00134305 0.00755626
26 15 14 0.00524557 -0.00189849 0.00216454 0.00598377
26 16 14 0.000868767 -0.00200201 0.00202473 0.00297697
26 17 14 0.00122261 -0.00235441 0.0012451 0.00293058
26 18 14 0.00118897 -0.00225571 0.000471099 0.00259303
26 19 14 0.000801996 -0.00172775 -0.000295395 0.00192759
26 20 14 0.00119983 -0.00151244 0.000280048 0.00195077
26 21 14 0.0011723 -0.000840865 -0.000130748 0.0014486
26 22 14 0.00119412 -0.000637213 0.000499489 0.00144272
26 23 14 0.000720957 -0.000535196 0.000271542 0.000938055
26 24 14 0.000550243 -0.000297 -1.55588e-05 0.000625475
26 25 14 0.0139854 0.0153391 -9.22423e-05 0.0207578
26 26 14 0.0107491 0.013404 -0.0151592 0.0229131
26 27 14 0.00754598 0.00945102 -0.0178802 0.0215863
26 28 14 0.00457308 0.00280081 -0.019372 0.0201006
26 29 14 0.00254213 -0.00591619 -0.0202846 0.0212822
26 30 14 0.00168078 -0.0156932 -0.0188907 0.0246163
26 31 14 0.00172817 -0.0247438 -0.0152298 0.0291065
26 32 14 0.00239955 -0.0349953 -0.00820107 0.0360234
26 33 14 0.00385052 -0.0823879 0.000797154 0.0824817
26 34 14 0.00835812 0.159941 0.00879381 0.1604
26 35 14 -0.00225969 -0.0658416 0.000922015 0.0658868
26 36 14 -0.00189823 0.027443 0.00289967 0.027661
26 37 14 1.42979e-05 -0.00201055 -0.00123785 0.0023611
26 38 14 0.000140104 -0.00842149 2.91353e-05 0.0084227
26 39 14 0.000112552 0 0.00143889 0.00144329
26 0 15 0 0 0 0
26 1 15 4.08618e-05 -0.00393305 -5.25973e-05 0.00393362
26 2 15 -0.000114453 0.00419352 -0.00012782 0.00419702
26 3 15 0.000444969 -0.00219061 0.00117149 0.00252372
26 4 15 -0.000177006 -0.0320171 -0.00219326 0.0320927
26 5 15 1.36025e-05 0.00666019 0.0110711 0.0129201
26 6 15 0.00237715 0.0151134 0.00668971 0.0166978
26 7 15 0.000984714 0.0010327 0.00314668 0.0034551
26 8 15 0.00107979 4.51052e-06 0.0021815 0.00243411
26 9 15 0.00119821 -0.000559108 0.00187829 0.00229702
26 10 15 0.00139267 -0.00149952 0.00133171 0.00244162
26 11 15 0.0018108 -0.00262477 0.000801323 0.00328793
26 12 15 0.00235685 -0.00342127 0.000596929 0.00419716
26 13 15 0.0027991 -0.00478047 0.000116925 0.00554089
26 14 15 0.00353059 -0.00226029 0.00267403 0.00497236
26 15 15 0.000658538 -0.00223002 0.00206705 0.00311117
26 16 15 0.000827512 -0.00200621 0.00166522 0.00273544
26 17 15 0.0011504 -0.00183357 0.000672338 0.00226659
26 18 15 0.0011316 -0.00193323 0.000210161 0.00224991
26 19 15 0.00113809 -0.00193689 -0.000139729 0.00225085
26 20 15 0.00119783 -0.00152528 7.03327e-05 0.00194068
26 21 15 0.00104848 -0.000997376 -0.000257536 0.00146983
26 22 15 0.0011106 -0.00100179 0.000460327 0.0015649
26 23 15 0.00102856 -0.00105789 0.000371473 0.00152153
26 24 15 0.000631516 -0.000471611 -0.000286282 0.000838562
26 25 15 0.000295612 -0.000199319 -4.72214e-05 0.000359645
26 26 15 0.0104725 0.0106696 4.22742e-05 0.0149504
26 27 15 0.00780774 0.00733495 -0.0110149 0.0153652
26 28 15 0.00496171 0.00186613 -0.0114094 0.0125808
26 29 15 0.00286038 -0.0050398 -0.0122366 0.0135394
26 30 15 0.00194795 -0.0121293 -0.0111985 0.0166229
26 31 15 0.00191826 -0.0183991 -0.00864595 0.0204196
26 32 15 0.00242514 -0.0257806 -0.00363669 0.0261485
26 33 15 0.00353922 -0.0660757 0.00254594 0.0662194
26 34 15 0.00684117 0.137635 0.0107839 0.138226
26 35 15 -0.00167066 -0.0597172 -0.00276705 0.0598046
26 36 15 -0.00181792 0.0229021 0.00378093 0.0232832
26 37 15 -7.20053e-05 -0.0013844 -0.00120714 0.00183819
26 38 15 0.000147945 -0.00732755 -2.81382e-05 0.0073291
26 39 15 2.0992e-05 0 0.00145839 0.00145854
26 0 16 0 0 0 0
26 1 16 4.99244e-05 -0.00349002 -7.82265e-05 0.00349125
26 2 16 -5.32749e-05 0.00444347 -0.000190845 0.00444788
26 3 16 0.000387086 -0.00425051 0.00124525 0.00444605
26 4 16 -0.000105875 -0.0252322 -0.00211378 0.0253208
26 5 16 8.96973e-05 0.00720694 0.0117036 0.0137449
26 6 16 0.00206414 0.0133219 0.00696398 0.0151733
26 7 16 0.000764726 0.000726352 0.00311719 0.00329079
26 8 16 0.000840685 -0.000239923 0.00233495 0.00249325
26 9 16 0.000928703 -0.000751088 0.00236807 0.00265224
26 10 16 0.00113535 -0.00166409 0.0023292 0.00307951
26 11 16 0.00159931 -0.00280906 0.00230875 0.00397227
26 12 16 0.00221068 -0.00330599 0.00297531 0.00496681
26 13 16 0.00245635 -0.00245923 0.00306795 0.00463614
26 14 16 0.000534173 -0.00251653 0.00249972 0.00358704
26 15 16 0.000426287 -0.00223933 0.00181449 0.00291353
26 16 16 0.00082366 -0.00159011 0.000982435 0.00204256
26 17 16 0.00100599 -0.00107059 7.83097e-05 0.00147116
26 18 16 0.000923955 -0.00133649 4.92585e-05 0.00162552
26 19 16 0.000819829 -0.00175352 0.000128537 0.00193997
26 20 16 0.00096726 -0.00145888 9.35683e-05 0.00175291
26 21 16 0.00107254 -0.00119935 -2.72238e-05 0.0016092
26 22 16 0.000949971 -0.000815541 8.03632e-05 0.0012546
26 23 16 0.000952116 -0.000433688 0.000256911 0.00107732
26 24 16 0.00069754 -0.000118719 -0.000239346 0.000746956
26 25 16 0.000394004 7.56298e-05 1.08491e-05 0.000401344
26 26 16 8.89463e-05 2.48339e-05 0.000302485 0.000316268
26 27 16 0.00742161 0.00664683 0.000119023 0.00996367
26 28 16 0.00433304 0.00160428 -0.00414441 0.00620686
26 29 16 0.00246155 -0.00391074 -0.00621938 0.00774815
26 30 16 0.00169188 -0.00913769 -0.00570296 0.0109034
26 31 16 0.00166707 -0.0136185 -0.00400814 0.0142937
26 32 16 0.002127 -0.0189499 -0.000129188 0.0190693
26 33 16 0.00299248 -0.0491805 0.00463275 0.0494888
26 34 16 0.00529828 0.110305 0.0105181 0.110932
26 35 16 -0.00112662 -0.0487347 -0.00571783 0.049082
26 36 16 -0.00169855 0.0179378 0.00455537 0.0185849
26 37 16 -0.000169674 -0.000413505 -0.00113043 0.00121558
26 38 16 0.000166982 -0.00599036 -2.15349e-05 0.00599273
26 39 16 -6.81938e-05 0 0.00150335 0.00150489
26 0 17 0 0 0 0
26 1 17 5.77243e-05 -0.00306535 -9.67506e-05 0.00306742
26 2 17 1.0347e-05 0.00481414 -0.000238827 0.00482007
26 3 17 0.000330194 -0.00611428 0.00129039 0.00625768
26 4 17 -9.44744e-05 -0.018065 -0.00199462 0.018175
26 5 17 0.00014053 0.00754348 0.0121454 0.014298
26 6 17 0.00165112 0.0111939 0.0073354 0.0134847
26 7 17 0.000539112 0.000619741 0.00318012 0.00328449
26 8 17 0.000574739 -0.000173291 0.00246193 0.00253406
26 9 17 0.00061522 -0.00057544 0.00274356 0.00286998
26 10 17 0.000773052 -0.0012933 0.0029943 0.00335203
26 11 17 0.00103954 -0.00203084 0.00292817 0.00371203
26 12 17 0.00113122 -0.00266508 0.00264454 0.00392122
26 13 17 0.00108909 -0.0018098 0.00422935 0.00472746
26 14 17 -0.000260602 -0.00161691 0.0025381 0.00302064
26 15 17 0.000526448 -0.00112842 0.00106423 0.00163801
26 16 17 0.000840261 -0.000243642 3.10622e-05 0.000875423
26 17 17 0.000932863 -0.000172889 -5.74911e-05 0.000950489
26 18 17 0.00102614 -0.00109913 0.000508361 0.00158729
26 19 17 0.000813039 -0.00160174 0.000522534 0.00187074
26 20 17 0.000897592 -0.00107242 -0.000198637 0.00141252
26 21 17 0.00104233 -0.00062821 -0.000244724 0.00124137
26 22 17 0.000804741 -0.000444638 -3.49452e-05 0.000920072
26 23 17 0.00079635 -3.95327e-05 0.000103763 0.000804054
26 24 17 0.000773263 -0.000146452 0.000134777 0.000798467
26 25 17 0.0005064 -0.00038462 0.000314128 0.00070926
26 26 17 0.00030609 -0.000402142 0.000220313 0.000551314
26 27 17 0.00277038 0.00175597 -8.68474e-05 0.00328115
26 28 17 0.00217254 -0.000459463 -0.00191874 0.00293473
26 29 17 0.00146508 -0.00399945 -0.00286255 0.00513188
26 30 17 0.0010979 -0.00750928 -0.00220383 0.00790263
26 31 17 0.00115258 -0.0104531 -0.00103256 0.010567
26 32 17 0.00163749 -0.0139477 0.00219792 0.0142145
26 33 17 0.00234226 -0.0349469 0.00612453 0.0355567
26 34 17 0.00388495 0.0803459 0.00907924 0.0809505
26 35 17 -0.000595504 -0.0346689 -0.00775749 0.0355312
26 36 17 -0.00151321 0.0119044 0.00514341 0.013056
26 37 17 -0.000282239 0.000322321 -0.00109596 0.00117672
26 38 17 0.00018043 -0.00471346 -7.97641e-06 0.00471692
26 39 17 -0.000163499 0 0.00155405 0.00156262
26 0 18 0 0 0 0
26 1 18 6.62018e-05 -0.00264436 -0.00011359 0.00264763
26 2 18 8.17666e-05 0.00528816 -0.000274575 0.00529592
26 3 18 0.000285744 -0.00776822 0.00131751 0.00788433
26 4 18 -0.000110256 -0.0107526 -0.00182252 0.0109065
26 5 18 0.000212397 0.00785804 0.0124323 0.0147091
26 6 18 0.00118655 0.00877331 0.00764669 0.0116983
26 7 18 0.000309486 0.000710776 0.00321314 0.00330534
26 8 18 0.000264035 0.0001403 0.00252844 0.00254606
26 9 18 0.000246379 -0.000201917 0.00303312 0.0030498
26 10 18 0.00037021 -0.000926018 0.00352172 0.0036602
26 11 18 0.000612029 -0.00234531 0.00373022 0.00444855
26 12 18 0.00128031 -0.000957846 0.0053487 0.00558258
26 13 18 -0.000660934 -0.0013868 0.00493266 0.00516635
26 14 18 -0.000183843 -0.00131236 0.00260748 0.0029249
26 15 18 0.000536344 -0.000721367 0.000334718 0.000959204
26 16 18 0.000740743 2.99503e-05 -0.000661683 0.000993691
26 17 18 0.000732998 -9.64848e-05 -0.000224904 0.000772773
26 18 18 0.000600669 -0.000594179 0.000821955 0.00117875
26 19 18 0.000842304 -0.00035436 0.000306997 0.000963999
26 20 18 0.000855743 -0.000438787 5.55908e-05 0.000963286
26 21 18 0.000861568 -0.000723265 0.000104262 0.00112973
26 22 18 0.000528944 -0.000404604 -0.000159086 0.000684686
26 23 18 0.000419933 -0.00025036 0.00015671 0.000513402
26 24 18 0.00051914 -0.000374741 0.000205165 0.000672332
26 25 18 0.000422847 -0.000202892 0.000214277 0.000515635
26 26 18 0.000354976 -7.79455e-05 0.000296082 0.000468773
26 27 18 0.000179565 7.977e-05 -7.31424e-06 0.000196622
26 28 18 0.00068952 -0.000955245 0.00015888 0.00118877
26 29 18 0.000300971 -0.0035108 -0.000855199 0.00362597
26 30 18 0.000256357 -0.00569422 -0.00021319 0.00570398
26 31 18 0.000440121 -0.00749011 0.000693695 0.00753502
26 32 18 0.000939067 -0.00961284 0.00358701 0.0103032
26 33 18 0.00151132 -0.0234326 0.00692269 0.0244805
26 34 18 0.00253771 0.0503996 0.00736918 0.0509987
26 35 18 -0.000125096 -0.0180785 -0.00882491 0.0201178
26 36 18 -0.00126428 0.00536571 0.00557867 0.00784288
26 37 18 -0.00039183 0.00100588 -0.0010847 0.00153033
26 38 18 0.000193727 -0.0034282 -3.64394e-05 0.00343386
26 39 18 -0.000260778 0 0.00153957 0.0015615
26 0 19 0 0 0 0
26 1 19 7.25142e-05 -0.00221648 -0.000130358 0.00222149
26 2 19 0.000153926 0.00583063 -0.000297869 0.00584026
26 3 19 0.000241664 -0.00919687 0.00132415 0.00929484
26 4 19 -0.000158913 -0.00340769 -0.00163411 0.00378259
26 5 19 0.000274707 0.00832885 0.0125412 0.0150575
26 6 19 0.000633837 0.00621123 0.00775785 0.00995818
26 7 19 3.26312e-05 0.00099665 0.00316631 0.00331962
26 8 19 -7.8615e-05 0.000675858 0.00253997 0.00262952
26 9 19 -0.00014609 0.000451522 0.00324658 0.00328108
26 10 19 -8.46961e-05 -2.63222e-05 0.00399188 0.00399287
26 11 19 9.19088e-05 -0.000441441 0.00455013 0.00457242
26 12 19 0.000308339 -0.000399231 0.00560047 0.00562314
26 13 19 0.00118258 -0.000856404 0.00432876 0.00456838
26 14 19 0.000133034 -0.000793135 0.00238195 0.00251405
26 15 19 4.71976e-05 -0.000335284 -9.49333e-05 0.000351647
26 16 19 0.000186901 0.000268192 -0.00106502 0.00111406
26 17 19 0.000373641 -0.000250987 -2.25634e-05 0.000450679
26 18 19 4.2029e-05 -0.000310869 0.000690461 0.000758381
26 19 19 0.00026956 0.000214567 -0.000323444 0.000472565
26 20 19 0.000468826 0.000110755 5.72379e-05 0.000485119
26 21 19 0.000759654 -0.000592175 0.00060512 0.0011375
26 22 19 0.000595338 -0.000313126 -0.000376496 0.00077086
26 23 19 0.00019023 -0.00030848 0.000373716 0.000520587
26 24 19 9.26278e-07 -0.000391393 0.000709579 0.000810365
26 25 19 -0.000154775 0.000236938 0.000190185 0.000340977
26 26 19 -3.28637e-05 0.00049739 0.000496327 0.000703432
26 27 19 0.000116847 0.000300097 0.000324621 0.000457264
26 28 19 -0.000858558 -0.00169516 0.00055653 0.00198001
26 29 19 -0.000887124 -0.00332867 -0.000359036 0.00346351
26 30 19 -0.000538453 -0.00439505 0.000567865 0.00446418
26 31 19 -0.000202569 -0.00530614 0.00150586 0.0055194
26 32 19 0.000217089 -0.00634974 0.00422112 0.00762786
26 33 19 0.000601591 -0.01468 0.00704254 0.016293
26 34 19 0.00126661 0.0213096 0.00582739 0.0221283
26 35 19 0.000265574 -8.07799e-05 -0.00914454 0.00914875
26 36 19 -0.000994883 -0.00125261 0.00575773 0.00597581
26 37 19 -0.000504466 0.00185931 -0.00103299 0.002186
26 38 19 0.00020835 -0.00202981 7.35408e-06 0.00204049
26 39 19 -0.000354378 0 0.00157044 0.00160993
26 0 20 0 0 0 0
26 1 20 7.73307e-05 -0.0017655 -0.000149031 0.00177347
26 2 20 0.000226471 0.00641453 -0.000311054 0.00642606
26 3 20 0.000196272 -0.0103905 0.00130358 0.0104738
26 4 20 -0.000227311 0.00384945 -0.00145041 0.0041199
26 5 20 0.000328082 0.0088864 0.0125005 0.0153407
26 6 20 4.14506e-05 0.00348779 0.00767269 0.00842832
26 7 20 -0.000221427 0.0012593 0.00307162 0.00332712
26 8 20 -0.000345793 0.00125911 0.00244233 0.00276946
26 9 20 -0.000494475 0.00136559 0.00313381 0.003454
26 10 20 -0.00068934 0.00145057 0.00385918 0.00418003
26 11 20 -0.000938452 0.00126136 0.00443432 0.00470478
26 12 20 -0.00104074 2.76383e-05 0.00558878 0.00568492
26 13 20 3.53601e-05 3.45711e-05 0.00432259 0.00432287
26 14 20 3.90222e-05 4.39374e-05 0.00237851 0.00237924
26 15 20 5.51729e-05 4.87574e-05 -8.83996e-05 0.000115047
26 16 20 6.07657e-05 4.10535e-05 -0.00105565 0.0010582
26 17 20 4.56955e-05 2.17098e-05 -6.95399e-06 5.10661e-05
26 18 20 2.25141e-05 2.51096e-06 0.000707747 0.00070811
26 19 20 7.63738e-06 9.58393e-06 -0.000323654 0.000323886
26 20 20 -3.49194e-07 3.32098e-05 5.05111e-05 6.04515e-05
26 21 20 -2.31982e-06 5.69382e-05 0.000599827 0.000602528
26 22 20 -1.3766e-05 6.58478e-05 -0.000368893 0.000374976
26 23 20 -3.82547e-05 7.56121e-05 0.000376355 0.000385777
26 24 20 -6.86602e-05 0.000101551 0.000692047 0.00070282
26 25 20 -8.2802e-05 0.000107281 0.00018423 0.000228705
26 26 20 -0.000102065 0.000118721 0.00048463 0.000509292
26 27 20 -0.0001186 0.000113756 0.000334116 0.000372344
26 28 20 -0.00199713 -0.00237649 0.000579201 0.0031578
26 29 20 -0.00179408 -0.00306211 -0.000394113 0.00357079
26 30 20 -0.00132433 -0.00321931 0.000546244 0.00352366
26 31 20 -0.000936033 -0.00324291 0.00147133 0.00368204
26 32 20 -0.000622039 -0.00330246 0.0040778 0.00528409
26 33 20 -0.000357567 -0.00733122 0.00667135 0.00991875
26 34 20 0.000105534 -0.00651349 0.00498066 0.00820022
26 35 20 0.000646132 0.0179039 -0.00862398 0.0198831
26 36 20 -0.000701988 -0.00816088 0.005648 0.0099495
26 37 20 -0.000618879 0.00252388 -0.00102628 0.00279396
26 38 20 0.000216012 -0.000728748 3.00987e-05 0.000760684
26 39 20 -0.000449946 0 0.00156253 0.00162602
26 0 21 0 0 0 0
26 1 21 8.04671e-05 -0.00127692 -0.000170255 0.00129073
26 2 21 0.000297606 0.00699802 -0.000314699 0.00701141
26 3 21 0.000148472 -0.0113825 0.00125473 0.0114524
26 4 21 -0.000294938 0.0108808 -0.00127922 0.0109597
26 5 21 0.00038212 0.00941417 0.0123127 0.015504
26 6 21 -0.000543047 0.000750705 0.0073952 0.00745301
26 7 21 -0.000461912 0.00150785 0.00293924 0.00333559
26 8 21 -0.000595005 0.00182035 0.00224716 0.00295253
26 9 21 -0.000816558 0.00225409 0.0027087 0.00361729
26 10 21 -0.00125686 0.00294116 0.00310331 0.00445653
26 11 21 -0.00194733 0.00306864 0.00316459 0.00481905
26 12 21 -0.00243358 0.000469402 0.00533875 0.00588599
26 13 21 -0.00109006 0.000923896 0.00493025 0.00513314
26 14 21 -3.72163e-05 0.000867543 0.00259958 0.00274077
26 15 21 6.30599e-05 0.000410648 0.000352228 0.000544677
26 16 21 -7.50226e-05 -0.000218223 -0.000632562 0.000673338
26 17 21 -0.000294242 0.000282019 -0.000199357 0.000453714
26 18 21 7.92766e-06 0.000318651 0.000858787 0.000916033
26 19 21 -0.000237211 -0.000209491 0.000319143 0.000449453
26 20 21 -0.00044928 -7.49045e-05 3.9929e-05 0.000457228
26 21 21 -0.000755083 0.000660064 9.10294e-05 0.00100704
26 22 21 -0.000626144 0.000413324 -0.000164182 0.000768016
26 23 21 -0.000263417 0.00044704 0.000139195 0.000537223
26 24 21 -0.000128661 0.000572426 0.000165436 0.000609585
26 25 21 -1.38129e-05 -4.18977e-05 0.000197482 0.000202349
26 26 21 -0.000182981 -0.000288482 0.000276147 0.000439273
26 27 21 -0.000371836 -8.02649e-05 1.48379e-05 0.000380689
26 28 21 -0.0031001 -0.00311288 0.000197144 0.00439767
26 29 21 -0.00258343 -0.0027521 -0.00123391 0.00397123
26 30 21 -0.00200275 -0.00200985 -0.000193585 0.00284394
26 31 21 -0.00160581 -0.00123314 0.000714792 0.00214713
26 32 21 -0.00142078 -0.000425063 0.00325524 0.00357714
26 33 21 -0.00128046 -0.000412979 0.00588114 0.00603307
26 34 21 -0.00100764 -0.0328907 0.00483185 0.033259
26 35 21 0.00100901 0.0351529 -0.00729968 0.035917
26 36 21 -0.000403521 -0.0148615 0.00526084 0.0157703
26 37 21 -0.000727593 0.00317395 -0.00106055 0.00342464
26 38 21 0.000218439 0.000550974 3.31863e-05 0.000593624
26 39 21 -0.000542932 0 0.00151651 0.00161077
26 0 22 0 0 0 0
26 1 22 8.12932e-05 -0.000736903 -0.000190494 0.000765456
26 2 22 0.000363821 0.00753414 -0.000303824 0.00754904
26 3 22 9.32818e-05 -0.0122207 0.00118537 0.0122784
26 4 22 -0.00034782 0.0175468 -0.00111506 0.0175856
26 5 22 0.000437532 0.00979284 0.0119484 0.015455
26 6 22 -0.00108071 -0.00183415 0.00691632 0.00723654
26 7 22 -0.000705322 0.00177753 0.00274414 0.00334476
26 8 22 -0.000890167 0.00231226 0.00202724 0.00320135
26 9 22 -0.00113737 0.00280798 0.00227234 0.00378708
26 10 22 -0.00158402 0.00368784 0.00243572 0.00469489
26 11 22 -0.00223358 0.00552126 0.00215505 0.00633383
26 12 22 -0.00364639 0.00101621 0.00107388 0.00393472
26 13 22 0.000740997 0.00144716 0.00422237 0.00452457
26 14 22 0.000272952 0.00136956 0.00254648 0.00290427
26 15 22 -0.000439634 0.000799649 0.00108656 0.00141892
26 16 22 -0.000638732 5.52153e-05 5.21569e-05 0.000643232
26 17 22 -0.000658962 0.000175599 -3.38223e-05 0.000682796
26 18 22 -0.000543146 0.000667797 0.000541901 0.00101716
26 19 22 -0.000797093 0.000405881 0.000547433 0.0010487
26 20 22 -0.000829529 0.000483469 -0.000210676 0.000982977
26 21 22 -0.000869567 0.000793191 -0.000278172 0.00120941
26 22 22 -0.000583287 0.000516036 -7.61952e-05 0.000782511
26 23 22 -0.000497992 0.000398244 5.46581e-05 0.000639986
26 24 22 -0.000629812 0.000546374 7.80633e-05 0.000837426
26 25 22 -0.000581194 0.00039457 0.000281608 0.000756819
26 26 22 -0.000552349 0.000280877 0.000203285 0.000652154
26 27 22 -0.000412437 0.000134815 -5.41005e-05 0.000437272
26 28 22 -0.00450137 -0.00430602 -0.00342315 0.00710789
26 29 22 -0.00309904 -0.00221537 -0.00262241 0.00462482
26 30 22 -0.00245029 -0.000764613 -0.00149264 0.00296926
26 31 22 -0.00207365 0.000539638 -0.000533214 0.00220807
26 32 22 -0.00203925 0.00209019 0.00195249 0.00351279
26 33 22 -0.00209862 0.00682498 0.00458142 0.00848375
26 34 22 -0.00214319 -0.0577657 0.00483577 0.0580074
26 35 22 0.00134231 0.0509353 -0.00537741 0.0512359
26 36 22 -0.000116753 -0.0208993 0.00462746 0.0214058
26 37 22 -0.00082282 0.00396419 -0.00105651 0.00418426
26 38 22 0.000217745 0.00187769 0.000105745 0.00189323
26 39 22 -0.000628621 0 0.00151546 0.00164067
26 0 23 0 0 0 0
26 1 23 8.08288e-05 -0.000128266 -0.000207895 0.000257305
26 2 23 0.000426237 0.00799522 -0.000277167 0.00801137
26 3 23 3.21771e-05 -0.0129126 0.00109817 0.0129593
26 4 23 -0.000368321 0.0237499 -0.000934943 0.0237712
26 5 23 0.000499389 0.00994938 0.0114345 0.0151653
26 6 23 -0.00151815 -0.00426643 0.00636884 0.00781469
26 7 23 -0.000879589 0.00186596 0.00253883 0.00327126
26 8 23 -0.00112736 0.0025867 0.00178367 0.00333818
26 9 23 -0.00141239 0.00308032 0.00180293 0.00383846
26 10 23 -0.00185906 0.00382976 0.00169934 0.00458377
26 11 23 -0.00244072 0.00439943 0.00158424 0.00527464
26 12 23 -0.00275083 0.00426922 0.00230803 0.00557856
26 13 23 -0.00238923 0.00189196 0.00305654 0.00431629
26 14 23 0.000355548 0.00170022 0.00252217 0.00306243
26 15 23 -0.000429142 0.0012258 0.00183207 0.00224571
26 16 23 -0.000729637 0.000351451 0.00098632 0.00127621
26 17 23 -0.000844491 0.000288918 8.66613e-05 0.000896744
26 18 23 -0.000974119 0.00122486 6.01839e-05 0.00156614
26 19 23 -0.000797117 0.00172307 0.000134095 0.00190325
26 20 23 -0.000905748 0.00118935 6.11111e-05 0.00149622
26 21 23 -0.00107723 0.000759364 -7.84683e-05 0.00132031
26 22 23 -0.000871222 0.000600693 1.80554e-05 0.00105839
26 23 23 -0.000881702 0.000207354 0.000196598 0.000926846
26 24 23 -0.000881083 0.0003209 -0.000301213 0.000984893
26 25 23 -0.000655137 0.000568776 -2.38394e-05 0.000867916
26 26 23 -0.000503191 0.000600426 0.000291539 0.000835887
26 27 23 -0.00406054 -0.00312021 0.000142001 0.00512287
26 28 23 -0.00424747 -0.00307917 -0.00318787 0.00613879
26 29 23 -0.0035651 -0.00126174 -0.00434404 0.00575957
26 30 23 -0.00292013 0.000831325 -0.00355803 0.00467738
26 31 23 -0.00257418 0.00274616 -0.00242141 0.0044756
26 32 23 -0.0026016 0.00513537 0.000143016 0.00575854
26 33 23 -0.00279697 0.0156864 0.00283667 0.0161843
26 34 23 -0.00326008 -0.0807367 0.00464439 0.0809359
26 35 23 0.00171645 0.0640466 -0.0027126 0.064127
26 36 23 0.000164247 -0.0264696 0.0038777 0.0267526
26 37 23 -0.000903981 0.0045535 -0.00106811 0.00476366
26 38 23 0.000205509 0.00305124 0.000136879 0.00306121
26 39 23 -0.000712953 0 0.00145111 0.00161679
26 0 24 0 0 0 0
26 1 24 7.61198e-05 0.000559398 -0.000218071 0.000605206
26 2 24 0.000477936 0.00834347 -0.000232381 0.00836038
26 3 24 -4.68168e-05 -0.0134712 0.000980607 0.0135069
26 4 24 -0.000362909 0.0294162 -0.000764216 0.0294284
26 5 24 0.000535828 0.0100548 0.0107457 0.014726
26 6 24 -0.00189273 -0.00637294 0.00590683 0.00889311
26 7 24 -0.00103481 0.00177082 0.0024524 0.00319701
26 8 24 -0.0013047 0.00261781 0.00156175 0.00331575
26 9 24 -0.00161813 0.00316646 0.00127571 0.00377786
26 10 24 -0.00208748 0.00409165 0.000658686 0.00464038
26 11 24 -0.00285481 0.00522171 -3.35775e-05 0.00595125
26 12 24 -0.00382168 0.00555716 -0.000502512 0.00676312
26 13 24 -0.00434846 0.00252412 -0.0013704 0.00521136
26 14 24 -0.000421715 0.00261339 0.00267549 0.00376376
26 15 24 -0.000329497 0.00236961 0.00206136 0.00315798
26 16 24 -0.000704433 0.00172494 0.00166323 0.0024976
26 17 24 -0.000899023 0.00122561 0.000659222 0.00165678
26 18 24 -0.000855281 0.00150898 0.000192536 0.00174517
26 19 24 -0.000786065 0.00193873 -0.000171413 0.00209904
26 20 24 -0.000963467 0.00164632 3.54685e-06 0.00190752
26 21 24 -0.00109487 0.00139183 -0.000332255 0.00180176
26 22 24 -0.000988983 0.0010081 0.000387875 0.00146451
26 23 24 -0.00101968 0.000621577 0.000303158 0.00123208
26 24 24 -0.000797464 0.000308776 -0.000349786 0.000923927
26 25 24 -0.000499871 0.000112631 -8.92211e-05 0.000520112
26 26 24 -0.000268321 0.000163374 5.1699e-05 0.000318371
26 27 24 -0.00782103 -0.00712143 -0.00871304 0.013704
26 28 24 -0.00553368 -0.00426438 -0.00782993 0.0104935
26 29 24 -0.00400376 -0.00111058 -0.00774478 0.00878892
26 30 24 -0.00320229 0.0018863 -0.00661199 0.00758493
26 31 24 -0.00290926 0.0045856 -0.00510551 0.00745371
26 32 24 -0.00295895 0.00805749 -0.00226436 0.00887727
26 33 24 -0.00328063 0.0258697 0.000722797 0.0260869
26 34 24 -0.00433243 -0.101331 0.00358451 0.101487
26 35 24 0.00210933 0.073559 0.000541938 0.0735912
26 36 24 0.000395382 -0.0312164 0.00297568 0.0313604
26 37 24 -0.000979214 0.00514478 -0.00112485 0.00535658
26 38 24 0.00018312 0.00417247 0.000169007 0.0041799
26 39 24 -0.000790724 0 0.00139192 0.00160084
26 0 25 0 0 0 0
26 1 25 6.91281e-05 0.00133931 -0.00021728 0.00135858
26 2 25 0.00052418 0.00855122 -0.000157085 0.00856871
26 3 25 -0.0001332 -0.0139347 0.000855771 0.0139616
26 4 25 -0.000302636 0.0343506 -0.000602121 0.0343572
26 5 25 0.00058932 0.0102838 0.00983462 0.0142416
26 6 25 -0.0021551 -0.00805406 0.00558442 0.0100348
26 7 25 -0.00116994 0.00153054 0.00259699 0.00323352
26 8 25 -0.00144117 0.00237489 0.00146027 0.00313838
26 9 25 -0.00176471 0.00289261 0.000845315 0.00349227
26 10 25 -0.00218535 0.00375528 -0.000237494 0.00435135
26 11 25 -0.00284812 0.00475284 -0.00131935 0.00569578
26 12 25 -0.00363815 0.00526413 -0.00190257 0.00667585
26 13 25 -0.00417669 0.0063215 -0.00271691 0.00804908
26 14 25 -0.00481004 0.00237915 -0.00259716 0.00596172
26 15 25 -0.000516443 0.00237404 0.00213345 0.00323333
26 16 25 -0.000706691 0.00219039 0.00200964 0.00305547
26 17 25 -0.00102558 0.00204621 0.0012111 0.00258951
26 18 25 -0.00102978 0.00217192 0.000431651 0.00244213
26 19 25 -0.00104876 0.00219247 -0.000353183 0.00245592
26 20 25 -0.00114195 0.0017671 0.000206087 0.00211404
26 21 25 -0.00103303 0.0012358 -0.000232337 0.00162737
26 22 25 -0.00111771 0.00123195 0.000420554 0.00171576
26 23 25 -0.0010722 0.00128417 0.000198206 0.00168463
26 24 25 -0.000694073 0.000671359 -6.99801e-05 0.000968172
26 25 25 -0.000408659 0.000381622 -0.000110212 0.000569898
26 26 25 -0.00888076 -0.00826015 -0.0109741 0.0163563
26 27 25 -0.00746266 -0.00659916 -0.0121923 0.0157446
26 28 25 -0.00560203 -0.00369172 -0.012135 0.0138661
26 29 25 -0.00408173 2.13944e-05 -0.0119534 0.0126311
26 30 25 -0.00331087 0.00375707 -0.0105068 0.0116391
26 31 25 -0.00308558 0.00714294 -0.00849499 0.0115199
26 32 25 -0.003171 0.0116377 -0.00499496 0.0130553
26 33 25 -0.00364947 0.0374004 -0.00116892 0.0375962
26 34 25 -0.00542938 -0.117478 0.000955266 0.117607
26 35 25 0.00246068 0.0793103 0.00413083 0.079456
26 36 25 0.000573176 -0.0345817 0.00199818 0.0346441
26 37 25 -0.00102996 0.00593822 -0.00113584 0.00613298
26 38 25 0.00015756 0.00532127 0.000263918 0.00533014
26 39 25 -0.000857783 0 0.00136185 0.00160948
26 0 26 0 0 0 0
26 1 26 5.84699e-05 0.00222386 -0.000220727 0.00223555
26 2 26 0.00056029 0.00864391 -6.53535e-05 0.00866229
26 3 26 -0.000240694 -0.014221 0.000748312 0.0142427
26 4 26 -0.000216573 0.0384488 -0.000381229 0.0384513
26 5 26 0.000630153 0.0108841 0.00878287 0.014
26 6 26 -0.00229219 -0.00934965 0.00545588 0.0110651
26 7 26 -0.00124905 0.000966766 0.00318224 0.00355266
26 8 26 -0.0014937 0.00164988 0.0015905 0.0027355
26 9 26 -0.00181831 0.00213808 0.000482275 0.00284785
26 10 26 -0.00220371 0.00302089 -0.00104929 0.0038837
26 11 26 -0.00273448 0.00411656 -0.00244839 0.00551526
26 12 26 -0.00341592 0.00513608 -0.00313876 0.00692096
26 13 26 -0.00421278 0.00631683 -0.00420723 0.00868047
26 14 26 -0.0051754 0.00754724 -0.00420088 0.0100694
26 15 26 -0.00635801 0.00199244 -0.00479074 0.00820641
26 16 26 -0.000715647 0.0021411 0.0020146 0.00302574
26 17 26 -0.0010839 0.00255455 0.00121274 0.00302842
26 18 26 -0.00106478 0.00249876 0.000653046 0.00279357
26 19 26 -0.000690182 0.00197532 -6.58212e-05 0.00209346
26 20 26 -0.00112731 0.00175804 0.000369943 0.00212094
26 21 26 -0.00113427 0.0010725 0.000219167 0.00157635
26 22 26 -0.00117879 0.000860156 0.000377504 0.00150729
26 23 26 -0.000717827 0.000728073 0.000196304 0.00104111
26 24 26 -0.000608968 0.000460556 2.46008e-05 0.00076391
26 25 26 -0.0111967 -0.0110227 -0.0138861 0.0209688
26 26 26 -0.00912525 -0.00954578 -0.0150204 0.0200002
26 27 26 -0.00712959 -0.00720101 -0.0165637 0.0194176
26 28 26 -0.00519704 -0.00354805 -0.0169806 0.0181091
26 29 26 -0.00381619 0.000929618 -0.0170336 0.0174806
26 30 26 -0.00314537 0.00566651 -0.0155165 0.0168156
26 31 26 -0.00297926 0.00996891 -0.0128859 0.016562
26 32 26 -0.00313859 0.0156774 -0.00796378 0.0178621
26 33 26 -0.00378861 0.0479183 -0.00168294 0.0480973
26 34 26 -0.00640116 -0.127809 -0.00372188 0.128024
26 35 26 0.00280714 0.0799777 0.00774966 0.0804013
26 36 26 0.000730309 -0.0372618 0.00104121 0.0372835
26 37 26 -0.00105902 0.00634352 -0.00112278 0.00652858
26 38 26 0.000111915 0.00619526 0.000333235 0.00620522
26 39 26 -0.000923837 0 0.00126752 0.00156847
26 0 27 0 0 0 0
26 1 27 4.06647e-05 0.00317742 -0.000236854 0.00318649
26 2 27 0.000582108 0.00856658 1.03751e-05 0.00858634
26 3 27 -0.000365051 -0.0142845 0.000614705 0.0143023
26 4 27 -0.000110728 0.0417104 -0.000118968 0.0417107
26 5 27 0.000612354 0.0123164 0.00766739 0.0145209
26 6 27 -0.00236606 -0.00991781 0.00543472 0.0115541
26 7 27 -0.00132263 3.27891e-05 0.00468044 0.00486384
26 8 27 -0.00149082 0.00032164 0.00218167 0.00266189
26 9 27 -0.00176226 0.000835093 7.81286e-05 0.00195167
26 10 27 -0.00211513 0.00194126 -0.00209423 0.0035536
26 11 27 -0.00255212 0.00327741 -0.003784 0.00561902
26 12 27 -0.00312722 0.00459923 -0.00454603 0.00718324
26 13 27 -0.00395936 0.0058794 -0.00576399 0.00913605
26 14 27 -0.00505303 0.0070508 -0.00601418 0.0105554
26 15 27 -0.00653895 0.00879367 -0.0072192 0.0131226
26 16 27 -0.00941714 0.00198586 -0.00965102 0.0136297
26 17 27 -0.0068462 0.00219287 -0.00609291 0.00942352
26 18 27 -0.00117569 0.00213858 0.000739648 0.00255007
26 19 27 -0.000308213 0.00124806 0.000465433 0.00136721
26 20 27 -0.000825686 0.00124973 0.000355308 0.00153942
26 21 27 -0.00106982 0.0011285 0.000408112 0.00160767
26 22 27 -0.00101202 0.00101552 0.000317719 0.00146847
26 23 27 -0.0103364 0.000470672 -0.0121453 0.0159553
26 24 27 -0.0155511 -0.0135719 -0.0195905 0.0284574
26 25 27 -0.0112119 -0.0124276 -0.0185415 0.0249788
26 26 27 -0.00853758 -0.0109024 -0.0195265 0.0239381
26 27 27 -0.0062645 -0.00796972 -0.0213172 0.0236048
26 28 27 -0.00441704 -0.00359885 -0.0225209 0.0232304
26 29 27 -0.00320369 0.00203549 -0.0234151 0.0237207
26 30 27 -0.00260761 0.00847174 -0.022392 0.0240826
26 31 27 -0.0025283 0.0144755 -0.0191181 0.0241129
26 32 27 -0.00284596 0.0224589 -0.0115782 0.0254275
26 33 27 -0.00370894 0.0546536 0.00118119 0.0547921
26 34 27 -0.00724637 -0.129489 -0.0103047 0.1301
26 35 27 0.00302353 0.0759612 0.0110108 0.0768146
26 36 27 0.000830592 -0.0385688 0.0001804 0.0385781
26 37 27 -0.00107982 0.00695554 -0.00109273 0.00712317
26 38 27 4.67148e-05 0.00712922 0.000415247 0.00714146
26 39 27 -0.00098273 0 0.00117931 0.0015351
26 0 28 0 0 0 0
26 1 28 1.84035e-05 0.00417932 -0.000242432 0.00418639
26 2 28 0.000591307 0.00823145 8.20675e-05 0.00825307
26 3 28 -0.00048643 -0.0142308 0.000440563 0.0142459
26 4 28 6.74005e-05 0.0439488 0.000141263 0.043949
26 5 28 0.000602308 0.014672 0.00653673 0.0160735
26 6 28 -0.00232607 -0.00903433 0.00510155 0.0106328
26 7 28 -0.00137419 -0.00167489 0.00817 0.00845237
26 8 28 -0.00146816 -0.00199872 0.00350255 0.00429164
26 9 28 -0.00164237 -0.0012006 -0.00059787 0.00212044
26 10 28 -0.00193387 0.000487576 -0.00374605 0.00424388
26 11 28 -0.0023185 0.00227443 -0.00561732 0.00648866
26 12 28 -0.0028081 0.00383938 -0.00622423 0.00783373
26 13 28 -0.00353862 0.00511957 -0.00730502 0.00959662
26 14 28 -0.00453229 0.00606872 -0.00750838 0.0106652
26 15 28 -0.00583618 0.00661922 -0.00879431 0.0124585
26 16 28 -0.00761783 0.00502818 -0.0104481 0.0138736
26 17 28 -0.00826222 0.00865561 -0.0103224 0.015803
26 18 28 -0.0118824 0.00166049 -0.014593 0.0188919
26 19 28 -0.0112447 0.00179854 -0.0131138 0.0173681
26 20 28 -0.0125055 0.000629428 -0.014455 0.0191241
26 21 28 -0.0135992 0.000679616 -0.0164437 0.0213493
26 22 28 -0.0164247 -0.0118024 -0.0222123 0.0300408
26 23 28 -0.0117461 -0.006972 -0.0182526 0.0227977
26 24 28 -0.0122071 -0.012686 -0.0215415 0.0278205
26 25 28 -0.00952165 -0.0135338 -0.021949 0.0274879
26 26 28 -0.00700229 -0.0123485 -0.0232381 0.027231
26 27 28 -0.00486832 -0.00943177 -0.0258953 0.0279862
26 28 28 -0.00319011 -0.00443357 -0.0287722 0.029286
26 29 28 -0.00212659 0.00291105 -0.0316975 0.0319019
26 30 28 -0.00164298 0.0121312 -0.0322643 0.0345087
26 31 28 -0.00176854 0.0215453 -0.0289356 0.0361192
26 32 28 -0.00234692 0.0355978 -0.0178988 0.0399134
26 33 28 -0.00347632 0.0517596 0.00967385 0.0527705
26 34 28 -0.00792637 -0.121134 -0.0178249 0.122695
26 35 28 0.00306936 0.0672264 0.013324 0.0686027
26 36 28 0.000926833 -0.0387797 -0.000617763 0.0387957
26 37 28 -0.00106131 0.0075412 -0.00111328 0.00769646
26 38 28 -2.28466e-05 0.00799611 0.000474483 0.00801021
26 39 28 -0.0010266 0 0.00109724 0.00150262
26 0 29 0 0 0 0
26 1 29 -3.82122e-06 0.00526968 -0.000242832 0.00527527
26 2 29 0.00058512 0.00771467 0.000151579 0.00773831
26 3 29 -0.000630223 -0.013979 0.00024823 0.0139954
26 4 29 0.000276373 0.0451644 0.000415419 0.0451672
26 5 29 0.00059071 0.0176206 0.0055117 0.018472
26 6 29 -0.00213068 -0.0045364 0.00366988 0.00621182
26 7 29 -0.00133821 -0.00555242 0.0165864 0.0175422
26 8 29 -0.00139993 -0.00626481 0.00538048 0.00837599
26 9 29 -0.0014858 -0.00416875 -0.00253663 0.00510103
26 10 29 -0.00167744 -0.00116209 -0.00669701 0.00700102
26 11 29 -0.00200759 0.00140258 -0.00822906 0.00858575
26 12 29 -0.00245197 0.00325924 -0.00819016 0.00914951
26 13 29 -0.00308935 0.00449569 -0.00873218 0.0102959
26 14 29 -0.00397233 0.00518259 -0.00851935 0.010734
26 15 29 -0.00501518 0.00530459 -0.0094539 0.0119443
26 16 29 -0.00623015 0.0045358 -0.0105808 0.0130898
26 17 29 -0.00718237 0.00404552 -0.0110846 0.0138138
26 18 29 -0.00819969 0.00278443 -0.0130496 0.0156615
26 19 29 -0.00959642 0.000721062 -0.0146765 0.0175502
26 20 29 -0.0107111 -0.00158731 -0.0163934 0.0196466
26 21 29 -0.0112568 -0.0055156 -0.0182905 0.0221739
26 22 29 -0.0103005 -0.00845071 -0.0191866 0.023359
26 23 29 -0.00932911 -0.0101749 -0.0191913 0.0236404
26 24 29 -0.00853353 -0.0135104 -0.0210837 0.0264551
26 25 29 -0.00674971 -0.0152787 -0.0225782 0.0280851
26 26 29 -0.00479559 -0.0151753 -0.0251852 0.0297923
26 27 29 -0.00297252 -0.0129067 -0.0296843 0.0325051
26 28 29 -0.0015238 -0.00743359 -0.0355941 0.0363939
26 29 29 -0.000667629 0.00206934 -0.0423372 0.042393
26 30 29 -0.000390341 0.0155327 -0.0466269 0.0491476
26 31 29 -0.000789228 0.0317734 -0.0457935 0.0557424
26 32 29 -0.00164829 0.0634178 -0.033493 0.0717379
26 33 29 -0.00309083 0.0326491 0.0237304 0.0404802
26 34 29 -0.00830282 -0.102158 -0.0241854 0.10531
26 35 29 0.00295497 0.0547265 0.0141914 0.0566138
26 36 29 0.00104016 -0.0379799 -0.001273 0.0380154
26 37 29 -0.00102106 0.00790776 -0.00108308 0.00804663
26 38 29 -0.000111226 0.00865788 0.000532001 0.00867492
26 39 29 -0.00106259 0 0.000997776 0.00145762
26 0 30 0 0 0 0
26 1 30 -2.56769e-05 0.00642258 -0.000263146 0.00642802
26 2 30 0.000576367 0.0070339 0.000191052 0.00706006
26 3 30 -0.000784249 -0.0134379 3.248e-05 0.0134608
26 4 30 0.000485681 0.0455241 0.000701762 0.0455321
26 5 30 0.000532381 0.0200991 0.00469403 0.0206468
26 6 30 -0.0017934 0.00967147 -3.53406e-05 0.0098364
26 7 30 -0.00117225 -0.0160845 0.038223 0.0414859
26 8 30 -0.0012273 -0.0144102 0.00520657 0.015371
26 9 30 -0.00129196 -0.00809478 -0.008727 0.0119731
26 10 30 -0.00141454 -0.0024262 -0.0123344 0.0126501
26 11 30 -0.00169092 0.00124549 -0.0119666 0.0121495
26 12 30 -0.00209851 0.00330868 -0.0103796 0.0110945
26 13 30 -0.00262836 0.00429947 -0.00990933 0.011117
26 14 30 -0.00338033 0.00454306 -0.00902827 0.0106572
26 15 30 -0.00420576 0.00422115 -0.00952294 0.0112336
26 16 30 -0.00503357 0.00328356 -0.0102178 0.0118542
26 17 30 -0.0057392 0.00211163 -0.0106744 0.012302
26 18 30 -0.00633463 0.000897956 -0.0123677 0.0139245
26 19 30 -0.0071755 -0.00105334 -0.0136778 0.0154816
26 20 30 -0.00773263 -0.00356055 -0.0152137 0.0174335
26 21 30 -0.0077936 -0.00662597 -0.0166122 0.0195092
26 22 30 -0.00713302 -0.0091372 -0.0176752 0.0211372
26 23 30 -0.00642996 -0.0118673 -0.0181313 0.0226036
26 24 30 -0.00549468 -0.0151387 -0.0195487 0.0253283
26 25 30 -0.00412267 -0.017946 -0.0214163 0.0282439
26 26 30 -0.00258149 -0.0195098 -0.0251486 0.0319335
26 27 30 -0.00107368 -0.0188027 -0.0318761 0.037024
26 28 30 0.000141325 -0.0137672 -0.0421117 0.0443052
26 29 30 0.000838221 -0.00239191 -0.0551128 0.055171
26 30 30 0.000985815 0.0165045 -0.0667733 0.0687899
26 31 30 0.000400454 0.0435599 -0.073791 0.0856898
26 32 30 -0.000729714 0.121288 -0.0723524 0.141231
26 33 30 -0.00259855 -0.00690946 0.0354289 0.0361898
26 34 30 -0.00833196 -0.0744401 -0.0259157 0.0792615
26 35 30 0.00261899 0.0398835 0.0134961 0.0421864
26 36 30 0.00115035 -0.0359901 -0.00180746 0.0360538
26 37 30 -0.000964779 0.0083663 -0.000995076 0.00848033
26 38 30 -0.00021571 0.00934115 0.000605042 0.00936321
26 39 30 -0.00109055 0 0.000893615 0.00140991
26 0 31 0 0 0 0
26 1 31 -5.36399e-05 0.00758671 -0.000286999 0.00759233
26 2 31 0.000563416 0.0061096 0.000210628 0.00613914
26 3 31 -0.000920777 -0.0126718 -0.000199356 0.0127067
26 4 31 0.000725827 0.0450776 0.000972823 0.045094
26 5 31 0.000454183 0.019618 0.00401979 0.0200308
26 6 31 -0.00130657 0.0492109 -0.00723414 0.049757
26 7 31 -0.000837451 -0.0485038 0.0960305 0.107588
26 8 31 -0.000846667 -0.028766 -0.0118774 0.0311332
26 9 31 -0.000919257 -0.0116503 -0.0258128 0.028335
26 10 31 -0.00103559 -0.00204204 -0.0220016 0.0221204
26 11 31 -0.00130582 0.00241381 -0.016559 0.0167849
26 12 31 -0.00173055 0.00418326 -0.012325 0.0131301
26 13 31 -0.0021915 0.00459749 -0.0105373 0.0117036
26 14 31 -0.00281061 0.00423137 -0.00892713 0.0102712
26 15 31 -0.0034846 0.00342259 -0.00906078 0.0102934
26 16 31 -0.00410467 0.00222349 -0.00946029 0.0105494
26 17 31 -0.00464416 0.000822089 -0.00979918 0.0108751
26 18 31 -0.00511599 -0.000730131 -0.0113314 0.0124542
26 19 31 -0.00554569 -0.00277031 -0.0122658 0.0137433
26 20 31 -0.00559343 -0.00504491 -0.0138018 0.0157234
26 21 31 -0.00547262 -0.00766121 -0.0148565 0.0175886
26 22 31 -0.00493967 -0.010316 -0.0159388 0.019618
26 23 31 -0.00410594 -0.0134082 -0.0162141 0.0214368
26 24 31 -0.00312418 -0.0174014 -0.0168253 0.0244062
26 25 31 -0.00194497 -0.02205 -0.0180921 0.0285886
26 26 31 -0.000653857 -0.0266501 -0.0219402 0.0345257
26 27 31 0.000632318 -0.0295215 -0.0305232 0.0424686
26 28 31 0.00174312 -0.0270467 -0.0462705 0.0536239
26 29 31 0.00244028 -0.01485 -0.0690856 0.0707057
26 30 31 0.00257964 0.00947411 -0.0928387 0.0933565
26 31 31 0.00184625 0.0444754 -0.110202 0.118853
26 32 31 0.000357513 0.229495 -0.153156 0.275907
26 33 31 -0.00207529 -0.0606875 0.0180633 0.0633527
26 34 31 -0.00803466 -0.0439982 -0.0197585 0.0488958
26 35 31 0.00203539 0.0235555 0.0116735 0.0263681
26 36 31 0.00128568 -0.0334355 -0.00223339 0.0335347
26 37 31 -0.000871859 0.00853977 -0.000928668 0.00863425
26 38 31 -0.000333024 0.00989288 0.000648645 0.00991971
26 39 31 -0.00111209 0 0.000790745 0.00136456
26 0 32 0 0 0 0
26 1 32 -8.59412e-05 0.00878905 -0.000298728 0.00879454
26 2 32 0.000532457 0.0050009 0.000223045 0.00503411
26 3 32 -0.00105676 -0.0116111 -0.000419951 0.0116667
26 4 32 0.000986569 0.0438967 0.00137584 0.0439294
26 5 32 0.000381281 0.0124281 0.00277186 0.0127392
26 6 32 -0.000696637 0.153763 -0.0258378 0.155921
26 7 32 -0.000395614 -0.155692 -0.233216 0.28041
26 8 32 -0.000351204 -0.0430351 -0.160845 0.166504
26 9 32 -0.000427273 -0.00769493 -0.0716003 0.0720138
26 10 32 -0.000564905 0.0033901 -0.0337822 0.0339566
26 11 32 -0.00084811 0.00616794 -0.017139 0.0182348
26 12 32 -0.00133637 0.00625865 -0.00933549 0.0113185
26 13 32 -0.00183547 0.00550738 -0.00641596 0.00865244
26 14 32 -0.0024167 0.00435459 -0.00429601 0.00657713
26 15 32 -0.00304862 0.00297983 -0.00417672 0.00596812
26 16 32 -0.00361855 0.0013822 -0.00434513 0.00582105
26 17 32 -0.00405759 -0.000350831 -0.004565 0.00611771
26 18 32 -0.00438349 -0.00224976 -0.00596789 0.007739
26 19 32 -0.00453259 -0.00439635 -0.00675604 0.00924751
26 20 32 -0.0042288 -0.00634453 -0.00860408 0.0114963
26 21 32 -0.00390484 -0.0085181 -0.00931453 0.0132124
26 22 32 -0.00327085 -0.0109687 -0.00991494 0.0151432
26 23 32 -0.00231302 -0.0141024 -0.00927411 0.0170363
26 24 32 -0.00134717 -0.018905 -0.00773994 0.0204725
26 25 32 -0.000295794 -0.0260058 -0.00594896 0.0266792
26 26 32 0.000818679 -0.0354378 -0.00637622 0.0360162
26 27 32 0.00193088 -0.0453405 -0.0133615 0.0473077
26 28 32 0.00298806 -0.0498144 -0.0345663 0.0607062
26 29 32 0.00373547 -0.0389871 -0.0772689 0.0866281
26 30 32 0.00392441 -0.00750252 -0.139223 0.13948
26 31 32 0.00310096 0.000899306 -0.181014 0.181043
26 32 32 0.00125884 0.400752 -0.0450424 0.403278
26 33 32 -0.00160457 -0.091809 -0.00531592 0.0919767
26 34 32 -0.00747795 -0.018752 -0.00852037 0.0219124
26 35 32 0.00120033 0.00746004 0.00930638 0.0119876
26 36 32 0.00146695 -0.0298892 -0.00240733 0.0300218
26 37 32 -0.000755737 0.00865878 -0.000795254 0.00872801
26 38 32 -0.000475842 0.0104238 0.000675609 0.0104565
26 39 32 -0.00112876 0 0.000676653 0.00131604
26 0 33 0 0 0 0
26 1 33 -0.000116139 0.0100279 -0.000335172 0.0100341
26 2 33 0.000488168 0.00379425 0.000112006 0.00382716
26 3 33 -0.00119635 -0.00997869 -0.000561264 0.0100658
26 4 33 0.00122396 0.04141 0.00406024 0.0416266
26 5 33 0.000372261 -0.0124335 -0.00619615 0.0138968
26 6 33 3.30911e-05 -0.052543 -0.0208525 0.0565296
26 7 33 0.000180197 -0.08265 0.0183378 0.08466
26 8 33 0.00021238 0.0459053 0.102738 0.112527
26 9 33 7.39769e-05 0.0304009 0.058686 0.0660929
26 10 33 -0.000154213 0.0201561 0.03091 0.0369015
26 11 33 -0.000478512 0.0136876 0.0155436 0.0207167
26 12 33 -0.00102038 0.00963519 0.00742113 0.0122046
26 13 33 -0.00160479 0.00698324 0.00455828 0.00849229
26 14 33 -0.00221643 0.00488818 0.00436835 0.00692021
26 15 33 -0.00284638 0.00290061 0.00528229 0.00666468
26 16 33 -0.0034105 0.00079105 0.00693934 0.0077725
26 17 33 -0.00376206 -0.00140125 0.00801827 0.00896712
26 18 33 -0.00389689 -0.00360536 0.00931405 0.0107208
26 19 33 -0.00383477 -0.0058174 0.00955908 0.0118289
26 20 33 -0.00332021 -0.00752721 0.00997549 0.0129303
26 21 33 -0.00270735 -0.00908859 0.0107667 0.0143476
26 22 33 -0.00183384 -0.010674 0.0137995 0.017542
26 23 33 -0.000810778 -0.0129667 0.0206574 0.0244033
26 24 33 4.96343e-05 -0.0176852 0.0353795 0.0395534
26 25 33 0.000899531 -0.0269631 0.063548 0.0690374
26 26 33 0.00168899 -0.0432066 0.11151 0.1196
26 27 33 0.0024021 -0.067099 0.187621 0.199272
26 28 33 0.00316691 -0.0931002 0.296827 0.311101
26 29 33 0.00383114 -0.101914 0.433661 0.445492
26 30 33 0.00415548 -0.0494772 0.568333 0.570498
26 31 33 0.00350862 0.135742 0.620338 0.635025
26 32 33 0.00155971 0.440449 0.442636 0.624439
26 33 33 -0.00126942 -0.0894313 -0.0743014 0.116277
26 34 33 -0.00671024 -0.00459898 0.0032472 0.00875912
26 35 33 0.00014102 -0.00819428 0.00384813 0.00905396
26 36 33 0.00170396 -0.025736 -0.00139983 0.0258303
26 37 33 -0.000624088 0.00856347 2.00878e-06 0.00858618
26 38 33 -0.000637508 0.0109098 0.000781346 0.0109563
26 39 33 -0.00113267 0 0.000443848 0.00121653
26 0 34 0 0 0 0
26 1 34 -0.000143726 0.0111598 -0.000477147 0.0111709
26 2 34 0.000415386 0.00262863 -0.000328761 0.00268148
26 3 34 -0.00122217 -0.00565225 -9.30772e-05 0.00578362
26 4 34 0.0012022 0.0279212 0.00821615 0.0291298
26 5 34 0.000685708 -0.0238518 0.000261098 0.0238631
26 6 34 0.000968279 -0.0117878 0.0328076 0.0348744
26 7 34 0.00127028 0.00229129 0.0497258 0.0497947
26 8 34 0.00148222 0.00225062 0.0505974 0.0506691
26 9 34 0.00142815 0.00321448 0.0515621 0.0516819
26 10 34 0.00115965 0.00466946 0.051441 0.0516655
26 11 34 0.000754524 0.00592878 0.050783 0.0511334
26 12 34 0.000107241 0.00655348 0.0488338 0.0492717
26 13 34 -0.00066756 0.00648688 0.0471074 0.0475567
26 14 34 -0.00148065 0.00564084 0.0461034 0.0464708
26 15 34 -0.0022674 0.00403138 0.0464636 0.0466933
26 16 34 -0.00297034 0.00173977 0.0495148 0.0496344
26 17 34 -0.00341815 -0.00095829 0.054849 0.0549638
26 18 34 -0.00353416 -0.00360879 0.0636223 0.0638225
26 19 34 -0.00342945 -0.00602746 0.0747147 0.0750359
26 20 34 -0.00290092 -0.00742549 0.0875199 0.0878823
26 21 34 -0.00212454 -0.00728396 0.100197 0.100484
26 22 34 -0.00112361 -0.00480025 0.110577 0.110687
26 23 34 -0.00018687 0.000495671 0.115173 0.115174
26 24 34 0.000369084 0.00862179 0.111081 0.111416
26 25 34 0.000494897 0.0191891 0.0951135 0.0970311
26 26 34 -0.000172425 0.0304972 0.0650298 0.071826
26 27 34 -0.00175946 0.0394607 0.0218093 0.0451208
26 28 34 -0.00396308 0.0414135 -0.0308141 0.0517716
26 29 34 -0.00638901 0.0301713 -0.083795 0.0892901
26 30 34 -0.00822116 0.000779997 -0.121597 0.121877
26 31 34 -0.00880059 -0.0431307 -0.126061 0.133525
26 32 34 -0.00771392 -0.0773369 -0.0833271 0.113947
26 33 34 -0.00547212 -0.00719846 -0.00518658 0.0104241
26 34 34 -0.00553293 -0.00568552 -0.00258636 0.00834432
26 35 34 -0.000966499 -0.018735 -0.00428843 0.0192438
26 36 34 0.0017998 -0.0216384 0.000917213 0.0217325
26 37 34 -0.000464386 0.00768447 0.00216773 0.00799786
26 38 34 -0.000805955 0.0111217 0.00106847 0.0112019
26 39 34 -0.00112768 0 -0.000116893 0.00113372
26 0 35 0 0 0 0
26 1 35 -0.000161698 0.0119549 -0.000540407 0.0119682
26 2 35 0.000273232 0.0024261 -0.000980681 0.00263104
26 3 35 -0.000929668 0.00198175 0.00101569 0.00241314
26 4 35 0.000736123 0.0175531 0.00379288 0.0179733
26 5 35 0.00098776 0.00868097 -0.00932666 0.0127797
26 6 35 0.00135855 0.00482561 -0.0176985 0.0183948
26 7 35 0.00152693 0.00251348 -0.0236161 0.0237985
26 8 35 0.00168433 0.00250917 -0.0271748 0.0273423
26 9 35 0.00185894 0.00270499 -0.0308219 0.0309961
26 10 35 0.00202675 0.00301306 -0.0351585 0.0353455
26 11 35 0.00224827 0.0035171 -0.0394503 0.0396705
26 12 35 0.00242172 0.00407386 -0.0446249 0.0448759
26 13 35 0.00249919 0.00474425 -0.0501551 0.050441
26 14 35 0.00242515 0.0054683 -0.0563192 0.056636
26 15 35 0.00217821 0.006189 -0.0633418 0.0636807
26 16 35 0.00168451 0.00677235 -0.07044 0.0707848
26 17 35 0.000952047 0.00702936 -0.0782785 0.0785992
26 18 35 8.1182e-05 0.00705266 -0.0858428 0.0861321
26 19 35 -0.00100557 0.00648261 -0.092942 0.0931732
26 20 35 -0.00213836 0.00529858 -0.0989626 0.0991274
26 21 35 -0.00322397 0.00347213 -0.103349 0.103457
26 22 35 -0.00411599 0.00116403 -0.1053 0.105386
26 23 35 -0.00475209 -0.00160439 -0.104407 0.104527
26 24 35 -0.00501307 -0.00451271 -0.10004 0.100267
26 25 35 -0.00475071 -0.0069325 -0.0925197 0.0929006
26 26 35 -0.00414985 -0.00843487 -0.082392 0.0829265
26 27 35 -0.00330061 -0.00849959 -0.0704934 0.0710806
26 28 35 -0.00229361 -0.00688734 -0.0589572 0.0594024
26 29 35 -0.00149728 -0.00406868 -0.049529 0.0497184
26 30 35 -0.0010636 -0.000890132 -0.043297 0.0433192
26 31 35 -0.00118705 0.0012444 -0.0410056 0.0410417
26 32 35 -0.00185988 0.00104782 -0.0410156 0.0410712
26 33 35 -0.00290526 -0.00493717 -0.0409538 0.0413525
26 34 35 -0.00316159 -0.0116952 -0.0340447 0.0361361
26 35 35 -0.000660231 -0.0184207 -0.0181924 0.0258983
26 36 35 0.00146339 -0.0179082 -0.00149366 0.0180298
26 37 35 -0.000271253 0.00505741 0.00424585 0.00660895
26 38 35 -0.000939245 0.0105524 0.00156419 0.010709
26 39 35 -0.00112152 0 -0.00102539 0.00151962
26 0 36 0 0 0 0
26 1 36 -0.000163809 0.0121481 -0.000727012 0.0121709
26 2 36 6.54829e-05 0.00415604 -0.00123439 0.00433597
26 3 36 -0.00052266 0.00392753 0.00135641 0.0041879
26 4 36 2.49569e-05 0.00289474 0.00284918 0.00406177
26 5 36 7.69761e-05 -0.000899944 0.00406711 0.0041662
26 6 36 -0.000127612 -0.00164133 0.00813967 0.00830449
26 7 36 -0.000421935 -0.00151344 0.0120448 0.0121468
26 8 36 -0.000660837 -0.00134549 0.0156909 0.0157623
26 9 36 -0.000845427 -0.00120642 0.0191787 0.0192352
26 10 36 -0.00100299 -0.00112948 0.0221483 0.0221997
26 11 36 -0.00107758 -0.000959945 0.025188 0.0252293
26 12 36 -0.00105886 -0.000810779 0.0276861 0.0277182
26 13 36 -0.000940526 -0.000610732 0.0300216 0.0300425
26 14 36 -0.000769229 -0.000400612 0.0320184 0.0320302
26 15 36 -0.000518479 -0.000142618 0.0333004 0.0333047
26 16 36 -0.000203319 0.000201602 0.0344589 0.0344601
26 17 36 0.000102579 0.000447865 0.0348546 0.0348576
26 18 36 0.000459799 0.000788477 0.0347402 0.0347522
26 19 36 0.000800358 0.00112302 0.0341006 0.0341285
26 20 36 0.00109466 0.0014407 0.0329402 0.0329898
26 21 36 0.00132229 0.00169669 0.0312486 0.0313226
26 22 36 0.00146911 0.00191334 0.0291508 0.0292504
26 23 36 0.0015363 0.00198222 0.0266719 0.0267896
26 24 36 0.00155487 0.00197444 0.0240277 0.0241588
26 25 36 0.00155209 0.00192923 0.0211248 0.0212694
26 26 36 0.00149893 0.00171548 0.0183197 0.0184608
26 27 36 0.00150282 0.00145462 0.0158172 0.0159549
26 28 36 0.00162135 0.00122348 0.0133353 0.0134891
26 29 36 0.00176629 0.000948505 0.0111947 0.0113729
26 30 36 0.0020266 0.00077455 0.00938094 0.00962856
26 31 36 0.00236843 0.000758202 0.0074223 0.00782782
26 32 36 0.00280772 0.000868519 0.00573547 0.00644463
26 33 36 0.00330083 0.00206365 0.00395919 0.00555241
26 34 36 0.00338646 0.00283074 0.000587185 0.00445264
26 35 36 0.00248417 -0.003024 -0.00370261 0.00538748
26 36 36 0.00126853 -0.0105292 -0.00306027 0.011038
26 37 36 -0.000181178 0.00118551 0.00278911 0.00303602
26 38 36 -0.000964662 0.00852538 0.00170456 0.00874746
26 39 36 -0.00110861 0 -0.00195247 0.00224525
26 0 37 0 0 0 0
26 1 37 -0.000151121 0.0122698 -0.000928295 0.0123058
26 2 37 -8.28094e-05 0.00679073 -0.00130808 0.00691607
26 3 37 -0.000445751 0.00517929 -0.000795263 0.00525892
26 4 37 -0.000759168 0.00384518 -0.00187637 0.0043454
26 5 37 -0.00102446 0.00284412 -0.00395644 0.00497915
26 6 37 -0.00107667 0.00218859 -0.0062608 0.00671914
26 7 37 -0.00104387 0.00184452 -0.00859177 0.00884932
26 8 37 -0.00101827 0.00174329 -0.010602 0.0107925
26 9 37 -0.000997896 0.00163958 -0.0123232 0.0124718
26 10 37 -0.00099763 0.00145258 -0.0139771 0.0140878
26 11 37 -0.00101541 0.00130824 -0.0151751 0.0152652
26 12 37 -0.00104225 0.00111549 -0.0162788 0.0163502
26 13 37 -0.00105317 0.00096178 -0.0170222 0.0170819
26 14 37 -0.00108953 0.000784626 -0.0173999 0.0174516
26 15 37 -0.00113378 0.000586029 -0.0177511 0.0177969
26 16 37 -0.00114656 0.000481666 -0.0176861 0.0177298
26 17 37 -0.00118564 0.000315263 -0.0175034 0.0175464
26 18 37 -0.00120994 0.000184582 -0.017181 0.0172245
26 19 37 -0.00120758 7.9141e-05 -0.0167369 0.0167806
26 20 37 -0.00120105 1.71466e-05 -0.0162102 0.0162546
26 21 37 -0.0011846 -3.95292e-05 -0.0156364 0.0156813
26 22 37 -0.00117205 -7.65319e-05 -0.0150387 0.0150845
26 23 37 -0.00114997 -0.000119926 -0.0144783 0.0145244
26 24 37 -0.00112408 -0.000116769 -0.0139225 0.0139682
26 25 37 -0.00111371 -0.000114901 -0.0134926 0.013539
26 26 37 -0.00110935 -0.0001841 -0.0130064 0.0130549
26 27 37 -0.00107982 -0.000225223 -0.0125255 0.012574
26 28 37 -0.00105686 -0.000236227 -0.0122824 0.0123301
26 29 37 -0.00107717 -0.00026718 -0.0119608 0.0120121
26 30 37 -0.00106835 -0.000297971 -0.0116201 0.0116729
26 31 37 -0.00106404 -0.000355638 -0.0115305 0.0115849
26 32 37 -0.00105894 -0.000446864 -0.0113073 0.0113656
26 33 37 -0.0010568 -0.000604099 -0.0111329 0.0111992
26 34 37 -0.000994492 -0.000996323 -0.010875 0.0109657
26 35 37 -0.000738297 -0.00179742 -0.00958395 0.00977895
26 36 37 -0.000438976 -0.00390255 -0.00682141 0.0078711
26 37 37 -0.000529501 -0.000544087 -0.00177952 0.0019347
26 38 37 -0.000905256 0.00527026 0.000270437 0.00535427
26 39 37 -0.00107769 0 -0.00239364 0.00262506
26 0 38 0 0 0 0
26 1 38 -0.000132121 0.0126182 -0.000918797 0.0126523
26 2 38 8.87791e-05 0.00788972 -0.0018305 0.00809977
26 3 38 0.000212227 0.00478884 -0.00328039 0.00580853
26 4 38 0.000318366 0.00249072 -0.00536207 0.00592088
26 5 38 0.000351807 0.00105761 -0.00731628 0.00740069
26 6 38 0.000323109 0.000420539 -0.00879476 0.00881074
26 7 38 0.000271468 0.000203834 -0.0100441 0.0100498
26 8 38 0.000209989 0.000189334 -0.0111268 0.0111304
26 9 38 0.000150684 0.000186835 -0.0120911 0.0120935
26 10 38 9.88511e-05 0.00015026 -0.0130467 0.0130479
26 11 38 5.17107e-05 0.000157086 -0.0138078 0.0138088
26 12 38 3.23472e-06 0.000114625 -0.0145599 0.0145604
26 13 38 -3.05792e-05 0.00011326 -0.0151918 0.0151922
26 14 38 -7.07165e-05 0.00010923 -0.01563 0.0156305
26 15 38 -0.000120675 5.434e-05 -0.0160561 0.0160567
26 16 38 -0.000151209 4.34192e-05 -0.0163021 0.0163029
26 17 38 -0.000195078 1.05837e-06 -0.0164376 0.0164388
26 18 38 -0.000244492 -4.28691e-05 -0.0164472 0.0164491
26 19 38 -0.00028502 -0.000104366 -0.016324 0.0163268
26 20 38 -0.000330807 -0.000154868 -0.0160696 0.0160737
26 21 38 -0.000368884 -0.000208037 -0.0156687 0.0156744
26 22 38 -0.000410273 -0.00025343 -0.0151294 0.0151371
26 23 38 -0.000443269 -0.000292753 -0.01447 0.0144797
26 24 38 -0.000472615 -0.000313893 -0.0136553 0.0136671
26 25 38 -0.000508959 -0.000359647 -0.0127473 0.0127625
26 26 38 -0.000530449 -0.000412564 -0.0116797 0.0116991
26 27 38 -0.000537152 -0.000426178 -0.0104948 0.0105172
26 28 38 -0.000554352 -0.000461078 -0.00929472 0.00932264
26 29 38 -0.00057595 -0.000493579 -0.00793484 0.00797101
26 30 38 -0.000574923 -0.000495638 -0.00647679 0.00652112
26 31 38 -0.000584036 -0.000522987 -0.00504266 0.00510323
26 32 38 -0.000595283 -0.000555022 -0.00345055 0.00354524
26 33 38 -0.000604094 -0.000358967 -0.00183952 0.00196916
26 34 38 -0.000613155 0.000193884 -0.000444563 0.000781784
26 35 38 -0.000618316 0.000996606 0.000458359 0.00125922
26 36 38 -0.00062199 0.0011815 0.000414971 0.00139822
26 37 38 -0.000666 0.00121098 6.47406e-05 0.00138355
26 38 38 -0.000832771 0.00277228 -0.000235898 0.00290425
26 39 38 -0.00100899 0 -0.00181411 0.00207583
26 0 39 0 0 0 0
26 1 39 -0.000111979 0.0123873 0 0.0123878
26 2 39 0.000263537 0.00703833 0 0.00704326
26 3 39 0.000526648 0.00328685 0 0.00332878
26 4 39 0.000693511 0.00108065 0 0.00128404
26 5 39 0.000782098 1.83723e-05 0 0.000782313
26 6 39 0.000812461 -0.000328453 0 0.000876341
26 7 39 0.000817343 -0.000380211 0 0.000901449
26 8 39 0.000807534 -0.000305026 0 0.000863222
26 9 39 0.000783092 -0.000233949 0 0.000817292
26 10 39 0.000749043 -0.000176624 0 0.000769586
26 11 39 0.000709664 -8.19777e-05 0 0.000714384
26 12 39 0.000661068 -3.60182e-05 0 0.000662049
26 13 39 0.000609906 3.62192e-05 0 0.000610981
26 14 39 0.00055209 0.000121551 0 0.000565312
26 15 39 0.000484068 0.000172797 0 0.000513985
26 16 39 0.000420388 0.000238632 0 0.000483396
26 17 39 0.000350173 0.00029299 0 0.000456579
26 18 39 0.000276132 0.000353076 0 0.000448231
26 19 39 0.000206555 0.000395907 0 0.00044655
26 20 39 0.000133806 0.000443905 0 0.000463633
26 21 39 6.88162e-05 0.000489105 0 0.000493923
26 22 39 3.56326e-06 0.000528214 0 0.000528226
26 23 39 -5.45376e-05 0.00056506 0 0.000567685
26 24 39 -0.000106232 0.000601003 0 0.000610319
26 25 39 -0.00015887 0.000606884 0 0.000627334
26 26 39 -0.000199513 0.000618477 0 0.00064986
26 27 39 -0.000231923 0.00065375 0 0.00069367
26 28 39 -0.000266077 0.000645801 0 0.000698467
26 29 39 -0.000293039 0.000633773 0 0.000698241
26 30 39 -0.000310799 0.000644852 0 0.000715842
26 31 39 -0.000334647 0.000633549 0 0.0007165
26 32 39 -0.000352242 0.000605719 0 0.000700692
26 33 39 -0.000360532 0.000605558 0 0.000704758
26 34 39 -0.000371557 0.00053079 0 0.000647914
26 35 39 -0.00040181 0.000437302 0 0.000593872
26 36 39 -0.000468586 0.000410748 0 0.000623126
26 37 39 -0.000585534 0.000598775 0 0.000837485
26 38 39 -0.000752346 0.00115529 0 0.00137867
26 39 39 -0.000922185 0 0 0.000922185
