39 1 1 0 0.000376766 -0.000374261 0.000531059
39 2 1 0 0.000504458 0.000817011 0.000960201
39 3 1 0 0.000593523 0.00125792 0.00139091
39 4 1 0 0.000629544 0.00120853 0.00136267
39 5 1 0 0.000641542 0.000885134 0.00109318
39 6 1 0 0.000698077 0.000405821 0.000807466
39 7 1 0 0.000770745 -0.000183139 0.000792204
39 8 1 0 0.000858895 -0.000843673 0.00120395
39 9 1 0 0.000944681 -0.00158636 0.00184634
39 10 1 0 0.00102164 -0.00240368 0.00261178
39 11 1 0 0.00108889 -0.00328457 0.00346036
39 12 1 0 0.00114677 -0.00422749 0.00438027
39 13 1 0 0.00119333 -0.00522581 0.00536032
39 14 1 0 0.00122639 -0.00626776 0.00638662
39 15 1 0 0.00124505 -0.00734104 0.00744588
39 16 1 0 0.00124864 -0.00843307 0.008525
39 17 1 0 0.00123695 -0.00952865 0.00960861
39 18 1 0 0.00121 -0.010614 0.0106828
39 19 1 0 0.00116759 -0.0116766 0.0117349
39 20 1 0 0.00110948 -0.0127022 0.0127505
39 21 1 0 0.0010362 -0.0136745 0.0137137
39 22 1 0 0.00094648 -0.014578 0.0146087
39 23 1 0 0.000841208 -0.0154 0.015423
39 24 1 0 0.000720862 -0.0161223 0.0161384
39 25 1 0 0.000584843 -0.0167267 0.0167369
39 26 1 0 0.000435672 -0.0172003 0.0172058
39 27 1 0 0.000275672 -0.0175275 0.0175296
39 28 1 0 0.000106299 -0.0176938 0.0176941
39 29 1 0 -7.01205e-05 -0.01769 0.0176902
39 30 1 0 -0.000250988 -0.0175038 0.0175056
39 31 1 0 -0.000429651 -0.0171188 0.0171242
39 32 1 0 -0.000598679 -0.0165193 0.0165301
39 33 1 0 -0.000769956 -0.015701 0.0157199
39 34 1 0 -0.00105437 -0.0146012 0.0146393
39 35 1 0 -0.0013479 -0.0130207 0.0130903
39 36 1 0 -0.00126333 -0.0109798 0.0110522
39 37 1 0 -0.00110189 -0.00902176 0.0090888
39 38 1 0 -0.000769483 -0.00743106 0.00747079
39 39 1 0 0 -0.00662016 0.00662016
39 1 2 0 0.00194314 -0.000250702 0.00195924
39 2 2 0 0.00141567 0.000283661 0.00144381
39 3 2 0 0.00108089 0.000360488 0.00113942
39 4 2 0 0.000876144 0.000125336 0.000885063
39 5 2 0 0.000771033 -0.000241144 0.000807863
39 6 2 0 0.00074534 -0.00066111 0.000996292
39 7 2 0 0.000782023 -0.00107674 0.00133076
39 8 2 0 0.000844254 -0.00150442 0.00172513
39 9 2 0 0.000896668 -0.00198141 0.00217486
39 10 2 0 0.000936707 -0.00248351 0.00265429
39 11 2 0 0.00096824 -0.00300512 0.00315725
39 12 2 0 0.000991716 -0.00355817 0.00369379
39 13 2 0 0.00100332 -0.00413829 0.00425818
39 14 2 0 0.00100145 -0.00473352 0.00483829
39 15 2 0 0.000987545 -0.00533465 0.00542529
39 16 2 0 0.000961832 -0.00593768 0.00601508
39 17 2 0 0.00092352 -0.00653305 0.006598
39 18 2 0 0.000873889 -0.00710997 0.00716348
39 19 2 0 0.000814166 -0.00766175 0.00770489
39 20 2 0 0.000743148 -0.00817967 0.00821336
39 21 2 0 0.000664806 -0.00865031 0.00867582
39 22 2 0 0.000576961 -0.00906411 0.00908246
39 23 2 0 0.000481399 -0.0094165 0.0094288
39 24 2 0 0.000380318 -0.0096922 0.00969966
39 25 2 0 0.000271128 -0.00988119 0.00988491
39 26 2 0 0.000157987 -0.00997827 0.00997952
39 27 2 0 4.52382e-05 -0.00996927 0.00996938
39 28 2 0 -6.30371e-05 -0.00984428 0.00984448
39 29 2 0 -0.000160222 -0.00960617 0.00960751
39 30 2 0 -0.000244515 -0.00926098 0.00926421
39 31 2 0 -0.00030831 -0.00881177 0.00881717
39 32 2 0 -0.000337754 -0.00825681 0.00826371
39 33 2 0 -0.000283357 -0.00762379 0.00762905
39 34 2 0 -0.000150739 -0.0069919 0.00699353
39 35 2 0 -5.65171e-05 -0.00638453 0.00638478
39 36 2 0 -9.84216e-05 -0.00570834 0.00570919
39 37 2 0 -0.000293202 -0.00489919 0.00490796
39 38 2 0 -0.000542181 -0.00408854 0.00412433
39 39 2 0 0 -0.00367439 0.00367439
39 1 3 0 0.0027766 -0.000105891 0.00277862
39 2 3 0 0.00189204 -3.77335e-05 0.00189242
39 3 3 0 0.00129433 -0.00012578 0.00130043
39 4 3 0 0.000965586 -0.000384827 0.00103945
39 5 3 0 0.000828525 -0.000693256 0.0010803
39 6 3 0 0.000802175 -0.00100876 0.00128883
39 7 3 0 0.000844949 -0.00127604 0.00153043
39 8 3 0 0.000905956 -0.00153561 0.00178294
39 9 3 0 0.00094743 -0.00182692 0.00205797
39 10 3 0 0.000973767 -0.00210751 0.0023216
39 11 3 0 0.000990442 -0.0023853 0.00258276
39 12 3 0 0.000995832 -0.00267493 0.00285428
39 13 3 0 0.000986877 -0.00296588 0.00312576
39 14 3 0 0.000964929 -0.00324906 0.00338932
39 15 3 0 0.000932602 -0.0035201 0.00364155
39 16 3 0 0.000891178 -0.00378448 0.00388799
39 17 3 0 0.000838804 -0.00403909 0.00412527
39 18 3 0 0.00077704 -0.00427458 0.00434463
39 19 3 0 0.000709945 -0.00448923 0.00454502
39 20 3 0 0.000634375 -0.00468093 0.00472373
39 21 3 0 0.000558017 -0.00483899 0.00487106
39 22 3 0 0.000477595 -0.00496082 0.00498376
39 23 3 0 0.000397309 -0.00504807 0.00506368
39 24 3 0 0.000321196 -0.00508952 0.00509965
39 25 3 0 0.000244425 -0.00508782 0.00509369
39 26 3 0 0.000171484 -0.00504579 0.00504871
39 27 3 0 0.000103988 -0.00495413 0.00495522
39 28 3 0 4.45939e-05 -0.0048067 0.00480691
39 29 3 0 2.90968e-06 -0.00460721 0.00460721
39 30 3 0 -2.36392e-05 -0.00436816 0.00436822
39 31 3 0 -3.81928e-05 -0.00410506 0.00410524
39 32 3 0 -3.77086e-05 -0.00381082 0.003811
39 33 3 0 -5.4379e-06 -0.00348714 0.00348715
39 34 3 0 6.23085e-05 -0.00318359 0.0031842
39 35 3 0 0.000140309 -0.00290314 0.00290653
39 36 3 0 0.000159384 -0.00256669 0.00257163
39 37 3 0 -7.40965e-05 -0.00214355 0.00214483
39 38 3 0 -0.000593383 -0.00170619 0.00180643
39 39 3 0 0 -0.0014969 0.0014969
39 1 4 0 0.00306165 4.10496e-05 0.00306192
39 2 4 0 0.00212699 -0.000180268 0.00213461
39 3 4 0 0.00138436 -0.000310722 0.0014188
39 4 4 0 0.000984464 -0.000520909 0.00111378
39 5 4 0 0.000843086 -0.000734363 0.00111807
39 6 4 0 0.000831624 -0.00094045 0.00125541
39 7 4 0 0.000888624 -0.00108402 0.0014017
39 8 4 0 0.000951424 -0.00121886 0.00154623
39 9 4 0 0.000990816 -0.00137042 0.00169109
39 10 4 0 0.00102035 -0.0014894 0.00180539
39 11 4 0 0.00103969 -0.00160675 0.00191379
39 12 4 0 0.00104327 -0.001727 0.00201766
39 13 4 0 0.0010305 -0.00183318 0.00210296
39 14 4 0 0.00100522 -0.00192532 0.00217194
39 15 4 0 0.0009683 -0.00199991 0.00222199
39 16 4 0 0.000922987 -0.00206522 0.00226208
39 17 4 0 0.000867628 -0.00212162 0.00229217
39 18 4 0 0.000803129 -0.00215978 0.00230427
39 19 4 0 0.000736998 -0.00218192 0.00230302
39 20 4 0 0.000662997 -0.00219274 0.00229078
39 21 4 0 0.000591432 -0.00218259 0.00226131
39 22 4 0 0.000516934 -0.00215491 0.00221605
39 23 4 0 0.00044559 -0.00211274 0.00215922
39 24 4 0 0.000382356 -0.00204507 0.00208051
39 25 4 0 0.00032185 -0.00196344 0.00198965
39 26 4 0 0.000269746 -0.00187204 0.00189137
39 27 4 0 0.000223253 -0.0017686 0.00178264
39 28 4 0 0.000180112 -0.00165247 0.00166226
39 29 4 0 0.000151867 -0.00151962 0.00152719
39 30 4 0 0.000138455 -0.00137545 0.0013824
39 31 4 0 0.000131239 -0.00124305 0.00124995
39 32 4 0 0.000126568 -0.00112002 0.00112715
39 33 4 0 0.000129595 -0.000982565 0.000991075
39 34 4 0 0.000150626 -0.000855829 0.000868983
39 35 4 0 0.000191883 -0.000746177 0.000770454
39 36 4 0 0.000203868 -0.000579321 0.000614146
39 37 4 0 -9.29187e-05 -0.000346355 0.000358602
39 38 4 0 -0.000767226 -9.07315e-05 0.000772572
39 39 4 0 0 4.73546e-05 4.73546e-05
39 1 5 0 0.0029864 0.000219544 0.00299446
39 2 5 0 0.00225917 -0.000197678 0.0022678
39 3 5 0 0.00145246 -0.000368839 0.00149856
39 4 5 0 0.00100536 -0.000553212 0.00114751
39 5 5 0 0.000849766 -0.000697232 0.0010992
39 6 5 0 0.000837168 -0.000817492 0.0011701
39 7 5 0 0.000894379 -0.000873835 0.0012504
39 8 5 0 0.000952622 -0.000925379 0.00132809
39 9 5 0 0.000994215 -0.000978473 0.00139495
39 10 5 0 0.00103232 -0.000993041 0.00143241
39 11 5 0 0.00105521 -0.00101864 0.00146667
39 12 5 0 0.00105867 -0.00103648 0.00148158
39 13 5 0 0.00104708 -0.0010308 0.00146933
39 14 5 0 0.00102547 -0.0010154 0.00144313
39 15 5 0 0.000990791 -0.000982763 0.00139552
39 16 5 0 0.000948042 -0.000940225 0.00133522
39 17 5 0 0.000895941 -0.000891572 0.00126397
39 18 5 0 0.000833786 -0.000827488 0.00117471
39 19 5 0 0.000772634 -0.000751884 0.0010781
39 20 5 0 0.000703488 -0.000674465 0.000974576
39 21 5 0 0.000638501 -0.000583389 0.000864885
39 22 5 0 0.000569951 -0.000487771 0.000750176
39 23 5 0 0.000504582 -0.000389408 0.000637371
39 24 5 0 0.000446904 -0.000276061 0.000525293
39 25 5 0 0.000392331 -0.000165019 0.000425623
39 26 5 0 0.000349309 -5.44505e-05 0.000353528
39 27 5 0 0.000313248 5.08282e-05 0.000317345
39 28 5 0 0.000275563 0.000142383 0.000310174
39 29 5 0 0.000244772 0.000229035 0.000335217
39 30 5 0 0.000227514 0.000318943 0.000391775
39 31 5 0 0.000218405 0.000391836 0.000448594
39 32 5 0 0.000210884 0.00043248 0.000481156
39 33 5 0 0.000199685 0.000471612 0.000512145
39 34 5 0 0.000197009 0.000508707 0.000545523
39 35 5 0 0.00020884 0.0005331 0.000572547
39 36 5 0 0.000183693 0.000611473 0.000638468
39 37 5 0 -0.000193932 0.000745556 0.000770366
39 38 5 0 -0.000955018 0.000916183 0.00132342
39 39 5 0 0 0.00104298 0.00104298
39 1 6 0 0.00265944 0.000219232 0.00266846
39 2 6 0 0.00231203 -0.000150734 0.00231694
39 3 6 0 0.00150441 -0.000390073 0.00155416
39 4 6 0 0.00102953 -0.000585728 0.00118448
39 5 6 0 0.000847583 -0.00070534 0.00110268
39 6 6 0 0.000816549 -0.000778085 0.0011279
39 7 6 0 0.000864355 -0.000782974 0.00116626
39 8 6 0 0.000917235 -0.0007852 0.00120742
39 9 6 0 0.000961244 -0.00077898 0.00123725
39 10 6 0 0.00100144 -0.000740099 0.00124525
39 11 6 0 0.00102033 -0.000721585 0.0012497
39 12 6 0 0.0010229 -0.000679501 0.00122802
39 13 6 0 0.00101542 -0.000613141 0.00118618
39 14 6 0 0.000999457 -0.000547968 0.00113982
39 15 6 0 0.00096785 -0.000466259 0.00107431
39 16 6 0 0.000927975 -0.000373429 0.00100029
39 17 6 0 0.000880065 -0.000277119 0.000922664
39 18 6 0 0.000822428 -0.000167743 0.00083936
39 19 6 0 0.000768881 -4.92258e-05 0.000770455
39 20 6 0 0.000707966 6.44919e-05 0.000710898
39 21 6 0 0.000652931 0.000189304 0.000679819
39 22 6 0 0.000593739 0.000309818 0.000669711
39 23 6 0 0.000536518 0.000426308 0.000685266
39 24 6 0 0.000483945 0.000551957 0.00073407
39 25 6 0 0.0004312 0.000665048 0.000792605
39 26 6 0 0.000389974 0.000779211 0.000871349
39 27 6 0 0.000359141 0.000886822 0.000956784
39 28 6 0 0.000327273 0.000970662 0.00102435
39 29 6 0 0.000294836 0.00103467 0.00107586
39 30 6 0 0.000269959 0.0010953 0.00112808
39 31 6 0 0.000253384 0.0011478 0.00117544
39 32 6 0 0.00024106 0.00116277 0.00118749
39 33 6 0 0.000222701 0.00116506 0.00118615
39 34 6 0 0.000211102 0.00116906 0.00118796
39 35 6 0 0.000201757 0.00115596 0.00117343
39 36 6 0 0.000129475 0.0011869 0.00119394
39 37 6 0 -0.000325061 0.00127601 0.00131676
39 38 6 0 -0.00112258 0.00142152 0.00181133
39 39 6 0 0 0.00156357 0.00156357
39 1 7 0 0.00233201 0.000244809 0.00234483
39 2 7 0 0.0022634 -9.91424e-05 0.00226557
39 3 7 0 0.00151189 -0.00040512 0.00156523
39 4 7 0 0.00103198 -0.000633094 0.0012107
39 5 7 0 0.000833224 -0.000761947 0.00112908
39 6 7 0 0.000785986 -0.000821202 0.00113673
39 7 7 0 0.000820784 -0.000804112 0.00114904
39 8 7 0 0.000864798 -0.000783361 0.00116685
39 9 7 0 0.000906855 -0.000748833 0.00117607
39 10 7 0 0.000943897 -0.000690227 0.00116934
39 11 7 0 0.000959087 -0.000652306 0.00115989
39 12 7 0 0.000965607 -0.00057619 0.00112445
39 13 7 0 0.000963791 -0.000484704 0.00107881
39 14 7 0 0.000950429 -0.000404303 0.00103285
39 15 7 0 0.000919252 -0.000302929 0.000967879
39 16 7 0 0.000881657 -0.000187712 0.000901419
39 17 7 0 0.000839019 -7.19765e-05 0.0008421
39 18 7 0 0.000788038 5.44812e-05 0.000789919
39 19 7 0 0.000742838 0.000188652 0.000766419
39 20 7 0 0.000689769 0.000312918 0.000757429
39 21 7 0 0.000643837 0.000448927 0.000784896
39 22 7 0 0.000594239 0.000575594 0.000827302
39 23 7 0 0.000546891 0.000695488 0.000884756
39 24 7 0 0.000502701 0.000821372 0.000962995
39 25 7 0 0.000453484 0.000925026 0.0010302
39 26 7 0 0.000411064 0.00103226 0.0011111
39 27 7 0 0.000379862 0.00113751 0.00119926
39 28 7 0 0.000352305 0.00122182 0.0012716
39 29 7 0 0.000323007 0.00127948 0.00131962
39 30 7 0 0.000295145 0.00132337 0.00135588
39 31 7 0 0.00027364 0.00136823 0.00139533
39 32 7 0 0.000259493 0.00137942 0.00140361
39 33 7 0 0.000238485 0.00137174 0.00139232
39 34 7 0 0.000223439 0.00137033 0.00138843
39 35 7 0 0.000196587 0.00134753 0.00136179
39 36 7 0 7.91825e-05 0.00135665 0.00135896
39 37 7 0 -0.000440644 0.00142897 0.00149536
39 38 7 0 -0.00125198 0.0015773 0.00201378
39 39 7 0 0 0.00174043 0.00174043
39 1 8 0 0.00198823 0.000270857 0.0020066
39 2 8 0 0.00212134 -6.74376e-05 0.00212241
39 3 8 0 0.00147088 -0.000424914 0.00153102
39 4 8 0 0.0010131 -0.000691462 0.00122658
39 5 8 0 0.000813233 -0.000840575 0.00116958
39 6 8 0 0.000754934 -0.000896568 0.00117207
39 7 8 0 0.000774582 -0.000867504 0.00116299
39 8 8 0 0.000810366 -0.000834538 0.00116325
39 9 8 0 0.000852304 -0.000784093 0.00115811
39 10 8 0 0.000887334 -0.000714542 0.00113927
39 11 8 0 0.000900854 -0.000660608 0.00111711
39 12 8 0 0.000910072 -0.000561423 0.00106931
39 13 8 0 0.000907918 -0.000460586 0.00101806
39 14 8 0 0.000891932 -0.000373882 0.000967125
39 15 8 0 0.000861651 -0.000258557 0.000899608
39 16 8 0 0.000829736 -0.000129912 0.000839844
39 17 8 0 0.000795046 -7.16193e-06 0.000795079
39 18 8 0 0.000751819 0.000122885 0.000761796
39 19 8 0 0.000712796 0.000259749 0.000758649
39 20 8 0 0.000662782 0.000383047 0.00076551
39 21 8 0 0.000619234 0.000520955 0.000809225
39 22 8 0 0.000572126 0.000648031 0.000864449
39 23 8 0 0.000528935 0.000769398 0.000933673
39 24 8 0 0.000491895 0.000897192 0.00102319
39 25 8 0 0.000448776 0.000993815 0.00109044
39 26 8 0 0.000407475 0.00109254 0.00116605
39 27 8 0 0.00037397 0.00119008 0.00124746
39 28 8 0 0.000347285 0.00127391 0.0013204
39 29 8 0 0.000322381 0.00133251 0.00137095
39 30 8 0 0.000295007 0.00136656 0.00139804
39 31 8 0 0.00027137 0.00140598 0.00143193
39 32 8 0 0.000257994 0.00141696 0.00144025
39 33 8 0 0.000238096 0.00140371 0.00142376
39 34 8 0 0.00022297 0.00140124 0.00141887
39 35 8 0 0.000184619 0.00137795 0.00139026
39 36 8 0 3.46178e-05 0.00137755 0.00137798
39 37 8 0 -0.00052944 0.0014408 0.001535
39 38 8 0 -0.00134437 0.00159406 0.00208527
39 39 8 0 0 0.00177371 0.00177371
39 1 9 0 0.00161917 0.000281697 0.00164349
39 2 9 0 0.00191645 -5.02844e-05 0.00191711
39 3 9 0 0.00139381 -0.000449087 0.00146437
39 4 9 0 0.000980362 -0.000748204 0.00123326
39 5 9 0 0.000788046 -0.000909961 0.00120376
39 6 9 0 0.000720401 -0.000957067 0.0011979
39 7 9 0 0.000727 -0.000916539 0.00116986
39 8 9 0 0.000758801 -0.000873668 0.00115718
39 9 9 0 0.000799357 -0.000808214 0.00113674
39 10 9 0 0.000826961 -0.000726555 0.00110079
39 11 9 0 0.000834304 -0.000657473 0.00106223
39 12 9 0 0.00084175 -0.000543826 0.00100214
39 13 9 0 0.000836987 -0.000439487 0.000945356
39 14 9 0 0.000820854 -0.000344771 0.000890319
39 15 9 0 0.000796627 -0.000215747 0.000825325
39 16 9 0 0.000772915 -7.82334e-05 0.000776864
39 17 9 0 0.000745022 4.69592e-05 0.0007465
39 18 9 0 0.000707865 0.000178416 0.000730003
39 19 9 0 0.000673815 0.0003179 0.000745042
39 20 9 0 0.000626917 0.000441111 0.000766553
39 21 9 0 0.000585839 0.000580756 0.000824915
39 22 9 0 0.000540285 0.000707487 0.000890194
39 23 9 0 0.000498552 0.000829409 0.000967716
39 24 9 0 0.000466725 0.000960814 0.00106817
39 25 9 0 0.000431125 0.00105554 0.00114019
39 26 9 0 0.000395353 0.00114968 0.00121576
39 27 9 0 0.000362194 0.00123818 0.00129007
39 28 9 0 0.000335097 0.00131722 0.00135918
39 29 9 0 0.000314058 0.00137648 0.00141185
39 30 9 0 0.000288335 0.00140275 0.00143208
39 31 9 0 0.000263103 0.00143525 0.00145917
39 32 9 0 0.000249887 0.0014447 0.00146615
39 33 9 0 0.000231328 0.00142408 0.00144274
39 34 9 0 0.000214789 0.00141572 0.00143192
39 35 9 0 0.00016752 0.00139168 0.00140173
39 36 9 0 -5.88647e-06 0.00138603 0.00138605
39 37 9 0 -0.000594133 0.00144251 0.00156007
39 38 9 0 -0.00140447 0.00159803 0.0021275
39 39 9 0 0 0.00179066 0.00179066
39 1 10 0 0.00123954 0.000276268 0.00126995
39 2 10 0 0.00166897 -4.81539e-05 0.00166966
39 3 10 0 0.00128669 -0.000473095 0.00137091
39 4 10 0 0.00093112 -0.000792713 0.00122286
39 5 10 0 0.000751359 -0.000959405 0.00121861
39 6 10 0 0.000677571 -0.000998799 0.00120694
39 7 10 0 0.000675732 -0.000953561 0.00116871
39 8 10 0 0.000704148 -0.000905174 0.00114681
39 9 10 0 0.000737888 -0.000828259 0.00110928
39 10 10 0 0.000756031 -0.000740204 0.00105806
39 11 10 0 0.000761259 -0.000663446 0.00100979
39 12 10 0 0.000771254 -0.000542413 0.000942891
39 13 10 0 0.000767407 -0.000433961 0.000881609
39 14 10 0 0.000752906 -0.000327161 0.000820916
39 15 10 0 0.000732574 -0.000185521 0.000755701
39 16 10 0 0.000711036 -4.12833e-05 0.000712234
39 17 10 0 0.000683759 8.85973e-05 0.000689475
39 18 10 0 0.000649806 0.0002269 0.000688281
39 19 10 0 0.000620954 0.00037496 0.000725382
39 20 10 0 0.000580181 0.000503236 0.000768022
39 21 10 0 0.000545482 0.000647098 0.000846337
39 22 10 0 0.000504765 0.000773621 0.00092373
39 23 10 0 0.000464559 0.000893366 0.00100694
39 24 10 0 0.000434668 0.00102575 0.00111404
39 25 10 0 0.00040295 0.0011195 0.00118981
39 26 10 0 0.000371741 0.00121252 0.00126822
39 27 10 0 0.000339517 0.00129508 0.00133884
39 28 10 0 0.000310617 0.00136921 0.001404
39 29 10 0 0.000291772 0.00142969 0.00145916
39 30 10 0 0.000268414 0.00145101 0.00147562
39 31 10 0 0.000242938 0.00147602 0.00149588
39 32 10 0 0.000230693 0.00148318 0.00150102
39 33 10 0 0.000216595 0.00145435 0.00147039
39 34 10 0 0.000202368 0.00143326 0.00144748
39 35 10 0 0.000151446 0.00140011 0.00140828
39 36 10 0 -3.61055e-05 0.00138489 0.00138536
39 37 10 0 -0.000631491 0.00143438 0.00156723
39 38 10 0 -0.00142906 0.00159308 0.00214012
39 39 10 0 0 0.00179866 0.00179866
39 1 11 0 0.000860392 0.00025677 0.000897889
39 2 11 0 0.00139342 -5.72094e-05 0.00139459
39 3 11 0 0.00115287 -0.000492548 0.00125368
39 4 11 0 0.000863627 -0.000824799 0.00119421
39 5 11 0 0.000702676 -0.000997546 0.00122018
39 6 11 0 0.000628637 -0.0010372 0.00121283
39 7 11 0 0.000622605 -0.000993231 0.00117224
39 8 11 0 0.000647272 -0.000940326 0.00114157
39 9 11 0 0.00067469 -0.000854814 0.001089
39 10 11 0 0.000689803 -0.000764062 0.00102938
39 11 11 0 0.000697744 -0.000678818 0.000973468
39 12 11 0 0.000707578 -0.000546356 0.000893964
39 13 11 0 0.000698995 -0.000428402 0.00081983
39 14 11 0 0.000680718 -0.000308055 0.000747178
39 15 11 0 0.000659688 -0.000157728 0.000678282
39 16 11 0 0.00063811 -9.4778e-06 0.00063818
39 17 11 0 0.000612627 0.000125836 0.000625417
39 18 11 0 0.000584359 0.00027137 0.000644295
39 19 11 0 0.000561674 0.000426497 0.00070525
39 20 11 0 0.000526681 0.000557918 0.000767245
39 21 11 0 0.000497123 0.00070422 0.000862008
39 22 11 0 0.000460807 0.000829767 0.000949135
39 23 11 0 0.000421865 0.000945352 0.00103521
39 24 11 0 0.00039256 0.00107559 0.00114499
39 25 11 0 0.000363135 0.00116616 0.00122139
39 26 11 0 0.000336382 0.00125718 0.00130141
39 27 11 0 0.000307122 0.00133513 0.00137
39 28 11 0 0.000277369 0.0014052 0.00143231
39 29 11 0 0.000259684 0.00146879 0.00149157
39 30 11 0 0.000239008 0.00149077 0.0015098
39 31 11 0 0.000213779 0.00151255 0.00152758
39 32 11 0 0.000200667 0.00152265 0.00153581
39 33 11 0 0.000189776 0.00149401 0.00150601
39 34 11 0 0.000179346 0.00146453 0.00147547
39 35 11 0 0.000129647 0.00141892 0.00142483
39 36 11 0 -6.14513e-05 0.00138673 0.00138809
39 37 11 0 -0.000647276 0.001422 0.00156239
39 38 11 0 -0.00142071 0.00157973 0.00212461
39 39 11 0 0 0.00179722 0.00179722
39 1 12 0 0.000491175 0.000226031 0.000540687
39 2 12 0 0.00110479 -7.4827e-05 0.00110732
39 3 12 0 0.00100177 -0.000509962 0.0011241
39 4 12 0 0.000784842 -0.000852322 0.00115863
39 5 12 0 0.000648509 -0.00103404 0.00122057
39 6 12 0 0.000578308 -0.00107714 0.00122257
39 7 12 0 0.000569226 -0.00103226 0.00117881
39 8 12 0 0.000589447 -0.000970898 0.00113582
39 9 12 0 0.00061218 -0.000876499 0.00106912
39 10 12 0 0.000625129 -0.000780606 0.00100007
39 11 12 0 0.000630161 -0.000681236 0.000928
39 12 12 0 0.000632757 -0.000536183 0.000829382
39 13 12 0 0.000618762 -0.000412556 0.000743686
39 14 12 0 0.000601262 -0.000284437 0.000665147
39 15 12 0 0.000585103 -0.000130206 0.000599415
39 16 12 0 0.000568605 2.06157e-05 0.000568979
39 17 12 0 0.00054879 0.000161247 0.000571988
39 18 12 0 0.000526684 0.000311766 0.00061204
39 19 12 0 0.000507222 0.000470255 0.000691674
39 20 12 0 0.000473958 0.000602114 0.000766275
39 21 12 0 0.000445357 0.000749912 0.000872188
39 22 12 0 0.000411265 0.000876245 0.000967958
39 23 12 0 0.000373452 0.000989862 0.00105797
39 24 12 0 0.000344791 0.00111947 0.00117136
39 25 12 0 0.000317455 0.00120824 0.00124925
39 26 12 0 0.000294704 0.00129697 0.00133003
39 27 12 0 0.000269495 0.00136927 0.00139554
39 28 12 0 0.000240267 0.00143224 0.00145226
39 29 12 0 0.000222942 0.00149487 0.0015114
39 30 12 0 0.000205113 0.001516 0.00152982
39 31 12 0 0.000181837 0.00153215 0.0015429
39 32 12 0 0.000167766 0.00154314 0.00155223
39 33 12 0 0.000158167 0.00151867 0.00152688
39 34 12 0 0.000150702 0.0014891 0.0014967
39 35 12 0 0.000104243 0.00143833 0.0014421
39 36 12 0 -8.2888e-05 0.00139285 0.00139531
39 37 12 0 -0.000646512 0.00141221 0.00155316
39 38 12 0 -0.00138459 0.0015624 0.00208762
39 39 12 0 0 0.00178702 0.00178702
39 1 13 0 0.000141291 0.000186195 0.000233735
39 2 13 0 0.000817306 -0.000100177 0.000823423
39 3 13 0 0.000842446 -0.000528698 0.000994604
39 4 13 0 0.000698269 -0.00087772 0.00112159
39 5 13 0 0.000587836 -0.00106592 0.00121727
39 6 13 0 0.000521988 -0.00110949 0.00122615
39 7 13 0 0.000509415 -0.0010597 0.00117578
39 8 13 0 0.000525055 -0.00098906 0.00111979
39 9 13 0 0.000543484 -0.000887912 0.00104104
39 10 13 0 0.000552032 -0.00078646 0.000960863
39 11 13 0 0.000551777 -0.000674897 0.000871747
39 12 13 0 0.000550676 -0.000525167 0.000760949
39 13 13 0 0.000538345 -0.000401686 0.000671689
39 14 13 0 0.000525159 -0.00026602 0.000588692
39 15 13 0 0.000511977 -0.000105383 0.00052271
39 16 13 0 0.000495945 5.09157e-05 0.000498552
39 17 13 0 0.000476769 0.000198562 0.000516465
39 18 13 0 0.000455538 0.000353718 0.000576742
39 19 13 0 0.000435327 0.00051482 0.000674203
39 20 13 0 0.000402192 0.000647136 0.000761934
39 21 13 0 0.000373449 0.000796398 0.00087961
39 22 13 0 0.000341219 0.000924424 0.000985388
39 23 13 0 0.000304759 0.00103696 0.00108082
39 24 13 0 0.000276064 0.00116646 0.00119869
39 25 13 0 0.000249801 0.00125579 0.00128039
39 26 13 0 0.000229735 0.00134467 0.00136415
39 27 13 0 0.000209224 0.00141272 0.00142813
39 28 13 0 0.000183969 0.00146775 0.00147924
39 29 13 0 0.0001695 0.00152665 0.00153603
39 30 13 0 0.00015665 0.00154558 0.0015535
39 31 13 0 0.000139242 0.00155316 0.00155939
39 32 13 0 0.000128563 0.00155804 0.00156334
39 33 13 0 0.000123148 0.0015311 0.00153605
39 34 13 0 0.000121077 0.00149958 0.00150446
39 35 13 0 8.14711e-05 0.00144714 0.00144943
39 36 13 0 -9.4669e-05 0.00139538 0.00139859
39 37 13 0 -0.00062645 0.00140448 0.00153786
39 38 13 0 -0.00132212 0.00154469 0.00203324
39 39 13 0 0 0.00177072 0.00177072
39 1 14 0 -0.000180149 0.000138879 0.000227467
39 2 14 0 0.000542698 -0.000132713 0.00055869
39 3 14 0 0.000681259 -0.000550819 0.000876079
39 4 14 0 0.000604568 -0.00090148 0.00108543
39 5 14 0 0.000518615 -0.00109127 0.00120823
39 6 14 0 0.000457771 -0.00113244 0.00122146
39 7 14 0 0.000443027 -0.00107768 0.00116519
39 8 14 0 0.000455467 -0.00100106 0.00109981
39 9 14 0 0.000470047 -0.000896211 0.001012
39 10 14 0 0.000473722 -0.000789977 0.000921127
39 11 14 0 0.000470057 -0.000670384 0.00081876
39 12 14 0 0.000468163 -0.000519633 0.000699425
39 13 14 0 0.000455635 -0.000392391 0.00060131
39 14 14 0 0.000440628 -0.000244344 0.000503842
39 15 14 0 0.00042524 -7.71848e-05 0.000432188
39 16 14 0 0.000408141 8.24922e-05 0.000416394
39 17 14 0 0.00039087 0.000234993 0.000456071
39 18 14 0 0.000372417 0.000392395 0.000540988
39 19 14 0 0.000354553 0.000554383 0.000658064
39 20 14 0 0.000325798 0.000686178 0.000759595
39 21 14 0 0.000299834 0.000834852 0.000887061
39 22 14 0 0.000271606 0.000962799 0.00100038
39 23 14 0 0.00023869 0.00107265 0.00109889
39 24 14 0 0.000210805 0.0011991 0.00121749
39 25 14 0 0.00018569 0.00128797 0.00130128
39 26 14 0 0.000166632 0.00137913 0.00138916
39 27 14 0 0.000147539 0.00144668 0.00145418
39 28 14 0 0.000123773 0.00149673 0.00150184
39 29 14 0 0.000109038 0.00155313 0.00155696
39 30 14 0 9.687e-05 0.00157246 0.00157544
39 31 14 0 8.21826e-05 0.00157528 0.00157742
39 32 14 0 7.4018e-05 0.00157486 0.00157659
39 33 14 0 7.31371e-05 0.0015426 0.00154433
39 34 14 0 7.85503e-05 0.00150529 0.00150734
39 35 14 0 5.18373e-05 0.00144907 0.00145
39 36 14 0 -0.000101597 0.00139148 0.00139519
39 37 14 0 -0.000587595 0.00139401 0.00151279
39 38 14 0 -0.00123472 0.00152596 0.00196292
39 39 14 0 0 0.00175029 0.00175029
39 1 15 0 -0.000465309 8.58805e-05 0.000473168
39 2 15 0 0.000289643 -0.00017019 0.000335943
39 3 15 0 0.000523862 -0.000575367 0.000778125
39 4 15 0 0.000506607 -0.000923352 0.0010532
39 5 15 0 0.000443164 -0.0011115 0.00119659
39 6 15 0 0.000388313 -0.00114983 0.00121363
39 7 15 0 0.000372477 -0.00109182 0.00115361
39 8 15 0 0.000381756 -0.00101143 0.00108107
39 9 15 0 0.000391775 -0.000902891 0.000984225
39 10 15 0 0.00039061 -0.000791086 0.000882266
39 11 15 0 0.000384664 -0.000665319 0.000768516
39 12 15 0 0.000381325 -0.000512404 0.000638722
39 13 15 0 0.000366657 -0.000377521 0.000526269
39 14 15 0 0.000350927 -0.000219704 0.000414029
39 15 15 0 0.000337299 -5.22962e-05 0.00034133
39 16 15 0 0.000322482 0.000107965 0.000340075
39 17 15 0 0.000307885 0.00026504 0.00040625
39 18 15 0 0.000290336 0.000424107 0.000513967
39 19 15 0 0.000272766 0.000586793 0.000647092
39 20 15 0 0.000247302 0.000718724 0.00076008
39 21 15 0 0.000222452 0.000866195 0.000894303
39 22 15 0 0.000196877 0.000993792 0.00101311
39 23 15 0 0.000167944 0.00110215 0.00111487
39 24 15 0 0.000141386 0.0012244 0.00123254
39 25 15 0 0.000118481 0.00130989 0.00131524
39 26 15 0 0.000102156 0.00140202 0.00140574
39 27 15 0 8.53932e-05 0.00147044 0.00147292
39 28 15 0 6.43351e-05 0.00151758 0.00151894
39 29 15 0 5.08236e-05 0.0015714 0.00157223
39 30 15 0 3.97181e-05 0.00159056 0.00159106
39 31 15 0 2.71936e-05 0.00159059 0.00159082
39 32 15 0 2.09661e-05 0.00158801 0.00158815
39 33 15 0 2.37576e-05 0.00155244 0.00155262
39 34 15 0 3.60386e-05 0.0015095 0.00150993
39 35 15 0 2.43148e-05 0.00144866 0.00144886
39 36 15 0 -9.89654e-05 0.00138311 0.00138664
39 37 15 0 -0.000527939 0.00137888 0.00147649
39 38 15 0 -0.00112348 0.00150536 0.00187838
39 39 15 0 0 0.00172727 0.00172727
39 1 16 0 -0.000707726 2.87902e-05 0.000708311
39 2 16 0 6.35992e-05 -0.000209813 0.000219241
39 3 16 0 0.000374351 -0.000599053 0.000706402
39 4 16 0 0.000406912 -0.00094005 0.00102434
39 5 16 0 0.00036288 -0.00112414 0.00118126
39 6 16 0 0.000313928 -0.0011599 0.00120163
39 7 16 0 0.000297107 -0.0011001 0.00113952
39 8 16 0 0.00030278 -0.00101672 0.00106085
39 9 16 0 0.000308258 -0.000904191 0.000955293
39 10 16 0 0.000303654 -0.000787593 0.000844102
39 11 16 0 0.000296543 -0.000658198 0.000721916
39 12 16 0 0.000291711 -0.000503537 0.000581932
39 13 16 0 0.000276459 -0.000362695 0.000456045
39 14 16 0 0.00026219 -0.000200869 0.000330291
39 15 16 0 0.000248843 -3.53113e-05 0.000251336
39 16 16 0 0.00023191 0.000127858 0.00026482
39 17 16 0 0.000216038 0.00029024 0.000361817
39 18 16 0 0.000196958 0.000449814 0.000491045
39 19 16 0 0.000178855 0.000613013 0.000638571
39 20 16 0 0.000156854 0.000746535 0.000762835
39 21 16 0 0.000132691 0.000893198 0.000903001
39 22 16 0 0.000108753 0.00102021 0.00102599
39 23 16 0 8.40651e-05 0.00112926 0.00113238
39 24 16 0 5.87175e-05 0.00124939 0.00125077
39 25 16 0 3.65062e-05 0.00133035 0.00133085
39 26 16 0 2.21125e-05 0.00142023 0.0014204
39 27 16 0 8.20332e-06 0.00148726 0.00148728
39 28 16 0 -8.2419e-06 0.00153119 0.00153121
39 29 16 0 -1.754e-05 0.00158193 0.00158202
39 30 16 0 -2.49389e-05 0.00159929 0.00159948
39 31 16 0 -3.3903e-05 0.00159598 0.00159634
39 32 16 0 -3.75777e-05 0.00159205 0.00159249
39 33 16 0 -3.09508e-05 0.00155453 0.00155483
39 34 16 0 -1.16689e-05 0.00150698 0.00150703
39 35 16 0 -7.00042e-06 0.00144311 0.00144312
39 36 16 0 -9.49878e-05 0.0013705 0.00137378
39 37 16 0 -0.000455975 0.00135943 0.00143387
39 38 16 0 -0.000994618 0.00148264 0.00178535
39 39 16 0 0 0.00170221 0.00170221
39 1 17 0 -0.000900893 -3.17103e-05 0.000901451
39 2 17 0 -0.000130184 -0.000251185 0.000282916
39 3 17 0 0.000237901 -0.000622277 0.000666202
39 4 17 0 0.000309551 -0.000952876 0.0010019
39 5 17 0 0.000280355 -0.00113106 0.00116529
39 6 17 0 0.000236248 -0.0011645 0.00118823
39 7 17 0 0.000218547 -0.00110407 0.00112549
39 8 17 0 0.000220756 -0.00101844 0.00104209
39 9 17 0 0.000222346 -0.000902689 0.00092967
39 10 17 0 0.000215547 -0.000783262 0.00081238
39 11 17 0 0.000207234 -0.000652188 0.000684321
39 12 17 0 0.00020011 -0.000495897 0.00053475
39 13 17 0 0.000184258 -0.00035055 0.000396026
39 14 17 0 0.000169497 -0.000186389 0.000251932
39 15 17 0 0.000153214 -2.07829e-05 0.000154618
39 16 17 0 0.00013449 0.000145597 0.000198207
39 17 17 0 0.000120894 0.00031006 0.000332795
39 18 17 0 0.000103653 0.000468241 0.000479576
39 19 17 0 8.62398e-05 0.000631869 0.000637727
39 20 17 0 6.75292e-05 0.000767555 0.00077052
39 21 17 0 4.38401e-05 0.000913459 0.00091451
39 22 17 0 2.06783e-05 0.00103816 0.00103836
39 23 17 0 1.19087e-06 0.00114686 0.00114686
39 24 17 0 -1.94366e-05 0.00126641 0.00126656
39 25 17 0 -3.88469e-05 0.001345 0.00134556
39 26 17 0 -5.17478e-05 0.00143309 0.00143402
39 27 17 0 -6.47356e-05 0.00149814 0.00149954
39 28 17 0 -7.95253e-05 0.00153901 0.00154106
39 29 17 0 -8.77158e-05 0.00158694 0.00158936
39 30 17 0 -9.37134e-05 0.00160177 0.00160451
39 31 17 0 -0.000100389 0.00159417 0.00159733
39 32 17 0 -0.0001018 0.00158802 0.00159128
39 33 17 0 -9.0781e-05 0.00154834 0.001551
39 34 17 0 -6.28618e-05 0.00149652 0.00149784
39 35 17 0 -3.89989e-05 0.00143125 0.00143178
39 36 17 0 -8.72303e-05 0.00135441 0.00135721
39 37 17 0 -0.000371144 0.00133724 0.00138779
39 38 17 0 -0.000849103 0.00145766 0.00168694
39 39 17 0 0 0.0016746 0.0016746
39 1 18 0 -0.00103906 -9.44494e-05 0.00104335
39 2 18 0 -0.000287396 -0.000293253 0.000410602
39 3 18 0 0.000118949 -0.000645157 0.000656031
39 4 18 0 0.000217611 -0.000963609 0.000987875
39 5 18 0 0.000196947 -0.00113513 0.00115209
39 6 18 0 0.000155624 -0.00116652 0.00117685
39 7 18 0 0.000136906 -0.00110606 0.0011145
39 8 18 0 0.000135715 -0.00101873 0.00102773
39 9 18 0 0.000133687 -0.00090056 0.000910428
39 10 18 0 0.000125253 -0.000779546 0.000789544
39 11 18 0 0.000115558 -0.000647289 0.000657523
39 12 18 0 0.000106171 -0.000488951 0.000500345
39 13 18 0 9.03858e-05 -0.000340087 0.000351893
39 14 18 0 7.5037e-05 -0.0001744 0.000189857
39 15 18 0 5.75012e-05 -8.8093e-06 5.81721e-05
39 16 18 0 3.98612e-05 0.000158408 0.000163346
39 17 18 0 2.74533e-05 0.00032366 0.000324823
39 18 18 0 8.05557e-06 0.000482755 0.000482822
39 19 18 0 -1.30582e-05 0.000647324 0.000647455
39 20 18 0 -3.13894e-05 0.000783255 0.000783884
39 21 18 0 -5.41008e-05 0.000928247 0.000929822
39 22 18 0 -7.74207e-05 0.00105098 0.00105383
39 23 18 0 -9.51095e-05 0.00115782 0.00116172
39 24 18 0 -0.000111711 0.00127537 0.00128025
39 25 18 0 -0.000126468 0.00135179 0.0013577
39 26 18 0 -0.000135371 0.00143866 0.00144502
39 27 18 0 -0.000144111 0.00150213 0.00150902
39 28 18 0 -0.000153851 0.00154049 0.00154816
39 29 18 0 -0.00015809 0.00158618 0.00159404
39 30 18 0 -0.000159879 0.00159857 0.00160654
39 31 18 0 -0.00016149 0.00158685 0.00159505
39 32 18 0 -0.000158669 0.00157826 0.00158622
39 33 18 0 -0.000142442 0.00153672 0.00154331
39 34 18 0 -0.000105173 0.0014814 0.00148513
39 35 18 0 -6.09453e-05 0.0014154 0.00141671
39 36 18 0 -6.8443e-05 0.00133643 0.00133818
39 37 18 0 -0.000271769 0.00131424 0.00134204
39 38 18 0 -0.000689169 0.00143146 0.00158872
39 39 18 0 0 0.00164501 0.00164501
39 1 19 0 -0.00111754 -0.000157963 0.00112864
39 2 19 0 -0.000405101 -0.00033412 0.000525112
39 3 19 0 2.03863e-05 -0.000665857 0.000666169
39 4 19 0 0.000133041 -0.000970976 0.000980048
39 5 19 0 0.000113845 -0.00113539 0.00114109
39 6 19 0 7.31001e-05 -0.00116438 0.00116667
39 7 19 0 5.34553e-05 -0.00110357 0.00110486
39 8 19 0 4.91974e-05 -0.0010149 0.00101609
39 9 19 0 4.38729e-05 -0.000895028 0.000896103
39 10 19 0 3.41668e-05 -0.000773078 0.000773833
39 11 19 0 2.28793e-05 -0.000640067 0.000640476
39 12 19 0 1.10753e-05 -0.000480472 0.0004806
39 13 19 0 -4.77635e-06 -0.000330201 0.000330236
39 14 19 0 -2.11606e-05 -0.000164728 0.000166081
39 15 19 0 -3.9317e-05 -4.25979e-07 3.93193e-05
39 16 19 0 -5.73971e-05 0.000166028 0.000175669
39 17 19 0 -7.31522e-05 0.000332134 0.000340095
39 18 19 0 -9.46273e-05 0.000492961 0.000501961
39 19 19 0 -0.000115487 0.00065667 0.000666748
39 20 19 0 -0.000130196 0.000789749 0.000800409
39 21 19 0 -0.000146261 0.000933584 0.000944971
39 22 19 0 -0.000164722 0.00105666 0.00106942
39 23 19 0 -0.000181301 0.00116304 0.00117709
39 24 19 0 -0.000197148 0.00127837 0.00129348
39 25 19 0 -0.000210903 0.00135184 0.00136819
39 26 19 0 -0.000219629 0.00143631 0.00145301
39 27 19 0 -0.000226618 0.00149734 0.00151439
39 28 19 0 -0.000232689 0.00153304 0.0015506
39 29 19 0 -0.000234521 0.00157652 0.00159387
39 30 19 0 -0.000233879 0.00158674 0.00160389
39 31 19 0 -0.000232085 0.00157191 0.00158895
39 32 19 0 -0.000226485 0.00156107 0.00157742
39 33 19 0 -0.000205774 0.0015176 0.00153148
39 34 19 0 -0.000157692 0.00145922 0.00146772
39 35 19 0 -8.92101e-05 0.00139201 0.00139486
39 36 19 0 -5.17918e-05 0.00131207 0.00131309
39 37 19 0 -0.000169322 0.00128743 0.00129852
39 38 19 0 -0.00052329 0.00140248 0.00149693
39 39 19 0 0 0.00161261 0.00161261
39 1 20 0 -0.00113201 -0.000221564 0.00115349
39 2 20 0 -0.000480567 -0.000373584 0.000608696
39 3 20 0 -5.52236e-05 -0.000684564 0.000686788
39 4 20 0 5.78667e-05 -0.000975658 0.000977373
39 5 20 0 3.26958e-05 -0.00113287 0.00113334
39 6 20 0 -1.01621e-05 -0.00115887 0.00115891
39 7 20 0 -3.11306e-05 -0.00109711 0.00109755
39 8 20 0 -3.84571e-05 -0.00100802 0.00100875
39 9 20 0 -4.70583e-05 -0.000887834 0.00088908
39 10 20 0 -5.79413e-05 -0.00076579 0.000767979
39 11 20 0 -7.10022e-05 -0.000632827 0.000636798
39 12 20 0 -8.53895e-05 -0.000473291 0.000480933
39 13 20 0 -0.000101478 -0.000323192 0.000338749
39 14 20 0 -0.000118944 -0.000158058 0.000197813
39 15 20 0 -0.000137054 5.80527e-06 0.000137177
39 16 20 0 -0.000156031 0.000171673 0.000231985
39 17 20 0 -0.000175163 0.000337073 0.000379869
39 18 20 0 -0.000194309 0.000497036 0.000533667
39 19 20 0 -0.000212991 0.000659687 0.000693219
39 20 20 0 -0.00023094 0.000791532 0.000824534
39 21 20 0 -0.000247757 0.000933925 0.00096623
39 22 20 0 -0.000263049 0.00105538 0.00108767
39 23 20 0 -0.000276615 0.00115991 0.00119243
39 24 20 0 -0.000287985 0.0012732 0.00130536
39 25 20 0 -0.000297102 0.00134447 0.00137691
39 26 20 0 -0.000303615 0.00142657 0.00145852
39 27 20 0 -0.000307538 0.00148515 0.00151666
39 28 20 0 -0.000308674 0.00151835 0.00154941
39 29 20 0 -0.000307062 0.00155933 0.00158928
39 30 20 0 -0.00030293 0.00156713 0.00159614
39 31 20 0 -0.000296343 0.00154998 0.00157805
39 32 20 0 -0.000286503 0.00153697 0.00156345
39 33 20 0 -0.000260135 0.00149158 0.00151409
39 34 20 0 -0.000200054 0.0014316 0.00144551
39 35 20 0 -0.000106074 0.00136345 0.00136757
39 36 20 0 -2.36908e-05 0.00128345 0.00128367
39 37 20 0 -5.63885e-05 0.00125886 0.00126012
39 38 20 0 -0.000349633 0.001372 0.00141585
39 39 20 0 0 0.00157765 0.00157765
39 1 21 0 -0.00107906 -0.000284382 0.00111591
39 2 21 0 -0.000511754 -0.000411091 0.000656421
39 3 21 0 -0.000106163 -0.000700766 0.000708762
39 4 21 0 -6.39992e-06 -0.000977239 0.000977259
39 5 21 0 -4.50703e-05 -0.00112726 0.00112816
39 6 21 0 -9.32903e-05 -0.00114977 0.00115355
39 7 21 0 -0.00011647 -0.00108645 0.00109268
39 8 21 0 -0.000127015 -0.000997912 0.00100596
39 9 21 0 -0.000139007 -0.000878907 0.000889832
39 10 21 0 -0.000151082 -0.000757669 0.000772586
39 11 21 0 -0.000165873 -0.000625609 0.000647225
39 12 21 0 -0.000182773 -0.000467525 0.000501982
39 13 21 0 -0.000198978 -0.000319213 0.00037615
39 14 21 0 -0.00021738 -0.000154525 0.000266706
39 15 21 0 -0.00023532 9.80847e-06 0.000235524
39 16 21 0 -0.000255139 0.000175337 0.000309579
39 17 21 0 -0.000277651 0.000338541 0.000437836
39 18 21 0 -0.000294516 0.000495117 0.000576091
39 19 21 0 -0.000311096 0.000656588 0.00072656
39 20 21 0 -0.00033235 0.000788887 0.000856037
39 21 21 0 -0.000349955 0.000929597 0.000993287
39 22 21 0 -0.000362087 0.0010475 0.00110832
39 23 21 0 -0.000372614 0.00114884 0.00120775
39 24 21 0 -0.00037947 0.00126033 0.00131622
39 25 21 0 -0.000383878 0.00133021 0.00138449
39 26 21 0 -0.000388084 0.00141002 0.00146245
39 27 21 0 -0.000388824 0.00146618 0.00151686
39 28 21 0 -0.000384863 0.00149704 0.00154572
39 29 21 0 -0.000379632 0.00153517 0.00158142
39 30 21 0 -0.000371809 0.00154022 0.00158446
39 31 21 0 -0.000360198 0.00152147 0.00156352
39 32 21 0 -0.000345868 0.00150629 0.00154549
39 33 21 0 -0.000313333 0.00145891 0.00149218
39 34 21 0 -0.000240169 0.00139871 0.00141918
39 35 21 0 -0.000119172 0.00132987 0.00133519
39 36 21 0 9.2459e-06 0.00125065 0.00125069
39 37 21 0 6.05424e-05 0.00122846 0.00122995
39 38 21 0 -0.000173764 0.00133974 0.00135097
39 39 21 0 0 0.00153978 0.00153978
39 1 22 0 -0.000956278 -0.00034534 0.00101672
39 2 22 0 -0.000497202 -0.000445677 0.000667711
39 3 22 0 -0.000131304 -0.00071323 0.000725216
39 4 22 0 -5.87448e-05 -0.000974331 0.000976101
39 5 22 0 -0.000118342 -0.00111719 0.00112344
39 6 22 0 -0.000175524 -0.00113621 0.00114969
39 7 22 0 -0.000202064 -0.00107108 0.00108997
39 8 22 0 -0.000215883 -0.000983522 0.00100694
39 9 22 0 -0.000231328 -0.000866518 0.000896865
39 10 22 0 -0.00024467 -0.00074666 0.000785726
39 11 22 0 -0.000261018 -0.00061584 0.000668871
39 12 22 0 -0.000280389 -0.00046 0.000538719
39 13 22 0 -0.000296717 -0.000315569 0.000433157
39 14 22 0 -0.000316143 -0.00015302 0.000351229
39 15 22 0 -0.000334633 1.05463e-05 0.000334799
39 16 22 0 -0.000354792 0.000174126 0.000395218
39 17 22 0 -0.00038047 0.000335151 0.000507034
39 18 22 0 -0.000399156 0.000489114 0.000631315
39 19 22 0 -0.000415175 0.000647571 0.000769232
39 20 22 0 -0.00043242 0.000777202 0.000889399
39 21 22 0 -0.000442954 0.000915936 0.00101742
39 22 22 0 -0.000449794 0.00103254 0.00112625
39 23 22 0 -0.000458744 0.00113202 0.00122144
39 24 22 0 -0.000464406 0.00124144 0.00132546
39 25 22 0 -0.000467345 0.00130907 0.00139
39 26 22 0 -0.000470913 0.00138539 0.00146324
39 27 22 0 -0.000469468 0.00143827 0.00151295
39 28 22 0 -0.000461388 0.00146663 0.00153749
39 29 22 0 -0.000453357 0.00150199 0.00156891
39 30 22 0 -0.000442723 0.0015046 0.00156838
39 31 22 0 -0.000427308 0.00148534 0.00154559
39 32 22 0 -0.000409781 0.00146826 0.00152437
39 33 22 0 -0.000371608 0.00141886 0.00146672
39 34 22 0 -0.000284756 0.00135899 0.0013885
39 35 22 0 -0.000135336 0.00128902 0.00129611
39 36 22 0 4.08167e-05 0.00121161 0.0012123
39 37 22 0 0.000175119 0.00119403 0.00120681
39 38 22 0 -1.14345e-06 0.00130393 0.00130393
39 39 22 0 0 0.0014981 0.0014981
39 1 23 0 -0.000762028 -0.000404155 0.000862571
39 2 23 0 -0.000435338 -0.00047793 0.00064648
39 3 23 0 -0.000129038 -0.000722556 0.000733988
39 4 23 0 -9.78005e-05 -0.000967425 0.000972356
39 5 23 0 -0.000185855 -0.00110319 0.00111873
39 6 23 0 -0.000255969 -0.00111955 0.00114844
39 7 23 0 -0.000287567 -0.00105343 0.00109198
39 8 23 0 -0.000305135 -0.000967553 0.00101453
39 9 23 0 -0.000324465 -0.000853446 0.000913043
39 10 23 0 -0.000339458 -0.000736138 0.000810636
39 11 23 0 -0.000357066 -0.000606984 0.00070422
39 12 23 0 -0.000378656 -0.00045298 0.000590399
39 13 23 0 -0.000394887 -0.000313414 0.000504147
39 14 23 0 -0.000414774 -0.000153782 0.000442364
39 15 23 0 -0.000434301 9.00857e-06 0.000434394
39 16 23 0 -0.000453112 0.000168312 0.000483363
39 17 23 0 -0.000477272 0.000325901 0.000577927
39 18 23 0 -0.000497762 0.000479595 0.000691215
39 19 23 0 -0.000517104 0.000635575 0.00081936
39 20 23 0 -0.000533535 0.000760644 0.000929107
39 21 23 0 -0.00054265 0.000897266 0.0010486
39 22 23 0 -0.000549198 0.0010129 0.00115221
39 23 23 0 -0.00055581 0.00110902 0.0012405
39 24 23 0 -0.000556915 0.00121487 0.00133644
39 25 23 0 -0.000554588 0.00128038 0.00139532
39 26 23 0 -0.000553485 0.00135369 0.00146247
39 27 23 0 -0.000547101 0.00140358 0.00150644
39 28 23 0 -0.000533207 0.00142998 0.00152616
39 29 23 0 -0.000520469 0.00146311 0.00155293
39 30 23 0 -0.000504833 0.00146343 0.00154806
39 31 23 0 -0.000483515 0.0014439 0.0015227
39 32 23 0 -0.000460901 0.00142477 0.00149747
39 33 23 0 -0.00041548 0.00137372 0.00143518
39 34 23 0 -0.000314414 0.00131506 0.00135212
39 35 23 0 -0.000137716 0.00124466 0.00125225
39 36 23 0 8.37098e-05 0.00117088 0.00117387
39 37 23 0 0.000293952 0.00115838 0.00119509
39 38 23 0 0.000169826 0.00126562 0.00127696
39 39 23 0 0 0.00145293 0.00145293
39 1 24 0 -0.000495903 -0.00046032 0.00067662
39 2 24 0 -0.000324982 -0.000507518 0.00060265
39 3 24 0 -9.78424e-05 -0.0007274 0.000733951
39 4 24 0 -0.000122353 -0.000954141 0.000961954
39 5 24 0 -0.000246582 -0.0010821 0.00110984
39 6 24 0 -0.000333376 -0.00109666 0.00114621
39 7 24 0 -0.000371414 -0.00103097 0.00109583
39 8 24 0 -0.000392959 -0.000947651 0.00102589
39 9 24 0 -0.000416552 -0.000837329 0.00093522
39 10 24 0 -0.000433844 -0.000724602 0.000844552
39 11 24 0 -0.000452525 -0.00059908 0.000750784
39 12 24 0 -0.000476281 -0.000447002 0.000653188
39 13 24 0 -0.000492972 -0.000313728 0.000584334
39 14 24 0 -0.000513109 -0.000158656 0.000537078
39 15 24 0 -0.000535287 5.34448e-06 0.000535314
39 16 24 0 -0.000555555 0.000160797 0.000578357
39 17 24 0 -0.000577034 0.000311838 0.000655905
39 18 24 0 -0.000595292 0.000463455 0.000754429
39 19 24 0 -0.000613478 0.00061691 0.000870019
39 20 24 0 -0.000626052 0.000738001 0.000967774
39 21 24 0 -0.000634068 0.000872565 0.00107862
39 22 24 0 -0.00063915 0.000985494 0.00117461
39 23 24 0 -0.000639737 0.00107723 0.00125287
39 24 24 0 -0.000635305 0.00118108 0.00134111
39 25 24 0 -0.000629297 0.00124665 0.00139648
39 26 24 0 -0.000625761 0.00131747 0.00145853
39 27 24 0 -0.000617525 0.00136381 0.0014971
39 28 24 0 -0.00060099 0.00138836 0.00151285
39 29 24 0 -0.000586148 0.00141955 0.0015358
39 30 24 0 -0.000568076 0.00141677 0.00152642
39 31 24 0 -0.000543423 0.00139593 0.00149797
39 32 24 0 -0.000517482 0.00137382 0.00146805
39 33 24 0 -0.000464969 0.00132093 0.00140038
39 34 24 0 -0.000348624 0.00126389 0.00131109
39 35 24 0 -0.000143332 0.00119466 0.00120323
39 36 24 0 0.000123753 0.001127 0.00113378
39 37 24 0 0.00040452 0.00111937 0.00119023
39 38 24 0 0.000330398 0.00122333 0.00126716
39 39 24 0 0 0.00140332 0.00140332
39 1 25 0 -0.000158137 -0.000512776 0.000536606
39 2 25 0 -0.000164867 -0.000533156 0.000558065
39 3 25 0 -3.62229e-05 -0.000725885 0.000726788
39 4 25 0 -0.00013133 -0.000932541 0.000941743
39 5 25 0 -0.000300364 -0.0010519 0.00109394
39 6 25 0 -0.000408028 -0.00106568 0.00114112
39 7 25 0 -0.000453865 -0.00100224 0.00110021
39 8 25 0 -0.000479497 -0.0009224 0.00103959
39 9 25 0 -0.000507859 -0.000815608 0.0009608
39 10 25 0 -0.000528638 -0.000708276 0.000883806
39 11 25 0 -0.000548384 -0.0005888 0.000804618
39 12 25 0 -0.000573545 -0.000438815 0.000722158
39 13 25 0 -0.000590718 -0.000313331 0.000668673
39 14 25 0 -0.000609215 -0.000168486 0.000632084
39 15 25 0 -0.000630941 -5.31642e-06 0.000630964
39 16 25 0 -0.000652982 0.000148637 0.000669686
39 17 25 0 -0.00067518 0.000293851 0.000736353
39 18 25 0 -0.000694342 0.000442202 0.000823197
39 19 25 0 -0.00071228 0.000592905 0.000926757
39 20 25 0 -0.000720541 0.000711425 0.00101257
39 21 25 0 -0.000726987 0.000844268 0.00111414
39 22 25 0 -0.000729528 0.000954159 0.0012011
39 23 25 0 -0.000724861 0.00104357 0.00127061
39 24 25 0 -0.000718188 0.00114737 0.00135361
39 25 25 0 -0.000710362 0.00121175 0.00140462
39 26 25 0 -0.000703654 0.00127679 0.00145785
39 27 25 0 -0.000691315 0.00131722 0.00148761
39 28 25 0 -0.000668872 0.0013396 0.0014973
39 29 25 0 -0.000648488 0.00136833 0.00151422
39 30 25 0 -0.000625406 0.00136084 0.00149767
39 31 25 0 -0.000595954 0.00133815 0.00146486
39 32 25 0 -0.000566197 0.00131397 0.00143077
39 33 25 0 -0.000506532 0.00126078 0.00135873
39 34 25 0 -0.000374944 0.00120662 0.00126353
39 35 25 0 -0.000141768 0.00114024 0.00114902
39 36 25 0 0.000167253 0.00107927 0.00109215
39 37 25 0 0.000507425 0.00107531 0.00118902
39 38 25 0 0.00047819 0.00117694 0.00127037
39 39 25 0 0 0.00134967 0.00134967
39 1 26 0 0.00025071 -0.000561456 0.000614889
39 2 26 0 4.66027e-05 -0.000555686 0.000557637
39 3 26 0 5.74135e-05 -0.000719572 0.000721859
39 4 26 0 -0.00012252 -0.000905173 0.000913427
39 5 26 0 -0.000345212 -0.00101488 0.00107199
39 6 26 0 -0.000478384 -0.00102839 0.00113421
39 7 26 0 -0.000533399 -0.000969257 0.00110633
39 8 26 0 -0.000562849 -0.000895152 0.0010574
39 9 26 0 -0.000596015 -0.000791925 0.000991151
39 10 26 0 -0.00062174 -0.000689279 0.00092826
39 11 26 0 -0.000643681 -0.0005777 0.000864906
39 12 26 0 -0.000670008 -0.000428616 0.000795375
39 13 26 0 -0.000688825 -0.000306969 0.000754128
39 14 26 0 -0.000707403 -0.00017484 0.000728689
39 15 26 0 -0.000726843 -1.86562e-05 0.000727083
39 16 26 0 -0.000746002 0.000131145 0.000757442
39 17 26 0 -0.000764884 0.000270393 0.000811271
39 18 26 0 -0.000782599 0.000415025 0.000885837
39 19 26 0 -0.000799605 0.000562913 0.000977875
39 20 26 0 -0.000803963 0.000679614 0.00105273
39 21 26 0 -0.000808591 0.000810184 0.00114465
39 22 26 0 -0.00080771 0.000916785 0.00122184
39 23 26 0 -0.000798156 0.00100504 0.00128342
39 24 26 0 -0.000789112 0.00110758 0.00135994
39 25 26 0 -0.000777899 0.00116774 0.00140312
39 26 26 0 -0.00076711 0.00122554 0.00144582
39 27 26 0 -0.000751002 0.00126131 0.00146796
39 28 26 0 -0.000724326 0.00128343 0.00147372
39 29 26 0 -0.000701083 0.00130951 0.00148538
39 30 26 0 -0.00067532 0.00129668 0.001462
39 31 26 0 -0.000642135 0.00127418 0.00142684
39 32 26 0 -0.000608717 0.00125122 0.00139143
39 33 26 0 -0.000541192 0.00119991 0.00131631
39 34 26 0 -0.000392845 0.00114886 0.00121417
39 35 26 0 -0.000131352 0.00108438 0.00109231
39 36 26 0 0.000214686 0.00102746 0.00104965
39 37 26 0 0.000601583 0.00102565 0.00118906
39 38 26 0 0.000612051 0.00112667 0.00128218
39 39 26 0 0 0.00129164 0.00129164
39 1 27 0 0.000729128 -0.000606548 0.000948434
39 2 27 0 0.000310205 -0.00057506 0.000653392
39 3 27 0 0.000182144 -0.0007077 0.000730764
39 4 27 0 -9.59849e-05 -0.000871787 0.000877056
39 5 27 0 -0.000380594 -0.000969665 0.00104168
39 6 27 0 -0.000544226 -0.000981039 0.00112188
39 7 27 0 -0.000610431 -0.000926429 0.00110946
39 8 27 0 -0.000643658 -0.000861331 0.00107526
39 9 27 0 -0.00068072 -0.000764587 0.00102371
39 10 27 0 -0.000711357 -0.000667302 0.000975357
39 11 27 0 -0.000736687 -0.00056774 0.000930074
39 12 27 0 -0.000763679 -0.000423254 0.000873126
39 13 27 0 -0.000782402 -0.000301462 0.00083847
39 14 27 0 -0.000802313 -0.000177048 0.000821616
39 15 27 0 -0.000823505 -2.76611e-05 0.000823969
39 16 27 0 -0.000843084 0.000115962 0.000851022
39 17 27 0 -0.000859358 0.000247153 0.000894193
39 18 27 0 -0.000873588 0.000385679 0.000954936
39 19 27 0 -0.000887308 0.000528999 0.00103303
39 20 27 0 -0.00088637 0.000642824 0.00109493
39 21 27 0 -0.000887087 0.000768965 0.00117398
39 22 27 0 -0.000881 0.000870402 0.00123845
39 23 27 0 -0.000866652 0.000955817 0.00129022
39 24 27 0 -0.000855421 0.00105405 0.00135749
39 25 27 0 -0.00084171 0.0011089 0.00139217
39 26 27 0 -0.000828505 0.00116154 0.00142674
39 27 27 0 -0.000809497 0.00119631 0.00144445
39 28 27 0 -0.000779827 0.00122114 0.0014489
39 29 27 0 -0.000755247 0.00124582 0.00145687
39 30 27 0 -0.000727178 0.0012303 0.00142914
39 31 27 0 -0.000689611 0.00121196 0.00139442
39 32 27 0 -0.000651682 0.00119122 0.00135783
39 33 27 0 -0.000574795 0.00113905 0.00127587
39 34 27 0 -0.000407866 0.00108725 0.00116123
39 35 27 0 -0.000119048 0.00102235 0.00102926
39 36 27 0 0.000255879 0.000969295 0.0010025
39 37 27 0 0.000677001 0.000971976 0.00118451
39 38 27 0 0.000725876 0.00107346 0.00129585
39 39 27 0 0 0.00122827 0.00122827
39 1 28 0 0.00127625 -0.000647856 0.00143127
39 2 28 0 0.000628342 -0.000588871 0.000861152
39 3 28 0 0.000336663 -0.000686645 0.000764738
39 4 28 0 -5.26286e-05 -0.000831671 0.000833335
39 5 28 0 -0.00040576 -0.000918378 0.00100402
39 6 28 0 -0.000603663 -0.000925605 0.00110506
39 7 28 0 -0.000683177 -0.000871823 0.00110761
39 8 28 0 -0.000721522 -0.000815063 0.00108854
39 9 28 0 -0.000762752 -0.000726923 0.00105366
39 10 28 0 -0.000797562 -0.000634398 0.0010191
39 11 28 0 -0.000827824 -0.000548573 0.000993089
39 12 28 0 -0.000858139 -0.000416443 0.000953849
39 13 28 0 -0.00087484 -0.000300049 0.000924865
39 14 28 0 -0.000889964 -0.000183305 0.000908645
39 15 28 0 -0.000907728 -3.81207e-05 0.000908528
39 16 28 0 -0.000926187 0.000102359 0.000931826
39 17 28 0 -0.000941205 0.00022733 0.00096827
39 18 28 0 -0.000953935 0.000359477 0.00101942
39 19 28 0 -0.000967574 0.000497555 0.00108801
39 20 28 0 -0.000965914 0.00060855 0.00114163
39 21 28 0 -0.000965957 0.000730225 0.00121091
39 22 28 0 -0.000957164 0.000827361 0.00126518
39 23 28 0 -0.000940597 0.000910733 0.00130926
39 24 28 0 -0.00092823 0.00100509 0.00136814
39 25 28 0 -0.000912201 0.00105685 0.00139608
39 26 28 0 -0.000894832 0.00110663 0.00142315
39 27 28 0 -0.000869307 0.0011417 0.00143498
39 28 28 0 -0.000833705 0.00116829 0.00143526
39 29 28 0 -0.00080409 0.00118875 0.00143516
39 30 28 0 -0.000768689 0.0011691 0.00139917
39 31 28 0 -0.000722845 0.00115189 0.00135991
39 32 28 0 -0.000678841 0.00112628 0.00131504
39 33 28 0 -0.000592176 0.00106656 0.00121993
39 34 28 0 -0.000407788 0.00101219 0.00109124
39 35 28 0 -9.72243e-05 0.00095041 0.00095537
39 36 28 0 0.000293453 0.000907624 0.000953884
39 37 28 0 0.000734517 0.000919104 0.00117655
39 38 28 0 0.00081904 0.00101845 0.00130693
39 39 28 0 0 0.00115854 0.00115854
39 1 29 0 0.00189248 -0.000685686 0.00201287
39 2 29 0 0.00100505 -0.000594592 0.00116776
39 3 29 0 0.000519547 -0.000652264 0.000833893
39 4 29 0 4.74838e-06 -0.000782586 0.000782601
39 5 29 0 -0.000423173 -0.000864308 0.000962343
39 6 29 0 -0.000657785 -0.000871323 0.00109173
39 7 29 0 -0.000750665 -0.000816251 0.00110895
39 8 29 0 -0.000794119 -0.00076394 0.00110192
39 9 29 0 -0.000840135 -0.000684148 0.00108346
39 10 29 0 -0.000877056 -0.00059387 0.0010592
39 11 29 0 -0.000909822 -0.000516024 0.00104597
39 12 29 0 -0.000946757 -0.00039498 0.00102584
39 13 29 0 -0.000968189 -0.00028765 0.00101002
39 14 29 0 -0.000981771 -0.000184206 0.000998903
39 15 29 0 -0.000994014 -4.78933e-05 0.000995167
39 16 29 0 -0.00100665 8.82132e-05 0.00101051
39 17 29 0 -0.00101549 0.000207027 0.00103637
39 18 29 0 -0.00102154 0.000330676 0.00107373
39 19 29 0 -0.00103122 0.000459942 0.00112914
39 20 29 0 -0.00102738 0.000565486 0.00117272
39 21 29 0 -0.00102561 0.000681821 0.00123157
39 22 29 0 -0.00101366 0.000776455 0.00127687
39 23 29 0 -0.000995011 0.000859958 0.00131513
39 24 29 0 -0.000980656 0.000951905 0.00136668
39 25 29 0 -0.000961169 0.00100187 0.00138838
39 26 29 0 -0.000938237 0.00104836 0.00140689
39 27 29 0 -0.000906732 0.00108251 0.00141209
39 28 29 0 -0.000868612 0.00110762 0.00140759
39 29 29 0 -0.000836436 0.00111955 0.00139751
39 30 29 0 -0.000795709 0.00109403 0.0013528
39 31 29 0 -0.000745439 0.00107529 0.0013084
39 32 29 0 -0.000699735 0.0010426 0.00125564
39 33 29 0 -0.000605982 0.000979314 0.00115164
39 34 29 0 -0.000406072 0.000930992 0.0010157
39 35 29 0 -7.75439e-05 0.000879897 0.000883308
39 36 29 0 0.000320134 0.000850362 0.000908626
39 37 29 0 0.000772742 0.000867709 0.00116192
39 38 29 0 0.000890934 0.000958729 0.00130879
39 39 29 0 0 0.001081 0.001081
39 1 30 0 0.00257888 -0.000721016 0.00267778
39 2 30 0 0.00144388 -0.000590828 0.00156008
39 3 30 0 0.000730492 -0.000601855 0.000946492
39 4 30 0 7.49901e-05 -0.000716657 0.00072057
39 5 30 0 -0.000435619 -0.000798068 0.000909217
39 6 30 0 -0.000712078 -0.000813704 0.00108128
39 7 30 0 -0.000819613 -0.000763326 0.00112001
39 8 30 0 -0.000867144 -0.000716271 0.00112472
39 9 30 0 -0.000919282 -0.000647531 0.00112444
39 10 30 0 -0.000959015 -0.000563085 0.0011121
39 11 30 0 -0.000988693 -0.000492246 0.00110445
39 12 30 0 -0.00102528 -0.000378066 0.00109276
39 13 30 0 -0.0010509 -0.000274269 0.0010861
39 14 30 0 -0.00106772 -0.000182498 0.00108321
39 15 30 0 -0.00108027 -5.87415e-05 0.00108186
39 16 30 0 -0.00109236 7.04974e-05 0.00109463
39 17 30 0 -0.001099 0.000183982 0.00111429
39 18 30 0 -0.00109889 0.000299596 0.001139
39 19 30 0 -0.0011017 0.000418607 0.00117855
39 20 30 0 -0.00109172 0.000516757 0.00120785
39 21 30 0 -0.00108398 0.000625937 0.00125172
39 22 30 0 -0.00106679 0.000717206 0.00128546
39 23 30 0 -0.00104607 0.000798684 0.00131611
39 24 30 0 -0.00102989 0.000884895 0.00135783
39 25 30 0 -0.00100684 0.000930607 0.00137104
39 26 30 0 -0.000977981 0.000972641 0.0013793
39 27 30 0 -0.000941608 0.00100693 0.00137859
39 28 30 0 -0.000902356 0.00103117 0.00137024
39 29 30 0 -0.00086676 0.00103633 0.00135102
39 30 30 0 -0.000820615 0.00101053 0.00130176
39 31 30 0 -0.000767313 0.000994582 0.00125617
39 32 30 0 -0.00071937 0.000960206 0.00119979
39 33 30 0 -0.000615772 0.000901982 0.00109213
39 34 30 0 -0.000398684 0.000864194 0.000951725
39 35 30 0 -5.4982e-05 0.000820328 0.000822169
39 36 30 0 0.00034027 0.000795527 0.000865244
39 37 30 0 0.000794594 0.000811019 0.0011354
39 38 30 0 0.000941382 0.000890969 0.00129616
39 39 30 0 0 0.000996658 0.000996658
39 1 31 0 0.0033375 -0.000754298 0.00342168
39 2 31 0 0.00194461 -0.000576895 0.00202838
39 3 31 0 0.000969408 -0.000541026 0.00111016
39 4 31 0 0.000161165 -0.000634278 0.000654433
39 5 31 0 -0.00043694 -0.000711102 0.000834616
39 6 31 0 -0.00076145 -0.000737571 0.0010601
39 7 31 0 -0.000888261 -0.000698742 0.00113015
39 8 31 0 -0.000939496 -0.000661203 0.00114884
39 9 31 0 -0.000997989 -0.000606934 0.00116805
39 10 31 0 -0.00104659 -0.00053394 0.00117492
39 11 31 0 -0.00107776 -0.000477352 0.00117874
39 12 31 0 -0.00111108 -0.000376801 0.00117323
39 13 31 0 -0.00113503 -0.000275677 0.00116803
39 14 31 0 -0.00114963 -0.00019118 0.00116542
39 15 31 0 -0.00115792 -8.06416e-05 0.00116073
39 16 31 0 -0.00116732 3.98667e-05 0.001168
39 17 31 0 -0.00117307 0.000150479 0.00118268
39 18 31 0 -0.00116954 0.000263791 0.00119892
39 19 31 0 -0.0011668 0.000378733 0.00122673
39 20 31 0 -0.00115077 0.000474753 0.00124485
39 21 31 0 -0.00113628 0.000579324 0.00127544
39 22 31 0 -0.0011139 0.000667347 0.00129851
39 23 31 0 -0.00109126 0.000743954 0.00132072
39 24 31 0 -0.00107219 0.000821623 0.0013508
39 25 31 0 -0.00104417 0.000863775 0.00135514
39 26 31 0 -0.00100928 0.000904532 0.0013553
39 27 31 0 -0.000969931 0.000941761 0.00135192
39 28 31 0 -0.000930214 0.000964706 0.00134013
39 29 31 0 -0.000889762 0.000963335 0.00131137
39 30 31 0 -0.000837945 0.000939817 0.00125913
39 31 31 0 -0.000781452 0.000925897 0.00121159
39 32 31 0 -0.000728612 0.000888972 0.00114941
39 33 31 0 -0.000612911 0.000834872 0.0010357
39 34 31 0 -0.000379862 0.000800577 0.000886125
39 35 31 0 -2.83529e-05 0.00075497 0.000755502
39 36 31 0 0.000351899 0.000729412 0.000809861
39 37 31 0 0.000795696 0.000743953 0.00108931
39 38 31 0 0.000966705 0.00081646 0.00126536
39 39 31 0 0 0.000908155 0.000908155
39 1 32 0 0.00417368 -0.000784174 0.00424671
39 2 32 0 0.00250009 -0.00054888 0.00255963
39 3 32 0 0.00123065 -0.000480877 0.00132126
39 4 32 0 0.00025766 -0.000550959 0.000608231
39 5 32 0 -0.000428003 -0.000617227 0.000751103
39 6 32 0 -0.000802723 -0.000649602 0.00103264
39 7 32 0 -0.000953471 -0.00062269 0.00113879
39 8 32 0 -0.00100919 -0.000596788 0.00117244
39 9 32 0 -0.00106871 -0.000557678 0.00120546
39 10 32 0 -0.00112411 -0.000494655 0.00122813
39 11 32 0 -0.00116083 -0.000452645 0.00124596
39 12 32 0 -0.00119519 -0.000373682 0.00125225
39 13 32 0 -0.00122094 -0.000280518 0.00125275
39 14 32 0 -0.00123503 -0.000200961 0.00125128
39 15 32 0 -0.00123698 -0.000103264 0.00124129
39 16 32 0 -0.00123788 4.45612e-06 0.00123789
39 17 32 0 -0.00123686 0.000108173 0.00124158
39 18 32 0 -0.00122734 0.000217597 0.00124648
39 19 32 0 -0.00121952 0.000328851 0.00126308
39 20 32 0 -0.00120054 0.000424035 0.00127323
39 21 32 0 -0.00118333 0.000524224 0.00129425
39 22 32 0 -0.0011592 0.000608554 0.00130923
39 23 32 0 -0.00113478 0.0006796 0.00132272
39 24 32 0 -0.00110972 0.000750573 0.00133972
39 25 32 0 -0.00107325 0.000794333 0.00133523
39 26 32 0 -0.00103151 0.000837669 0.00132879
39 27 32 0 -0.000989904 0.00087635 0.00132208
39 28 32 0 -0.000948358 0.000893449 0.00130293
39 29 32 0 -0.000901334 0.000884901 0.00126311
39 30 32 0 -0.000844429 0.000865344 0.00120908
39 31 32 0 -0.000785879 0.000851612 0.00115881
39 32 32 0 -0.000728532 0.000810661 0.00108992
39 33 32 0 -0.000603342 0.000758973 0.000969567
39 34 32 0 -0.00035859 0.000723516 0.000807504
39 35 32 0 -8.02553e-06 0.000675327 0.000675374
39 36 32 0 0.000348122 0.000652926 0.000739933
39 37 32 0 0.000771113 0.000671576 0.00102256
39 38 32 0 0.000965901 0.000737415 0.00121521
39 39 32 0 0 0.000814216 0.000814216
39 1 33 0 0.00509863 -0.000833675 0.00516633
39 2 33 0 0.00309877 -0.000548876 0.003147
39 3 33 0 0.00151296 -0.000499602 0.00159332
39 4 33 0 0.000358665 -0.000568134 0.000671876
39 5 33 0 -0.000417366 -0.000634875 0.000759776
39 6 33 0 -0.000841737 -0.000681794 0.00108322
39 7 33 0 -0.00101787 -0.00067266 0.00122005
39 8 33 0 -0.0010819 -0.000663647 0.00126923
39 9 33 0 -0.00114072 -0.000645744 0.00131082
39 10 33 0 -0.00119698 -0.000594479 0.00133648
39 11 33 0 -0.00123448 -0.000562758 0.0013567
39 12 33 0 -0.00126542 -0.000508113 0.00136362
39 13 33 0 -0.00129087 -0.000430105 0.00136064
39 14 33 0 -0.00130704 -0.000355344 0.00135448
39 15 33 0 -0.00130793 -0.000266773 0.00133486
39 16 33 0 -0.00130313 -0.000171004 0.0013143
39 17 33 0 -0.00129444 -7.64101e-05 0.00129669
39 18 33 0 -0.00127758 2.59028e-05 0.00127784
39 19 33 0 -0.00126387 0.000130799 0.00127062
39 20 33 0 -0.00124248 0.000223977 0.00126251
39 21 33 0 -0.00122333 0.00032066 0.00126465
39 22 33 0 -0.00119728 0.000405352 0.00126404
39 23 33 0 -0.00116901 0.000478261 0.00126306
39 24 33 0 -0.00113666 0.000552939 0.00126402
39 25 33 0 -0.00109361 0.000608727 0.00125161
39 26 33 0 -0.00104964 0.000660289 0.00124005
39 27 33 0 -0.0010085 0.000701609 0.00122855
39 28 33 0 -0.000963627 0.000717739 0.00120155
39 29 33 0 -0.00090909 0.000714436 0.00115623
39 30 33 0 -0.000847705 0.000710169 0.00110587
39 31 33 0 -0.000786865 0.000702579 0.00105488
39 32 33 0 -0.000723475 0.00066445 0.000982298
39 33 33 0 -0.000588315 0.000622438 0.000856471
39 34 33 0 -0.000331578 0.000591934 0.000678476
39 35 33 0 1.25035e-05 0.000549482 0.000549624
39 36 33 0 0.0003385 0.000542039 0.000639053
39 37 33 0 0.000727797 0.000571761 0.000925526
39 38 33 0 0.000944689 0.00063152 0.00113633
39 39 33 0 0 0.000688725 0.000688725
39 1 34 0 0.00610565 -0.00097635 0.00618322
39 2 34 0 0.00370339 -0.000665215 0.00376266
39 3 34 0 0.00181608 -0.0007181 0.0019529
39 4 34 0 0.000475651 -0.000846862 0.000971297
39 5 34 0 -0.000398373 -0.000959902 0.00103928
39 6 34 0 -0.00087199 -0.00105308 0.00136724
39 7 34 0 -0.00106944 -0.00107963 0.00151964
39 8 34 0 -0.00114183 -0.00109747 0.00158374
39 9 34 0 -0.0012014 -0.00111324 0.00163789
39 10 34 0 -0.00125902 -0.00108718 0.00166345
39 11 34 0 -0.00129878 -0.00106829 0.00168169
39 12 34 0 -0.00132489 -0.00103946 0.00168399
39 13 34 0 -0.00134405 -0.000985726 0.00166677
39 14 34 0 -0.00135705 -0.000921856 0.00164055
39 15 34 0 -0.00135729 -0.000841547 0.00159701
39 16 34 0 -0.00135035 -0.000753553 0.00154638
39 17 34 0 -0.00133691 -0.000662785 0.00149218
39 18 34 0 -0.00131428 -0.000561419 0.00142917
39 19 34 0 -0.00129323 -0.000455115 0.00137097
39 20 34 0 -0.0012653 -0.000354516 0.00131403
39 21 34 0 -0.00123829 -0.000249228 0.00126313
39 22 34 0 -0.00120411 -0.000149331 0.00121333
39 23 34 0 -0.00116717 -5.72179e-05 0.00116857
39 24 34 0 -0.00112734 3.90111e-05 0.00112802
39 25 34 0 -0.00108135 0.000122688 0.00108829
39 26 34 0 -0.00103839 0.000196394 0.0010568
39 27 34 0 -0.000996641 0.000256876 0.00102921
39 28 34 0 -0.000945764 0.000298035 0.000991611
39 29 34 0 -0.000885509 0.000330597 0.000945209
39 30 34 0 -0.000823417 0.000365405 0.000900853
39 31 34 0 -0.000762903 0.000385365 0.000854709
39 32 34 0 -0.000695848 0.000378597 0.000792175
39 33 34 0 -0.00055534 0.000378313 0.000671954
39 34 34 0 -0.000293816 0.000382424 0.000482261
39 35 34 0 3.59031e-05 0.000367835 0.000369583
39 36 34 0 0.000322736 0.000386084 0.000503209
39 37 34 0 0.000663488 0.000432081 0.000791777
39 38 34 0 0.000898697 0.000490472 0.00102383
39 39 34 0 0 0.000520671 0.000520671
39 1 35 0 0.00717541 -0.00107511 0.0072555
39 2 35 0 0.00424333 -0.00094857 0.00434806
39 3 35 0 0.00210428 -0.00117941 0.00241226
39 4 35 0 0.000606162 -0.00145716 0.00157821
39 5 35 0 -0.000351917 -0.00169237 0.00172857
39 6 35 0 -0.00086192 -0.00187896 0.00206722
39 7 35 0 -0.00107167 -0.00196852 0.00224133
39 8 35 0 -0.00114791 -0.00202502 0.00232775
39 9 35 0 -0.0012033 -0.00208409 0.00240653
39 10 35 0 -0.0012561 -0.0021001 0.00244708
39 11 35 0 -0.00129713 -0.00210335 0.00247116
39 12 35 0 -0.00132231 -0.00209923 0.00248098
39 13 35 0 -0.00133619 -0.00207194 0.00246543
39 14 35 0 -0.00134274 -0.00202276 0.00242786
39 15 35 0 -0.00133942 -0.00195025 0.00236591
39 16 35 0 -0.00132963 -0.00186474 0.00229023
39 17 35 0 -0.00131268 -0.00176904 0.00220287
39 18 35 0 -0.00128698 -0.00165713 0.00209819
39 19 35 0 -0.00126043 -0.00153432 0.00198566
39 20 35 0 -0.00122699 -0.00140821 0.00186777
39 21 35 0 -0.00119317 -0.00127257 0.00174445
39 22 35 0 -0.00115339 -0.00113391 0.00161743
39 23 35 0 -0.00111226 -0.000997764 0.00149421
39 24 35 0 -0.00107118 -0.000855607 0.00137095
39 25 35 0 -0.00102701 -0.00072008 0.0012543
39 26 35 0 -0.000985152 -0.000595958 0.00115139
39 27 35 0 -0.00094033 -0.000480705 0.00105608
39 28 35 0 -0.000885047 -0.000372023 0.000960057
39 29 35 0 -0.000826258 -0.000263645 0.000867301
39 30 35 0 -0.00076975 -0.000156503 0.000785499
39 31 35 0 -0.000712834 -6.80816e-05 0.000716078
39 32 35 0 -0.000645409 9.63656e-06 0.000645481
39 33 35 0 -0.000507576 0.000103604 0.000518042
39 34 35 0 -0.000257633 0.000181225 0.000314987
39 35 35 0 4.47392e-05 0.000212729 0.000217383
39 36 35 0 0.000288113 0.000251226 0.000382261
39 37 35 0 0.000574853 0.000306032 0.000651239
39 38 35 0 0.000818238 0.000359454 0.000893711
39 39 35 0 0 0.00034975 0.00034975
39 1 36 0 0.00810542 -0.00106053 0.00817451
39 2 36 0 0.00465858 -0.00131222 0.00483987
39 3 36 0 0.00231024 -0.00174636 0.00289603
39 4 36 0 0.000705649 -0.00221444 0.00232415
39 5 36 0 -0.000280975 -0.00260863 0.00262371
39 6 36 0 -0.000781266 -0.00292231 0.00302494
39 7 36 0 -0.000979158 -0.00312344 0.00327332
39 8 36 0 -0.00105458 -0.00326244 0.00342865
39 9 36 0 -0.00110522 -0.00338806 0.00356377
39 10 36 0 -0.00114672 -0.00346679 0.00365152
39 11 36 0 -0.00118031 -0.00351033 0.00370345
39 12 36 0 -0.00120173 -0.00353551 0.00373417
39 13 36 0 -0.00121123 -0.00353449 0.00373627
39 14 36 0 -0.00121173 -0.00350096 0.00370472
39 15 36 0 -0.0012041 -0.00343412 0.00363909
39 16 36 0 -0.00119049 -0.00334306 0.00354871
39 17 36 0 -0.00117014 -0.00322991 0.00343534
39 18 36 0 -0.00114321 -0.00309202 0.00329659
39 19 36 0 -0.00111444 -0.00293433 0.00313884
39 20 36 0 -0.00108034 -0.00276209 0.00296586
39 21 36 0 -0.00104587 -0.00257225 0.00277675
39 22 36 0 -0.00100764 -0.00236979 0.00257513
39 23 36 0 -0.000969316 -0.00216314 0.00237039
39 24 36 0 -0.000932267 -0.00194808 0.00215966
39 25 36 0 -0.000892462 -0.00173257 0.00194892
39 26 36 0 -0.000852202 -0.00152361 0.00174575
39 27 36 0 -0.000807554 -0.0013154 0.00154351
39 28 36 0 -0.000756207 -0.00110292 0.00133726
39 29 36 0 -0.000706107 -0.000888355 0.0011348
39 30 36 0 -0.000656005 -0.000679288 0.000944339
39 31 36 0 -0.000599776 -0.000484725 0.000771162
39 32 36 0 -0.000531945 -0.000290449 0.000606074
39 33 36 0 -0.000412376 -9.0969e-05 0.000422291
39 34 36 0 -0.00020804 6.64312e-05 0.000218389
39 35 36 0 3.65645e-05 0.00015843 0.000162595
39 36 36 0 0.000232979 0.000226273 0.000324775
39 37 36 0 0.00046509 0.000285788 0.000545878
39 38 36 0 0.000693561 0.0003187 0.00076328
39 39 36 0 0 0.000251841 0.000251841
39 1 37 0 0.00870409 -0.000994744 0.00876074
39 2 37 0 0.00494437 -0.00149243 0.0051647
39 3 37 0 0.00242564 -0.00203335 0.00316516
39 4 37 0 0.000769233 -0.00259367 0.00270534
39 5 37 0 -0.00019603 -0.00308478 0.003091
39 6 37 0 -0.000653092 -0.00350844 0.00356871
39 7 37 0 -0.000811023 -0.00384534 0.00392994
39 8 37 0 -0.0008645 -0.00411642 0.00420622
39 9 37 0 -0.000903394 -0.00435537 0.00444808
39 10 37 0 -0.00093255 -0.00453957 0.00463436
39 11 37 0 -0.000955135 -0.0046654 0.00476216
39 12 37 0 -0.000969576 -0.00474776 0.00484575
39 13 37 0 -0.000974141 -0.00478863 0.00488671
39 14 37 0 -0.000970002 -0.00478444 0.00488178
39 15 37 0 -0.000959538 -0.00473546 0.0048317
39 16 37 0 -0.000944018 -0.00464708 0.004742
39 17 37 0 -0.000923058 -0.00452073 0.00461401
39 18 37 0 -0.000897732 -0.00435753 0.00444905
39 19 37 0 -0.000870293 -0.00416296 0.00425295
39 20 37 0 -0.000839835 -0.00394185 0.00403032
39 21 37 0 -0.000809621 -0.00369419 0.00378187
39 22 37 0 -0.000777923 -0.00342445 0.00351169
39 23 37 0 -0.0007467 -0.00314144 0.00322896
39 24 37 0 -0.000716341 -0.00284401 0.00293284
39 25 37 0 -0.000683032 -0.00253552 0.00262591
39 26 37 0 -0.000647658 -0.00222311 0.00231553
39 27 37 0 -0.000609071 -0.00190524 0.00200022
39 28 37 0 -0.000567489 -0.00158239 0.00168108
39 29 37 0 -0.000527139 -0.00126434 0.00136983
39 30 37 0 -0.000484029 -0.000960316 0.0010754
39 31 37 0 -0.000435866 -0.00067282 0.000801665
39 32 37 0 -0.00038306 -0.000392685 0.000548576
39 33 37 0 -0.000302147 -0.000127909 0.000328106
39 34 37 0 -0.00016939 8.52431e-05 0.00018963
39 35 37 0 -7.90881e-06 0.000236016 0.000236149
39 36 37 0 0.000136451 0.000342051 0.000368263
39 37 37 0 0.000312908 0.000402839 0.000510089
39 38 37 0 0.000503157 0.0004016 0.000643778
39 39 37 0 0 0.000278985 0.000278985
39 1 38 0 0.0090521 -0.000751399 0.00908323
39 2 38 0 0.00516078 -0.0011722 0.00529223
39 3 38 0 0.00253042 -0.00160337 0.00299563
39 4 38 0 0.000851952 -0.00205954 0.0022288
39 5 38 0 -9.22237e-05 -0.00249337 0.00249508
39 6 38 0 -0.000519108 -0.0029017 0.00294776
39 7 38 0 -0.000642244 -0.00326723 0.00332975
39 8 38 0 -0.000663526 -0.00358878 0.00364961
39 9 38 0 -0.000677905 -0.00388019 0.00393897
39 10 38 0 -0.000686627 -0.00412911 0.00418581
39 11 38 0 -0.000691587 -0.00432552 0.00438046
39 12 38 0 -0.000693426 -0.00447237 0.00452581
39 13 38 0 -0.000690606 -0.00457117 0.00462305
39 14 38 0 -0.000682458 -0.00462095 0.00467107
39 15 38 0 -0.000670172 -0.00462226 0.00467059
39 16 38 0 -0.0006543 -0.00457694 0.00462347
39 17 38 0 -0.000635247 -0.0044857 0.00453046
39 18 38 0 -0.000614029 -0.00435098 0.00439409
39 19 38 0 -0.00059122 -0.0041773 0.00421893
39 20 38 0 -0.000567189 -0.00396883 0.00400915
39 21 38 0 -0.000543305 -0.00372755 0.00376694
39 22 38 0 -0.000518595 -0.00345725 0.00349593
39 23 38 0 -0.000493761 -0.00316486 0.00320315
39 24 38 0 -0.000468733 -0.0028521 0.00289036
39 25 38 0 -0.000441731 -0.00252139 0.0025598
39 26 38 0 -0.000413951 -0.00217958 0.00221854
39 27 38 0 -0.000386108 -0.00183093 0.0018712
39 28 38 0 -0.000358461 -0.00148055 0.00152333
39 29 38 0 -0.000331693 -0.00113736 0.00118474
39 30 38 0 -0.000303314 -0.000807174 0.000862282
39 31 38 0 -0.000274259 -0.000491127 0.000562515
39 32 38 0 -0.000244956 -0.000188745 0.000309238
39 33 38 0 -0.000202818 8.89046e-05 0.000221448
39 34 38 0 -0.00013697 0.00031899 0.000347153
39 35 38 0 -5.72219e-05 0.00048751 0.000490857
39 36 38 0 2.52009e-05 0.000582154 0.0005827
39 37 38 0 0.000132732 0.00058574 0.000600591
39 38 38 0 0.00026057 0.000503644 0.000567057
39 39 38 0 0 0.000342923 0.000342923
39 1 39 0 0.00928466 0 0.00928466
39 2 39 0 0.00533516 0 0.00533516
39 3 39 0 0.00263296 0 0.00263296
39 4 39 0 0.000929187 0 0.000929187
39 5 39 0 -1.41868e-05 0 1.41868e-05
39 6 39 0 -0.000429756 0 0.000429756
39 7 39 0 -0.000534264 0 0.000534264
39 8 39 0 -0.000533404 0 0.000533404
39 9 39 0 -0.000526964 0 0.000526964
39 10 39 0 -0.000516531 0 0.000516531
39 11 39 0 -0.000502779 0 0.000502779
39 12 39 0 -0.000487663 0 0.000487663
39 13 39 0 -0.000471711 0 0.000471711
39 14 39 0 -0.000454524 0 0.000454524
39 15 39 0 -0.000436154 0 0.000436154
39 16 39 0 -0.000416508 0 0.000416508
39 17 39 0 -0.000396088 0 0.000396088
39 18 39 0 -0.000375297 0 0.000375297
39 19 39 0 -0.000353919 0 0.000353919
39 20 39 0 -0.000332527 0 0.000332527
39 21 39 0 -0.000311336 0 0.000311336
39 22 39 0 -0.000289898 0 0.000289898
39 23 39 0 -0.000268841 0 0.000268841
39 24 39 0 -0.000248447 0 0.000248447
39 25 39 0 -0.00022858 0 0.00022858
39 26 39 0 -0.000210319 0 0.000210319
39 27 39 0 -0.000194187 0 0.000194187
39 28 39 0 -0.000179692 0 0.000179692
39 29 39 0 -0.000166219 0 0.000166219
39 30 39 0 -0.000153116 0 0.000153116
39 31 39 0 -0.000141806 0 0.000141806
39 32 39 0 -0.000131377 0 0.000131377
39 33 39 0 -0.000119888 0 0.000119888
39 34 39 0 -0.000111971 0 0.000111971
39 35 39 0 -0.000114869 0 0.000114869
39 36 39 0 -0.000118361 0 0.000118361
39 37 39 0 -8.72664e-05 0 8.72664e-05
39 38 39 0 7.40523e-06 0 7.40523e-06
39 39 39 0 0 0 0
