19 1 1 6.70904e-05 -0.000292706 -0.000103308 0.00031757
19 2 1 0.000111995 -9.31861e-05 -0.000562653 0.00058121
19 3 1 0.000172082 7.00506e-05 -0.000219447 0.000287535
19 4 1 0.000220716 0.000154832 -0.00156193 0.00158503
19 5 1 0.000244401 0.000325432 -0.0034133 0.00343748
19 6 1 0.000245435 0.000308647 -0.00475267 0.004769
19 7 1 0.000238824 0.000283023 -0.00545113 0.0054637
19 8 1 0.000234064 0.000222246 -0.00580718 0.00581615
19 9 1 0.000231029 0.000197174 -0.00608553 0.0060931
19 10 1 0.000233255 0.000185775 -0.00634634 0.00635334
19 11 1 0.000238419 0.000126461 -0.00641581 0.00642148
19 12 1 0.000244268 0.000113869 -0.00649976 0.00650534
19 13 1 0.000256053 6.80227e-05 -0.00651288 0.00651827
19 14 1 0.00026744 3.01518e-05 -0.00644632 0.00645194
19 15 1 0.000281401 2.59085e-05 -0.00645284 0.00645902
19 16 1 0.000297201 -1.54434e-05 -0.00636432 0.00637127
19 17 1 0.000310339 -2.82671e-05 -0.00632335 0.00633102
19 18 1 0.000326473 -4.50838e-05 -0.00630999 0.00631859
19 19 1 0.000340779 -5.89787e-05 -0.00629089 0.00630039
19 20 1 0.000351695 -8.49296e-05 -0.00628029 0.0062907
19 21 1 0.000362066 -0.000122043 -0.00625678 0.00626843
19 22 1 0.000371301 -0.000158872 -0.00622378 0.00623687
19 23 1 0.000376224 -0.000194738 -0.0061748 0.00618931
19 24 1 0.000380357 -0.00024891 -0.00607532 0.00609231
19 25 1 0.000381809 -0.000266264 -0.00598477 0.00600284
19 26 1 0.000379097 -0.000283839 -0.00579821 0.00581751
19 27 1 0.000376935 -0.000348044 -0.00555117 0.00557483
19 28 1 0.000368296 -0.000367501 -0.00536295 0.00538813
19 29 1 0.000356109 -0.000372663 -0.00505543 0.00508164
19 30 1 0.000345177 -0.000418815 -0.00464161 0.00467323
19 31 1 0.000329899 -0.000449903 -0.00428567 0.00432183
19 32 1 0.000310632 -0.000430297 -0.00379751 0.00383441
19 33 1 0.00029055 -0.000384339 -0.0032248 0.00326059
19 34 1 0.000276533 -0.000178849 -0.00274736 0.00276703
19 35 1 0.000292898 -0.000188493 -0.00243645 0.00246122
19 36 1 0.000366809 -0.000372741 -0.00204106 0.00210699
19 37 1 0.000478023 -0.000296144 -0.000432758 0.000709568
19 38 1 0.000603132 -7.81033e-05 -6.91498e-05 0.000612087
19 39 1 0.000745935 0 -0.00336228 0.00344403
19 1 2 9.34481e-05 -0.000770857 -1.51897e-05 0.000776649
19 2 2 -6.38192e-05 0.000277526 -0.00194844 0.00196914
19 3 2 -0.000203743 -0.00114577 0.00220452 0.00249283
19 4 2 -0.000522333 -0.00149615 0.00775823 0.00791842
19 5 2 -0.000777192 -0.000806977 0.0139915 0.0140362
19 6 2 -0.000862348 -0.000202223 0.016243 0.0162672
19 7 2 -0.000834721 1.51005e-05 0.0140587 0.0140835
19 8 2 -0.000765246 2.64894e-05 0.0103917 0.0104199
19 9 2 -0.000687089 5.59545e-05 0.00630625 0.00634382
19 10 2 -0.000596196 8.76442e-05 0.00191099 0.00200375
19 11 2 -0.000499608 4.34586e-05 -0.00240373 0.00245548
19 12 2 -0.000401213 4.50615e-05 -0.00700602 0.00701764
19 13 2 -0.000294165 -5.68898e-06 -0.0114935 0.0114973
19 14 2 -0.000193962 -6.88527e-05 -0.0158278 0.0158291
19 15 2 -9.02808e-05 -0.000111405 -0.0201382 0.0201388
19 16 2 1.36901e-05 -0.000204576 -0.0239805 0.0239814
19 17 2 0.00010954 -0.00023801 -0.027635 0.0276363
19 18 2 0.000208773 -0.000278962 -0.0308269 0.0308289
19 19 2 0.000301418 -0.0003189 -0.0334676 0.0334705
19 20 2 0.000387316 -0.000372147 -0.0355251 0.0355292
19 21 2 0.000470583 -0.000435958 -0.0369314 0.036937
19 22 2 0.000550671 -0.000499247 -0.0376744 0.0376818
19 23 2 0.000622265 -0.000544624 -0.0377359 0.0377449
19 24 2 0.000691965 -0.000615943 -0.0370393 0.0370509
19 25 2 0.000756363 -0.000653089 -0.0357935 0.0358074
19 26 2 0.000811227 -0.000656525 -0.0338336 0.0338497
19 27 2 0.000868992 -0.00069366 -0.0312387 0.0312585
19 28 2 0.000915219 -0.000698849 -0.028382 0.0284054
19 29 2 0.000950034 -0.000683905 -0.0250162 0.0250436
19 30 2 0.000983562 -0.000695921 -0.0211859 0.0212201
19 31 2 0.00100903 -0.000692987 -0.017307 0.0173502
19 32 2 0.00102659 -0.000649435 -0.0131365 0.0131925
19 33 2 0.00103718 -0.000635012 -0.00879118 0.00887489
19 34 2 0.00100578 -0.000577448 -0.00546975 0.00559135
19 35 2 0.000866379 -0.000397567 -0.00470142 0.00479709
19 36 2 0.000613047 0.000821403 -0.0048782 0.00498471
19 37 2 0.000449636 -8.06148e-05 0.00137503 0.00144893
19 38 2 0.000685306 -0.00322804 0.000706437 0.00337475
19 39 2 0.000893315 0 -0.00357947 0.00368926
19 1 3 0.000124861 -0.00279138 8.76924e-05 0.00279555
19 2 3 -0.000160367 0.00411915 -0.00287004 0.00502297
19 3 3 0.00032972 0.00409993 -0.000598346 0.00415646
19 4 3 0.000707256 0.00475319 -0.0113183 0.0122963
19 5 3 0.00135709 0.0014738 -0.0388917 0.0389433
19 6 3 0.0016911 -0.00237756 -0.0543491 0.0544274
19 7 3 0.00165634 -0.00378029 -0.0576169 0.0577645
19 8 3 0.00148661 -0.00410257 -0.0565393 0.0567075
19 9 3 0.00127157 -0.0043104 -0.0551854 0.0553681
19 10 3 0.00103555 -0.00444654 -0.0536187 0.0538128
19 11 3 0.00077894 -0.00457975 -0.051334 0.0515438
19 12 3 0.000514119 -0.00456972 -0.0488393 0.0490553
19 13 3 0.000263324 -0.00453326 -0.0453517 0.0455784
19 14 3 1.5499e-05 -0.00441483 -0.0408849 0.0411226
19 15 3 -0.000195794 -0.00416758 -0.0355142 0.0357584
19 16 3 -0.000374197 -0.00385464 -0.0286151 0.0288759
19 17 3 -0.000525121 -0.0033737 -0.0207181 0.0209975
19 18 3 -0.000627036 -0.00288205 -0.0114233 0.0117979
19 19 3 -0.000696612 -0.00233358 -0.00113626 0.00268737
19 20 3 -0.000733317 -0.00175859 0.00975672 0.00994102
19 21 3 -0.00073714 -0.00116781 0.0207281 0.020774
19 22 3 -0.000716407 -0.000575789 0.031074 0.0310876
19 23 3 -0.000687065 6.60403e-05 0.0400093 0.0400152
19 24 3 -0.000644792 0.000655617 0.0470251 0.0470341
19 25 3 -0.000601509 0.00119831 0.0511571 0.0511746
19 26 3 -0.000576388 0.00176014 0.0521276 0.0521605
19 27 3 -0.000550415 0.00222216 0.0499273 0.0499798
19 28 3 -0.000544145 0.00255483 0.0442781 0.0443551
19 29 3 -0.000570281 0.00283455 0.03585 0.0359664
19 30 3 -0.000617862 0.00308354 0.0254392 0.0256329
19 31 3 -0.000695823 0.00328995 0.0134098 0.013825
19 32 3 -0.000804415 0.0033853 0.000617944 0.00353401
19 33 3 -0.000935822 0.00244429 -0.0124495 0.0127217
19 34 3 -0.00101243 -0.000148117 -0.0216015 0.0216257
19 35 3 -0.000819298 -0.000986118 -0.0170962 0.0171442
19 36 3 -0.000506672 0.00691151 -0.0102772 0.0123954
19 37 3 -0.000187694 -0.000723896 0.00534466 0.00539673
19 38 3 0.000742065 -0.00719814 0.00106693 0.00731452
19 39 3 0.00100851 0 -0.00294257 0.0031106
19 1 4 0.000152977 -0.0058441 4.53088e-05 0.00584628
19 2 4 -0.000423791 0.00583842 -0.0017665 0.00611452
19 3 4 0.000435064 -0.00791989 0.00225636 0.00824652
19 4 4 -0.000767581 -0.0230089 0.0140288 0.0269594
19 5 4 -0.00174414 -0.0139622 0.00845413 0.0164152
19 6 4 -0.00226801 -0.00526841 0.0335478 0.0340346
19 7 4 -0.00215692 -0.00220911 0.0376178 0.0377443
19 8 4 -0.00180351 -0.00195675 0.035897 0.0359955
19 9 4 -0.00142538 -0.00177649 0.0350383 0.0351122
19 10 4 -0.00101627 -0.00146699 0.0354151 0.0354601
19 11 4 -0.000595376 -0.00102916 0.0373683 0.0373872
19 12 4 -0.000164366 -0.000326808 0.0397198 0.0397215
19 13 4 0.00027598 0.000541717 0.0426694 0.0426737
19 14 4 0.000684693 0.00163933 0.0449686 0.0450036
19 15 4 0.00108103 0.00294411 0.0454549 0.0455629
19 16 4 0.00142452 0.00430188 0.0436351 0.0438698
19 17 4 0.00169307 0.00566532 0.0376274 0.0380891
19 18 4 0.00189932 0.00676534 0.0270215 0.0279202
19 19 4 0.00201134 0.00763031 0.0103711 0.0130318
19 20 4 0.00202892 0.00803275 -0.0126309 0.0151057
19 21 4 0.00195615 0.00785739 -0.0420106 0.0427838
19 22 4 0.0017977 0.00697078 -0.0769243 0.0772604
19 23 4 0.00155586 0.00548256 -0.115744 0.115884
19 24 4 0.00127251 0.00340378 -0.155099 0.155142
19 25 4 0.000975465 0.000817914 -0.191295 0.191299
19 26 4 0.000668157 -0.00190063 -0.219576 0.219586
19 27 4 0.000409714 -0.00451747 -0.234635 0.234678
19 28 4 0.000217069 -0.00678846 -0.232973 0.233072
19 29 4 9.25307e-05 -0.00837577 -0.213149 0.213313
19 30 4 6.52e-05 -0.00925363 -0.177401 0.177642
19 31 4 0.000134128 -0.00965115 -0.133284 0.133633
19 32 4 0.000303429 -0.00966903 -0.090652 0.0911667
19 33 4 0.00057643 -0.00639737 -0.0529135 0.0533019
19 34 4 0.000854611 0.00420579 -0.0231921 0.0235859
19 35 4 0.000864952 0.00408521 -6.5233e-06 0.00417577
19 36 4 -0.000253122 0.0220967 -0.00902524 0.0238702
19 37 4 -0.000554792 -0.00505667 0.00547181 0.00747117
19 38 4 0.00082934 -0.0108312 0.000589013 0.0108789
19 39 4 0.00107466 0 -0.00181548 0.0021097
19 1 5 0.000168237 -0.0076937 -4.32727e-05 0.00769566
19 2 5 -0.000627947 0.00944203 -0.000424439 0.0094724
19 3 5 0.000844506 0.0014718 0.000527313 0.00177692
19 4 5 -0.00109019 -0.0282681 0.0114543 0.03052
19 5 5 -0.00111315 0.010637 -0.0217626 0.0242487
19 6 5 -0.000801834 -0.00185107 0.00513039 0.00551274
19 7 5 -0.000855293 -0.00480482 0.0481112 0.0483581
19 8 5 -0.000990246 -0.00373322 0.0659362 0.0660492
19 9 5 -0.00111035 -0.00228949 0.0708007 0.0708464
19 10 5 -0.00118462 -0.0007326 0.0671357 0.0671502
19 11 5 -0.00123079 0.000667041 0.0592849 0.0593014
19 12 5 -0.00124648 0.00173203 0.0489239 0.0489704
19 13 5 -0.00123307 0.0022167 0.0383572 0.0384409
19 14 5 -0.00122703 0.00202127 0.0278355 0.0279358
19 15 5 -0.00119377 0.000944878 0.0181034 0.0181673
19 16 5 -0.00117086 -0.00119285 0.0107282 0.0108577
19 17 5 -0.00115217 -0.00440152 0.00617159 0.00766742
19 18 5 -0.00110168 -0.00869404 0.00690191 0.0111551
19 19 5 -0.00103678 -0.0137001 0.0140663 0.0196629
19 20 5 -0.000941651 -0.019243 0.0304138 0.0360025
19 21 5 -0.000796542 -0.0245084 0.0574399 0.0624551
19 22 5 -0.000583843 -0.0287147 0.0968753 0.101043
19 23 5 -0.000312353 -0.0307066 0.148795 0.15193
19 24 5 4.00779e-05 -0.0293269 0.212483 0.214497
19 25 5 0.000471333 -0.0238169 0.283864 0.284862
19 26 5 0.00091981 -0.0137108 0.35455 0.354816
19 27 5 0.00137135 0.00035681 0.411642 0.411644
19 28 5 0.0017804 0.0161887 0.435621 0.435925
19 29 5 0.00207631 0.03004 0.403516 0.404638
19 30 5 0.00223414 0.0371103 0.298143 0.300452
19 31 5 0.00221609 0.0345313 0.129401 0.133947
19 32 5 0.00201685 0.0290418 -0.0150656 0.032779
19 33 5 0.00169716 0.024334 0.00864948 0.0258812
19 34 5 0.00143717 0.0286481 -0.0207164 0.0353829
19 35 5 0.00182513 -0.0084308 0.0124659 0.0151594
19 36 5 -0.000444964 0.0369269 -0.00635298 0.037472
19 37 5 -0.000699027 -0.00999116 0.00207679 0.0102286
19 38 5 0.000809639 -0.0128284 0.000206179 0.0128556
19 39 5 0.00109104 0 -0.000795565 0.00135029
19 1 6 0.000163955 -0.00806959 8.7464e-05 0.00807173
19 2 6 -0.000710359 0.0101114 0.000329498 0.0101417
19 3 6 0.00107474 0.00953761 -0.000221691 0.00960054
19 4 6 -0.00128238 -0.059985 0.00476808 0.0601879
19 5 6 -0.00108102 0.0387163 -0.00807167 0.0395635
19 6 6 -0.000468048 0.0419304 -0.0338581 0.0538957
19 7 6 -0.000323172 0.0133909 -0.0195743 0.0237187
19 8 6 -0.000350228 0.00134621 0.183744 0.183749
19 9 6 -0.000415621 -0.00563624 0.0614971 0.0617562
19 10 6 -0.000478758 -0.00871287 0.0194346 0.0213037
19 11 6 -0.000560051 -0.00946738 0.00714104 0.0118718
19 12 6 -0.000652585 -0.00920077 0.00503648 0.0105093
19 13 6 -0.000747602 -0.00860531 0.00698884 0.011111
19 14 6 -0.000867124 -0.00790627 0.00982622 0.0126418
19 15 6 -0.000964914 -0.00717123 0.0128647 0.0147601
19 16 6 -0.00107356 -0.00618518 0.016306 0.0174726
19 17 6 -0.00116981 -0.00467051 0.019146 0.0197422
19 18 6 -0.00122743 -0.0023318 0.0223349 0.0224898
19 19 6 -0.00126517 0.00129876 0.0250705 0.025136
19 20 6 -0.00126886 0.00619754 0.0281164 0.0288193
19 21 6 -0.00121965 0.0129962 0.0299456 0.0326669
19 22 6 -0.0011067 0.0214779 0.0312902 0.0379685
19 23 6 -0.000961406 0.0309805 0.0318034 0.0444091
19 24 6 -0.000787353 0.039958 0.0318337 0.0510944
19 25 6 -0.000571602 0.0450426 0.0329602 0.055817
19 26 6 -0.000363854 0.0412923 0.0394 0.0570749
19 27 6 -0.000166134 0.0223119 0.0630402 0.0668723
19 28 6 2.07907e-05 -0.0176786 0.128327 0.129539
19 29 6 0.000174326 -0.0772427 0.282531 0.2929
19 30 6 0.00031812 -0.133238 0.608016 0.622444
19 31 6 0.000446705 -0.111258 1.22102 1.22607
19 32 6 0.000565535 0.0515545 2.20961 2.21021
19 33 6 0.000700343 -0.00502569 -0.649089 0.649109
19 34 6 0.000963811 0.065143 0.00288122 0.0652138
19 35 6 0.00230134 -0.0329774 0.0077758 0.0339598
19 36 6 -0.000887184 0.0466914 -0.00207663 0.046746
19 37 6 -0.000581871 -0.0121359 -0.000713299 0.0121708
19 38 6 0.000702172 -0.0134684 -2.41018e-05 0.0134867
19 39 6 0.00107184 0 -0.000194769 0.00108939
19 1 7 0.000152543 -0.00778569 0.000133389 0.00778833
19 2 7 -0.00070869 0.00924836 0.000529979 0.0092906
19 3 7 0.00111457 0.011774 -0.000181377 0.0118281
19 4 7 -0.0013179 -0.0715525 0.00133057 0.071577
19 5 7 -0.00110089 0.0141052 0.00183868 0.0142671
19 6 7 -0.000490145 0.0567549 -0.0157562 0.0589034
19 7 7 -0.000350303 0.216777 -0.225633 0.312894
19 8 7 -0.000369595 -0.120901 -0.222282 0.253035
19 9 7 -0.000433615 -0.0473916 -0.0698764 0.0844326
19 10 7 -0.00049244 -0.0211649 -0.0259604 0.0334983
19 11 7 -0.000569582 -0.0113971 -0.0126684 0.0170501
19 12 7 -0.000656891 -0.00754636 -0.00802647 0.0110365
19 13 7 -0.000741898 -0.00581674 -0.00738327 0.00942855
19 14 7 -0.000848626 -0.00484751 -0.00689314 0.00846958
19 15 7 -0.000939237 -0.0041723 -0.00765278 0.00876671
19 16 7 -0.00105408 -0.00341109 -0.00824805 0.0089876
19 17 7 -0.00115911 -0.00215729 -0.00851295 0.00885821
19 18 7 -0.00110841 -5.44665e-06 -0.00961183 0.00967553
19 19 7 -0.00108395 0.00322065 -0.00933755 0.00993667
19 20 7 -0.0010667 0.00750267 -0.00969312 0.0123038
19 21 7 -0.00106579 0.0136162 -0.0099346 0.0168888
19 22 7 -0.00107484 0.0215764 -0.011353 0.0244046
19 23 7 -0.00110926 0.030547 -0.0126031 0.0330634
19 24 7 -0.000945506 0.0402887 -0.0144075 0.0427978
19 25 7 -0.000758023 0.0508933 -0.0166322 0.0535475
19 26 7 -0.000577 0.0640842 -0.0185037 0.0667046
19 27 7 -0.000404043 0.0866805 -0.0202522 0.0890159
19 28 7 -0.00023736 0.135833 -0.0257133 0.138246
19 29 7 -9.21226e-05 0.247299 -0.0490826 0.252123
19 30 7 5.80939e-05 0.479245 -0.136259 0.498239
19 31 7 0.000198549 0.877144 -0.407208 0.967057
19 32 7 0.000326766 -2.80759 -1.11421 3.0206
19 33 7 0.000496423 0.647522 0.207127 0.679843
19 34 7 0.000849089 0.0745371 -0.0138207 0.0758124
19 35 7 0.00251961 -0.0500411 0.0051554 0.050369
19 36 7 -0.00129169 0.0506306 0.000760553 0.0506528
19 37 7 -0.000397731 -0.0118343 -0.00172001 0.0119653
19 38 7 0.000580254 -0.0132902 -0.000123401 0.0133035
19 39 7 0.00103127 0 7.58285e-05 0.00103406
19 1 8 0.000142776 -0.00728353 0.000136205 0.0072862
19 2 8 -0.000673339 0.00815278 0.000538601 0.00819825
19 3 8 0.00108983 0.0108662 4.43241e-05 0.0109208
19 4 8 -0.00131748 -0.070116 0.000573774 0.0701307
19 5 8 -0.00107567 -0.00227692 0.00295495 0.00388242
19 6 8 -0.000459416 -0.153025 -0.00414608 0.153082
19 7 8 -0.000330103 0.220701 0.114733 0.248742
19 8 8 -0.000353217 0.0311075 -0.0366233 0.0480528
19 9 8 -0.000422129 -0.00330992 -0.0362127 0.0363661
19 10 8 -0.000483047 -0.00785748 -0.0240163 0.0252736
19 11 8 -0.000560362 -0.00732749 -0.0165264 0.0180867
19 12 8 -0.000647778 -0.00646087 -0.0126552 0.0142238
19 13 8 -0.00073411 -0.00583126 -0.0121782 0.0135223
19 14 8 -0.000847159 -0.0053413 -0.0119936 0.0131565
19 15 8 -0.00095559 -0.0048147 -0.0132413 0.0141218
19 16 8 -0.00111568 -0.00400927 -0.0145031 0.0150884
19 17 8 -0.00129904 -0.00265755 -0.0157059 0.015982
19 18 8 -0.00113431 -0.00037181 -0.0182165 0.0182556
19 19 8 -0.00109656 0.00286113 -0.0190553 0.0193001
19 20 8 -0.00105435 0.00690381 -0.0202408 0.0214118
19 21 8 -0.00109356 0.0123328 -0.0219457 0.0251974
19 22 8 -0.00127871 0.0200196 -0.0255808 0.0325084
19 23 8 -0.00171494 0.0285134 -0.0271874 0.0394348
19 24 8 -0.00133786 0.0377776 -0.0295749 0.047996
19 25 8 -0.00107639 0.0486052 -0.0330442 0.0587838
19 26 8 -0.000844522 0.0617429 -0.0365448 0.0717525
19 27 8 -0.000627275 0.0809446 -0.0435249 0.0919067
19 28 8 -0.000432282 0.112098 -0.0598396 0.127071
19 29 8 -0.000268922 0.159595 -0.0974055 0.186972
19 30 8 -0.000101207 0.208331 -0.179813 0.275199
19 31 8 5.83099e-05 0.169101 -0.342842 0.382277
19 32 8 0.000199721 -1.48633 -0.597913 1.60209
19 33 8 0.000387505 0.426736 0.19622 0.469687
19 34 8 0.000791462 0.098318 -0.0338323 0.103979
19 35 8 0.00259543 -0.0635374 0.00525684 0.0638073
19 36 8 -0.00157618 0.0517882 0.00247626 0.0518713
19 37 8 -0.000250469 -0.0107822 -0.00197408 0.0109643
19 38 8 0.000471327 -0.0128072 -0.000178522 0.0128171
19 39 8 0.000974917 0 0.000194696 0.000994168
19 1 9 0.000133159 -0.00672876 0.00013162 0.00673136
19 2 9 -0.000630781 0.00716042 0.000531125 0.00720774
19 3 9 0.00104122 0.00925544 0.000273086 0.00931783
19 4 9 -0.00131944 -0.0671924 5.2966e-05 0.0672054
19 5 9 -0.00103707 -0.00806852 0.00373698 0.00895218
19 6 9 -0.000435712 -0.0341329 0.00244454 0.0342231
19 7 9 -0.000322028 0.0698204 0.0435937 0.0823128
19 8 9 -0.000346499 0.0309999 -0.00152909 0.0310395
19 9 9 -0.000416049 0.00886457 -0.0142828 0.0168152
19 10 9 -0.000479156 -0.000460316 -0.0149443 0.0149591
19 11 9 -0.000559276 -0.00406946 -0.0132109 0.0138347
19 12 9 -0.000656594 -0.00557888 -0.0115201 0.0128167
19 13 9 -0.000760635 -0.00635239 -0.0119359 0.0135424
19 14 9 -0.00089559 -0.00665765 -0.0124519 0.0141484
19 15 9 -0.0010499 -0.00631267 -0.0146009 0.0159417
19 16 9 -0.0014612 -0.00586403 -0.0158083 0.0169241
19 17 9 -0.00241374 -0.00481687 -0.0171472 0.0179737
19 18 9 -0.00115591 -0.00163715 -0.0227924 0.0228804
19 19 9 -0.00108247 0.00139396 -0.0235447 0.0236107
19 20 9 -0.000932717 0.00472174 -0.0247839 0.0252469
19 21 9 -0.00105424 0.00867066 -0.027245 0.0286108
19 22 9 -0.00173803 0.0182474 -0.0365859 0.0409208
19 23 9 -0.00477401 0.0263494 -0.0351735 0.044207
19 24 9 -0.00239936 0.034395 -0.0393438 0.0523136
19 25 9 -0.00166753 0.0451085 -0.0464368 0.0647606
19 26 9 -0.00124137 0.0546662 -0.0481712 0.0728725
19 27 9 -0.000895488 0.0646705 -0.0549472 0.0848662
19 28 9 -0.0006207 0.0746073 -0.0707257 0.102804
19 29 9 -0.000411421 0.0772139 -0.100644 0.126852
19 30 9 -0.000219603 0.0460499 -0.149101 0.156051
19 31 9 -4.61808e-05 -0.0865379 -0.210665 0.227747
19 32 9 0.000101709 -0.692259 -0.230086 0.729494
19 33 9 0.00029165 0.197278 0.135279 0.239205
19 34 9 0.000696989 0.143568 -0.0337831 0.147491
19 35 9 0.00258653 -0.0774558 0.00437638 0.0776224
19 36 9 -0.0017725 0.0521347 0.00427973 0.0523401
19 37 9 -0.000136153 -0.00961361 -0.00212478 0.00984656
19 38 9 0.000378998 -0.0122175 -0.000230556 0.0122255
19 39 9 0.000903574 0 0.000288123 0.000948399
19 1 10 0.000121303 -0.00616943 0.000132569 0.00617205
19 2 10 -0.000583161 0.00628615 0.00050485 0.0063333
19 3 10 0.000978897 0.00718036 0.000476932 0.00726246
19 4 10 -0.00130795 -0.0633673 -0.00033004 0.0633817
19 5 10 -0.000971242 -0.00790555 0.00460552 0.00920064
19 6 10 -0.000398866 0.00710832 0.00535235 0.00890702
19 7 10 -0.000295912 0.0252758 0.0186545 0.0314156
19 8 10 -0.000323725 0.0179208 0.00362409 0.0182865
19 9 10 -0.000403286 0.00835185 -0.00495496 0.00971945
19 10 10 -0.00047993 0.00146123 -0.00835476 0.00849515
19 11 10 -0.000572251 -0.00275543 -0.00936985 0.00978335
19 12 10 -0.000687859 -0.00546321 -0.00933683 0.0108396
19 13 10 -0.000808226 -0.00744593 -0.0107326 0.0130875
19 14 10 -0.000924205 -0.00867759 -0.0124609 0.0152128
19 15 10 -0.000975929 -0.00745333 -0.017994 0.019501
19 16 10 -0.00224366 -0.00786313 -0.0157811 0.0177738
19 17 10 -0.00908936 -0.0103937 -0.00910852 0.0165412
19 18 10 -9.01201e-05 -0.00246268 -0.00036406 0.00249108
19 19 10 -0.00102563 -0.000362941 -0.000327972 0.00113631
19 20 10 -0.00064023 0.00136394 -0.000249202 0.0015272
19 21 10 -0.000777578 -0.000644522 -7.89352e-06 0.00101
19 22 10 -0.00136721 0.0199355 -0.00016093 0.019983
19 23 10 -0.0223467 0.0223403 -0.0218493 0.0384169
19 24 10 -0.00454762 0.0268337 -0.0443874 0.0520669
19 25 10 -0.00234928 0.04278 -0.0692462 0.081429
19 26 10 -0.00169188 0.0473115 -0.0566449 0.0738233
19 27 10 -0.00118555 0.0482568 -0.0582393 0.0756435
19 28 10 -0.000812182 0.0440513 -0.0679984 0.0810245
19 29 10 -0.000535511 0.0278627 -0.0854149 0.0898461
19 30 10 -0.000300834 -0.0153945 -0.106507 0.107615
19 31 10 -0.000104085 -0.106639 -0.11997 0.160514
19 32 10 5.06511e-05 -0.327013 -0.0926777 0.339892
19 33 10 0.000231586 0.0289282 0.0721642 0.0777468
19 34 10 0.000592922 0.188728 -0.0217307 0.189976
19 35 10 0.00249614 -0.0910634 0.00176326 0.0911146
19 36 10 -0.00190717 0.0514821 0.00615015 0.0518832
19 37 10 -5.44365e-05 -0.00838523 -0.00228562 0.00869132
19 38 10 0.00030715 -0.0114635 -0.000271881 0.0114708
19 39 10 0.00081932 0 0.000407873 0.000915229
19 1 11 0.000111663 -0.00560078 0.000131811 0.00560345
19 2 11 -0.000523359 0.00561559 0.000434553 0.00565664
19 3 11 0.000911209 0.00485524 0.000640772 0.00498139
19 4 11 -0.0012802 -0.0585937 -0.000560866 0.0586104
19 5 11 -0.000886486 -0.00542533 0.00552051 0.00779077
19 6 11 -0.00036155 0.0207161 0.00619192 0.0216247
19 7 11 -0.000278596 0.0109019 0.00959348 0.0145246
19 8 11 -0.000324432 0.0091051 0.00361851 0.00980315
19 9 11 -0.000419933 0.00503624 -0.00118378 0.00519051
19 10 11 -0.000505025 0.000577918 -0.00426663 0.00433511
19 11 11 -0.000600393 -0.0032244 -0.00604701 0.00687921
19 12 11 -0.000720382 -0.00649611 -0.00674145 0.00938965
19 13 11 -0.000827181 -0.00971894 -0.00851686 0.0129491
19 14 11 -0.000735372 -0.0139634 -0.0102629 0.0173449
19 15 11 0.00115434 -0.00519714 -0.000478352 0.00534524
19 16 11 -0.000621844 -0.00177277 0.00127242 0.00226902
19 17 11 -0.000498423 -0.0018012 -0.000381822 0.0019075
19 18 11 -0.000342399 -0.00175449 -0.000745146 0.00193668
19 19 11 -0.00017386 -0.00128074 -0.00115342 0.00173231
19 20 11 -0.000200856 -0.000894763 -0.000931603 0.00130722
19 21 11 -6.70859e-05 -0.000680317 -0.000521762 0.000859981
19 22 11 0.000167205 -0.000699999 -0.000241653 0.000759179
19 23 11 0.000310424 -0.000309713 -0.000693008 0.000820088
19 24 11 0.000392149 0.00131186 -0.000623723 0.00150459
19 25 11 0.000530805 0.0550739 -0.000386411 0.0550778
19 26 11 -0.00144913 0.0458187 -0.0549523 0.0715626
19 27 11 -0.00127206 0.0386876 -0.0546287 0.0669525
19 28 11 -0.000961092 0.0271463 -0.0585803 0.0645717
19 29 11 -0.000669571 0.00662611 -0.0662644 0.0665983
19 30 11 -0.000399063 -0.0284284 -0.0723821 0.0777657
19 31 11 -0.000168614 -0.0797452 -0.0693691 0.105695
19 32 11 7.47731e-06 -0.162227 -0.0428858 0.1678
19 33 11 0.000195923 -0.0642205 0.0309767 0.0713013
19 34 11 0.000514862 0.220254 -0.00633943 0.220346
19 35 11 0.00235687 -0.101918 -0.00262989 0.101979
19 36 11 -0.00198778 0.0499653 0.00810612 0.0506576
19 37 11 -1.36442e-05 -0.00707717 -0.00243816 0.0074854
19 38 11 0.000255898 -0.0105209 -0.000324954 0.010529
19 39 11 0.000725967 0 0.000516211 0.000890787
19 1 12 0.000105187 -0.00501034 0.000117581 0.00501283
19 2 12 -0.000456917 0.00516315 0.000329239 0.00519377
19 3 12 0.000826836 0.00234919 0.000796234 0.00261464
19 4 12 -0.0012476 -0.0530133 -0.000623466 0.0530317
19 5 12 -0.00079666 -0.00289026 0.0063993 0.00706678
19 6 12 -0.000333734 0.0244209 0.00625528 0.0252116
19 7 12 -0.000275678 0.00541573 0.00618598 0.00822633
19 8 12 -0.000333161 0.0040547 0.00323314 0.00519662
19 9 12 -0.00042655 0.00200757 0.000513405 0.00211563
19 10 12 -0.000506474 -0.000954769 -0.00172097 0.0020322
19 11 12 -0.000594752 -0.00418525 -0.00336741 0.00540458
19 12 12 -0.000682488 -0.00766291 -0.00400962 0.00867543
19 13 12 -0.000781753 -0.0115435 -0.00538941 0.0127636
19 14 12 -0.000926346 -0.00308171 0.00268129 0.0041886
19 15 12 -0.000866155 -0.0042895 0.000808168 0.00445008
19 16 12 -0.000635334 -0.00325249 -2.56538e-05 0.00331406
19 17 12 -0.000521107 -0.00279135 -0.00123749 0.00309752
19 18 12 -0.000219717 -0.0026202 -0.0013461 0.00295393
19 19 12 -0.000237962 -0.00229805 -0.00185872 0.00296522
19 20 12 -9.14865e-05 -0.00162446 -0.00190346 0.00250407
19 21 12 -1.18086e-05 -0.00128859 -0.00123287 0.00178342
19 22 12 3.5606e-05 -0.000924394 -0.000850419 0.00125658
19 23 12 8.57486e-05 0.000226864 -0.00195593 0.00197091
19 24 12 0.000316025 0.00053515 -0.000913432 0.00110481
19 25 12 0.000384997 0.000145858 4.01629e-05 0.000413655
19 26 12 0.000866851 0.0458138 -7.47773e-05 0.0458221
19 27 12 -0.00058509 0.0340992 -0.045948 0.0572216
19 28 12 -0.000833273 0.0195167 -0.0464695 0.0504084
19 29 12 -0.000699199 7.23606e-05 -0.0485274 0.0485325
19 30 12 -0.000457701 -0.0252991 -0.0481717 0.0544129
19 31 12 -0.00022425 -0.0538171 -0.0417186 0.0680938
19 32 12 -4.61279e-05 -0.0885812 -0.0235469 0.0916575
19 33 12 0.000147776 -0.100939 0.0104975 0.101483
19 34 12 0.000454192 0.232789 0.00704012 0.232896
19 35 12 0.00219267 -0.108242 -0.00826464 0.108579
19 36 12 -0.00200305 0.0471783 0.0102201 0.0483141
19 37 12 -2.00491e-05 -0.00601424 -0.00250211 0.00651399
19 38 12 0.000218268 -0.00957503 -0.000381243 0.0095851
19 39 12 0.000624327 0 0.00060232 0.00086751
19 1 13 9.83922e-05 -0.00439875 8.50176e-05 0.00440067
19 2 13 -0.000391327 0.00490859 0.000213702 0.0049288
19 3 13 0.000728164 -0.000216705 0.000945483 0.0012129
19 4 13 -0.00119351 -0.0466798 -0.000562154 0.0466984
19 5 13 -0.00068685 -0.0010385 0.00714843 0.00725605
19 6 13 -0.000294859 0.0246953 0.0062821 0.0254835
19 7 13 -0.000257279 0.00294018 0.00488764 0.00570963
19 8 13 -0.000312381 0.00130265 0.00313902 0.0034129
19 9 13 -0.000405422 -6.73297e-05 0.00154537 0.00159909
19 10 13 -0.000507012 -0.00228274 7.01458e-05 0.00233942
19 11 13 -0.000594149 -0.00500759 -0.00127734 0.00520198
19 12 13 -0.00047083 -0.00858347 -0.00137943 0.00870635
19 13 13 -0.000443575 -0.00361676 0.00373112 0.00521526
19 14 13 -0.00066929 -0.00351524 0.0023864 0.00430113
19 15 13 -0.000762393 -0.00347157 0.000635798 0.00361071
19 16 13 -0.000533461 -0.00270951 -0.00110577 0.00297469
19 17 13 -0.000475556 -0.00210554 -0.00209564 0.00300852
19 18 13 -0.00028281 -0.00216588 -0.00165603 0.00274107
19 19 13 -0.000317923 -0.002174 -0.00218881 0.00310133
19 20 13 0.000117103 -0.00142868 -0.00285472 0.00319441
19 21 13 7.81361e-05 -0.00115313 -0.00214403 0.00243571
19 22 13 -0.000140253 -0.000938384 -0.0016113 0.0018699
19 23 13 -1.64801e-06 -0.000275316 -0.00276147 0.00277516
19 24 13 0.000291126 -5.34666e-05 -0.00116494 0.00120196
19 25 13 0.000438716 -4.77852e-05 -0.000166391 0.000471637
19 26 13 0.000477083 0.000100962 -0.000406643 0.000634948
19 27 13 0.000272909 0.0331926 -0.000347103 0.0331955
19 28 13 -0.000465617 0.0177622 -0.033224 0.0376769
19 29 13 -0.000606708 0.000166877 -0.0328441 0.0328501
19 30 13 -0.000440133 -0.0186472 -0.0306546 0.0358834
19 31 13 -0.000226358 -0.0361018 -0.025199 0.044027
19 32 13 -7.29786e-05 -0.0545843 -0.0137417 0.0562876
19 33 13 9.5624e-05 -0.103688 0.00343124 0.103745
19 34 13 0.000397685 0.226944 0.0162767 0.227527
19 35 13 0.00200854 -0.108636 -0.0143591 0.109599
19 36 13 -0.00193404 0.0433235 0.0123156 0.0450815
19 37 13 -6.50144e-05 -0.00481989 -0.00255565 0.0054559
19 38 13 0.000189994 -0.00840543 -0.00043874 0.00841902
19 39 13 0.000514093 0 0.000680333 0.000852728
19 1 14 8.97447e-05 -0.00381393 5.89338e-05 0.00381544
19 2 14 -0.000326033 0.00480155 0.000113365 0.00481395
19 3 14 0.000626847 -0.00270432 0.00106092 0.00297184
19 4 14 -0.00111033 -0.0397393 -0.000413306 0.039757
19 5 14 -0.000570368 0.000100893 0.00774997 0.00777158
19 6 14 -0.000259132 0.0236372 0.0066211 0.0245484
19 7 14 -0.000239273 0.00161547 0.00448071 0.00476904
19 8 14 -0.000294427 -0.000308132 0.00337709 0.00340387
19 9 14 -0.00042473 -0.00162668 0.00254856 0.00305314
19 10 14 -0.000629818 -0.00367507 0.00166516 0.00408357
19 11 14 -0.000820711 -0.0055064 -0.00027435 0.00557399
19 12 14 0.000304087 -0.0038673 0.00362447 0.00530898
19 13 14 -0.000686227 -0.00371718 0.00329302 0.00501322
19 14 14 -0.000673737 -0.00280185 0.00136949 0.00319057
19 15 14 -0.00072215 -0.00187559 -0.000591341 0.002095
19 16 14 -0.000537301 -0.00135187 -0.00199661 0.00247037
19 17 14 -0.000296301 -0.00120483 -0.00217714 0.00250586
19 18 14 -0.000185853 -0.00163947 -0.00116488 0.00201973
19 19 14 -0.000360104 -0.00172558 -0.00215137 0.00278131
19 20 14 -4.21538e-05 -0.00134116 -0.00354867 0.00379389
19 21 14 -0.000130403 -0.00131843 -0.00287368 0.00316438
19 22 14 -0.000135933 -0.000805647 -0.00264762 0.00277082
19 23 14 0.000235314 -0.000759583 -0.00313123 0.00323063
19 24 14 0.000310871 -0.000354138 -0.00180238 0.00186296
19 25 14 0.000326725 0.000139434 -0.000945725 0.00101024
19 26 14 0.000385045 0.000188876 -0.000689749 0.000812211
19 27 14 0.000279969 0.000120266 -0.000458315 0.000550363
19 28 14 0.000172438 0.0186611 -6.87525e-05 0.018662
19 29 14 -0.000407922 0.00217971 -0.0186127 0.0187443
19 30 14 -0.000368578 -0.0129406 -0.0169451 0.0213244
19 31 14 -0.000191525 -0.0251434 -0.0139374 0.0287485
19 32 14 -7.48145e-05 -0.0373056 -0.00691945 0.0379419
19 33 14 4.92279e-05 -0.0898088 0.00304585 0.0898605
19 34 14 0.00033552 0.206487 0.0211634 0.207569
19 35 14 0.00179155 -0.102598 -0.0200894 0.104561
19 36 14 -0.00177833 0.0381916 0.0143078 0.0408224
19 37 14 -0.000134575 -0.00369126 -0.00259617 0.00451482
19 38 14 0.000173588 -0.00714868 -0.000460775 0.00716561
19 39 14 0.000397698 0 0.000767944 0.000864814
19 1 15 8.10213e-05 -0.00329966 5.65437e-05 0.00330114
19 2 15 -0.000258078 0.00483472 2.24462e-05 0.00484165
19 3 15 0.000525277 -0.00498931 0.00112354 0.00514116
19 4 15 -0.00100807 -0.0324554 -0.000169805 0.0324715
19 5 15 -0.000461616 0.000828779 0.00820988 0.00826451
19 6 15 -0.000222597 0.0218384 0.00729324 0.0230251
19 7 15 -0.000212667 0.000895022 0.00445477 0.00454877
19 8 15 -0.000273259 -0.0011376 0.00382038 0.00399551
19 9 15 -0.000477801 -0.00259629 0.00373079 0.00457032
19 10 15 -0.000966368 -0.00552091 0.00419462 0.00700066
19 11 15 -0.00244813 -0.000592821 0.0080294 0.00841523
19 12 15 -0.000659794 -0.00281132 0.00557426 0.00627784
19 13 15 -0.000851714 -0.00271027 0.00294944 0.00409514
19 14 15 -0.000794645 -0.00159048 0.000171493 0.00178619
19 15 15 -0.000532252 -0.000473341 -0.00187175 0.00200269
19 16 15 -0.000511013 -1.79665e-05 -0.00263067 0.0026799
19 17 15 -0.000303798 -0.000517907 -0.00156036 0.0016719
19 18 15 -0.00039336 -0.00107271 -0.000489324 0.00124293
19 19 15 -0.000460799 -0.00117473 -0.00205692 0.00241314
19 20 15 3.08921e-05 -0.0014113 -0.00351031 0.00378351
19 21 15 -2.18197e-05 -0.00120687 -0.00339235 0.0036007
19 22 15 -0.000168138 -0.000734931 -0.00360566 0.00368364
19 23 15 -4.22721e-05 -0.000597501 -0.0036383 0.00368728
19 24 15 -0.000204747 -5.77914e-05 -0.00260257 0.00261126
19 25 15 5.24856e-05 6.02385e-06 -0.00113936 0.00114058
19 26 15 0.000337685 -0.00033923 -0.000520796 0.000707345
19 27 15 0.000332782 -0.000281922 -0.000609621 0.000749574
19 28 15 0.000450456 0.000260136 -0.00057686 0.000776755
19 29 15 0.000212738 0.00317138 0.000368905 0.00319984
19 30 15 -0.00012793 -0.0099123 -0.00551848 0.0113456
19 31 15 -7.85934e-05 -0.0189633 -0.00572079 0.0198076
19 32 15 -4.9523e-05 -0.0274887 -0.00156333 0.0275332
19 33 15 1.79756e-05 -0.0707036 0.00491853 0.0708744
19 34 15 0.000273377 0.175951 0.0223981 0.177371
19 35 15 0.00153549 -0.0904517 -0.0249364 0.0938387
19 36 15 -0.0015547 0.0316468 0.0161291 0.035554
19 37 15 -0.000230632 -0.00278115 -0.00264322 0.00384377
19 38 15 0.000166004 -0.0058731 -0.000495254 0.00589628
19 39 15 0.000276867 0 0.000822917 0.000868244
19 1 16 7.29905e-05 -0.00281861 5.21578e-05 0.00282004
19 2 16 -0.000189076 0.00507153 -8.42843e-05 0.00507576
19 3 16 0.000419747 -0.00695714 0.00115777 0.00706529
19 4 16 -0.000887926 -0.0250243 0.0001725 0.0250406
19 5 16 -0.000347198 0.00170152 0.00849757 0.0086732
19 6 16 -0.000159942 0.0195488 0.008142 0.0211772
19 7 16 -0.000160474 0.000702679 0.00453497 0.00459189
19 8 16 -0.000221987 -0.00115022 0.00426507 0.00442302
19 9 16 -0.000450727 -0.00211912 0.00452283 0.00501496
19 10 16 -0.000864056 -0.00217907 0.00425237 0.00485568
19 11 16 -0.00060394 -0.0046882 0.004705 0.0066694
19 12 16 -0.000797279 -0.00332491 0.00421384 0.00542652
19 13 16 -0.000580838 -0.00165482 0.00119889 0.00212441
19 14 16 -0.000444835 -0.000133201 -0.0014334 0.00150674
19 15 16 -0.000315749 0.000642803 -0.00244879 0.00255136
19 16 16 -0.00057976 0.000261296 -0.00217254 0.0022637
19 17 16 -0.000544633 6.04931e-05 -0.00103462 0.00117078
19 18 16 -0.000600187 0.000327302 -0.000372729 0.000778639
19 19 16 -0.000401514 0.000336073 -0.0019529 0.00202188
19 20 16 0.000116485 -6.6735e-05 -0.00292372 0.0029268
19 21 16 -8.86608e-05 0.000204224 -0.0037124 0.00371907
19 22 16 -0.000231878 0.000188243 -0.00415522 0.00416594
19 23 16 0.000220038 0.000441653 -0.00422073 0.00424948
19 24 16 -2.30995e-05 0.000427898 -0.00291948 0.00295076
19 25 16 0.000301702 0.000181982 -0.00114495 0.00119793
19 26 16 0.000624615 0.000415432 -0.00074927 0.00106025
19 27 16 0.000358422 0.000423521 -0.000577732 0.000801006
19 28 16 0.000375169 -4.59518e-05 -0.000182016 0.000419516
19 29 16 0.000246857 -0.00315313 2.92318e-05 0.00316291
19 30 16 0.000717094 -0.0094656 -1.28516e-05 0.00949273
19 31 16 0.00022957 -0.0151329 -0.000561122 0.015145
19 32 16 3.90799e-07 -0.020715 0.00227555 0.0208397
19 33 16 -3.25744e-06 -0.0519528 0.00691451 0.0524109
19 34 16 0.000219495 0.140091 0.0212077 0.141687
19 35 16 0.00126146 -0.0726065 -0.0286554 0.0780668
19 36 16 -0.00126557 0.024263 0.0177174 0.0300699
19 37 16 -0.000349158 -0.00169668 -0.00265352 0.00316888
19 38 16 0.000164425 -0.00436637 -0.000505448 0.00439861
19 39 16 0.000153069 0 0.00089571 0.000908695
19 1 17 6.42945e-05 -0.0023567 3.72213e-05 0.00235787
19 2 17 -0.000122235 0.0054352 -0.000176017 0.00543943
19 3 17 0.000310963 -0.00866346 0.00122556 0.00875524
19 4 17 -0.000744268 -0.0176611 0.000562399 0.0176858
19 5 17 -0.000223342 0.00309029 0.00858082 0.00912306
19 6 17 -8.24949e-05 0.0166654 0.00899209 0.0189368
19 7 17 -0.000113925 0.000815086 0.00465677 0.00472894
19 8 17 -0.000186099 -0.000758583 0.00464607 0.00471127
19 9 17 -0.000578865 -0.00184732 0.00551364 0.00584363
19 10 17 -0.00237923 -0.00196773 0.00537412 0.00619789
19 11 17 -0.000511134 -0.00237707 0.00623307 0.00669051
19 12 17 -0.000644353 -0.00233838 0.00377746 0.00448915
19 13 17 -0.000381583 -0.00102468 -0.000242474 0.00111999
19 14 17 -0.000337251 -4.93823e-05 -0.00238131 0.00240558
19 15 17 -0.000433536 -0.000403836 -0.00194286 0.0020312
19 16 17 -0.000412324 -0.0011716 -0.00136938 0.00184875
19 17 17 -0.000443956 -9.08777e-05 -0.00192825 0.00198078
19 18 17 -0.000515846 0.00157698 -0.00191037 0.00253031
19 19 17 -0.00031664 0.00126855 -0.00172546 0.00216488
19 20 17 -0.000191981 0.00101147 -0.00241115 0.00262175
19 21 17 -0.000668477 0.000989535 -0.00349313 0.00369162
19 22 17 -0.000657779 0.000718959 -0.00407475 0.00418965
19 23 17 9.33091e-05 0.000800287 -0.00453107 0.00460215
19 24 17 -7.75408e-05 0.000673877 -0.0034808 0.00354628
19 25 17 0.000325734 0.000481308 -0.00150758 0.00161572
19 26 17 0.000396831 0.000337616 -0.000793553 0.000949309
19 27 17 -3.14098e-05 -0.000185394 -0.000281739 0.000338725
19 28 17 0.000168161 -0.000258485 -0.000249305 0.000396542
19 29 17 0.000264842 -0.00360823 -0.000179324 0.00362238
19 30 17 0.00430539 -0.0100189 0.00311317 0.0113405
19 31 17 0.00080571 -0.0131698 0.0020897 0.0133589
19 32 17 1.60413e-05 -0.0159902 0.00456172 0.0166281
19 33 17 -2.95071e-05 -0.0367267 0.00819754 0.0376305
19 34 17 0.000158089 0.101699 0.0188445 0.10343
19 35 17 0.000976948 -0.0509424 -0.03123 0.0597612
19 36 17 -0.000917077 0.0156316 0.0189362 0.0245717
19 37 17 -0.000483502 -0.000921632 -0.00263744 0.00283536
19 38 17 0.000166367 -0.00294239 -0.000514559 0.00299168
19 39 17 2.72083e-05 0 0.000959171 0.000959557
19 1 18 5.45023e-05 -0.00193636 2.32724e-05 0.00193727
19 2 18 -5.62881e-05 0.00584265 -0.000225277 0.00584726
19 3 18 0.000206617 -0.010046 0.00129908 0.0101318
19 4 18 -0.000573395 -0.0103492 0.000878735 0.0104023
19 5 18 -9.41971e-05 0.00522428 0.00849268 0.00997134
19 6 18 5.34391e-06 0.0131904 0.00971929 0.0163845
19 7 18 -2.32127e-05 0.00108642 0.00476644 0.00488874
19 8 18 -4.18207e-05 0.000107668 0.00466266 0.00466409
19 9 18 -2.45544e-05 -0.000775895 0.00589566 0.00594655
19 10 18 0.000795951 -0.000246828 0.00620197 0.0062577
19 11 18 -0.000353137 -0.00142884 0.00678894 0.00694666
19 12 18 -0.000228008 -0.0010823 0.00307089 0.003264
19 13 18 -0.000129179 -0.000289976 -0.0012021 0.00124331
19 14 18 -0.000152366 -0.000176504 -0.00251345 0.00252424
19 15 18 -0.000495683 -0.00139717 -0.000506718 0.0015667
19 16 18 -0.000363506 -0.00209765 -0.000437286 0.00217336
19 17 18 -0.000233279 -0.000545726 -0.00333742 0.00338978
19 18 18 -0.000383772 0.00110882 -0.00376309 0.00394178
19 19 18 -0.000366413 0.000645743 -0.00152727 0.00169817
19 20 18 -0.000374093 0.00034147 -0.00194203 0.00200699
19 21 18 -0.000718308 0.00102877 -0.0041642 0.00434912
19 22 18 -0.000647447 0.00179544 -0.0049174 0.00527481
19 23 18 -0.000295314 0.00183725 -0.0048976 0.00523919
19 24 18 -0.000454592 0.000585814 -0.00275015 0.00284836
19 25 18 0.000120367 -0.000272698 -0.00092029 0.00096736
19 26 18 0.000170088 -0.000218954 -0.00107131 0.0011066
19 27 18 0.000158812 -0.000464559 -0.000396439 0.000631031
19 28 18 0.00034834 -0.000454159 -0.000320907 0.000656188
19 29 18 0.00013777 1.97614e-05 -0.000628544 0.000643769
19 30 18 0.000694246 -0.0107526 -0.000568921 0.01079
19 31 18 0.000359832 -0.0108966 0.00231521 0.0111456
19 32 18 7.22383e-05 -0.0114828 0.00555425 0.0127557
19 33 18 -4.76348e-05 -0.0246408 0.00881252 0.0261693
19 34 18 7.91861e-05 0.063838 0.0165304 0.0659435
19 35 18 0.000681286 -0.0261823 -0.0325972 0.0418157
19 36 18 -0.00052414 0.00654006 0.0197379 0.0207998
19 37 18 -0.000627152 -5.99469e-05 -0.00256205 0.00263837
19 38 18 0.000169824 -0.00143923 -0.00051388 0.00153763
19 39 18 -9.9619e-05 0 0.000972632 0.00097772
19 1 19 4.40633e-05 -0.00154533 1.10208e-05 0.001546
19 2 19 1.03508e-05 0.00631043 -0.000247707 0.0063153
19 3 19 0.000107498 -0.0110038 0.00131404 0.0110825
19 4 19 -0.000387897 -0.00313835 0.00110616 0.00335012
19 5 19 2.78001e-05 0.00793507 0.00837251 0.0115354
19 6 19 0.000106526 0.00921505 0.0101832 0.0137341
19 7 19 7.96604e-05 0.00134321 0.00486418 0.00504686
19 8 19 7.12534e-05 0.000796604 0.00466983 0.00473782
19 9 19 0.000103021 7.06552e-05 0.00639729 0.00639851
19 10 19 0.000509718 -0.000153468 0.0077749 0.0077931
19 11 19 -0.000179808 -0.000277559 0.00657437 0.00658268
19 12 19 2.65414e-05 0.000253641 0.00237826 0.00239189
19 13 19 5.14928e-05 0.000739287 -0.00182366 0.00196849
19 14 19 -7.16791e-05 0.000391289 -0.00218598 0.00222188
19 15 19 -0.000417297 -0.000825357 0.000791743 0.00121746
19 16 19 -0.000303027 -0.00165133 0.000559635 0.00176972
19 17 19 -6.95128e-05 -0.000994634 -0.00362294 0.00375763
19 18 19 -0.000193938 -0.000369602 -0.00439757 0.00441733
19 19 19 -0.000311039 -0.000556965 -0.0016252 0.00174592
19 20 19 -0.00034926 -0.000400979 -0.00212462 0.00219016
19 21 19 -0.000232215 0.000431468 -0.00495959 0.00498373
19 22 19 0.000135622 0.00191416 -0.00636448 0.00664748
19 23 19 0.000187868 0.00264701 -0.00570949 0.00629605
19 24 19 -0.000115694 0.0016109 -0.00200688 0.00257603
19 25 19 -4.8441e-05 0.000735383 -0.000278945 0.000788001
19 26 19 1.57609e-05 9.32828e-05 -0.00060228 0.000609664
19 27 19 0.000231268 -7.39474e-06 -0.000270721 0.000356131
19 28 19 0.000215084 0.000210312 -0.000384228 0.000487979
19 29 19 -0.000147687 4.58867e-05 -0.000531441 0.000553486
19 30 19 0.000334038 -0.00776251 0.000176783 0.0077717
19 31 19 0.000150249 -0.00791674 0.00263604 0.00834542
19 32 19 2.47104e-05 -0.00791107 0.00578471 0.00980044
19 33 19 -6.62056e-05 -0.0161071 0.00890012 0.0184026
19 34 19 -9.61381e-06 0.0269773 0.0148284 0.030784
19 35 19 0.000376347 -0.000228269 -0.0329371 0.03294
19 36 19 -0.00010566 -0.00305821 0.0199599 0.0201931
19 37 19 -0.000772768 0.000795387 -0.0024998 0.00273474
19 38 19 0.000173448 0.000110663 -0.000462741 0.000506418
19 39 19 -0.000226579 0 0.00101567 0.00104064
19 1 20 3.22451e-05 -0.00115388 -9.53463e-07 0.00115433
19 2 20 7.57685e-05 0.00682148 -0.000252832 0.00682659
19 3 20 7.53251e-06 -0.0116354 0.00127338 0.0117049
19 4 20 -0.000202943 0.00375761 0.00133751 0.00399371
19 5 20 0.000136442 0.0108296 0.00830852 0.0136503
19 6 20 0.000217215 0.00501507 0.0100809 0.0112616
19 7 20 0.000198033 0.00198837 0.00472793 0.00513285
19 8 20 0.000174403 0.00209876 0.00453166 0.00499711
19 9 20 0.000125414 0.00233855 0.00628445 0.00670663
19 10 20 2.28834e-05 6.31022e-06 0.00779165 0.00779168
19 11 20 3.15088e-05 -1.42476e-05 0.00659298 0.00659307
19 12 20 2.2283e-05 -4.51447e-05 0.00240562 0.00240614
19 13 20 3.69111e-06 -0.000106906 -0.00176705 0.00177029
19 14 20 -2.61446e-05 -0.000186776 -0.00211731 0.0021257
19 15 20 -6.71428e-05 -0.000260385 0.000843178 0.000885018
19 16 20 -8.95608e-05 -0.000255416 0.000515234 0.000582001
19 17 20 -9.23935e-05 -0.000128657 -0.00380525 0.00380854
19 18 20 -9.76539e-05 3.9129e-05 -0.00461747 0.00461867
19 19 20 -0.000105343 9.70427e-05 -0.00171495 0.00172092
19 20 20 -0.000103461 8.33036e-06 -0.00205095 0.00205357
19 21 20 -8.38942e-05 -0.000127368 -0.00482175 0.00482416
19 22 20 -5.10093e-05 -0.000206746 -0.00626447 0.00626809
19 23 20 -1.74795e-05 -0.000203705 -0.00568217 0.00568585
19 24 20 6.16986e-06 -0.000138531 -0.0020443 0.002049
19 25 20 4.46493e-06 -7.00417e-05 -0.000322852 0.000330393
19 26 20 -3.04399e-05 -3.72079e-05 -0.000617584 0.000619452
19 27 20 -6.75891e-05 -2.03715e-05 -0.000274275 0.000283214
19 28 20 -9.36223e-05 -1.92443e-06 -0.000387541 0.000398694
19 29 20 -0.000110745 2.79197e-06 -0.000522268 0.000533888
19 30 20 -0.000131764 -0.00541694 0.000187183 0.00542177
19 31 20 -4.37543e-05 -0.00504672 0.00245266 0.00561131
19 32 20 -2.71769e-05 -0.0047141 0.00548732 0.00723424
19 33 20 -4.98847e-05 -0.00925839 0.00842572 0.0125185
19 34 20 -8.34717e-05 -0.00784311 0.0139243 0.0159815
19 35 20 7.28496e-05 0.0260033 -0.0321622 0.0413592
19 36 20 0.000317473 -0.0128239 0.0197442 0.0235454
19 37 20 -0.000915693 0.00152291 -0.0024617 0.00303607
19 38 20 0.000174858 0.00158904 -0.000424236 0.00165396
19 39 20 -0.000353101 0 0.00102442 0.00108357
19 1 21 1.87239e-05 -0.0007371 -1.33101e-05 0.000737458
19 2 21 0.000140102 0.00732605 -0.000241605 0.00733137
19 3 21 -9.22805e-05 -0.0120447 0.00117609 0.0121023
19 4 21 -1.61387e-05 0.010387 0.00156639 0.0105044
19 5 21 0.000243849 0.0136937 0.00830442 0.0160168
19 6 21 0.000326601 0.00077344 0.0094134 0.00945076
19 7 21 0.000319628 0.00262121 0.00435884 0.00509632
19 8 21 0.0002871 0.00341873 0.00423015 0.0054465
19 9 21 0.000165775 0.00473025 0.00549465 0.00725217
19 10 21 -0.000462902 0.000167884 0.00622288 0.00624234
19 11 21 0.000248315 0.000264443 0.0068311 0.00684072
19 12 21 2.75495e-05 -0.000321207 0.00314474 0.00316122
19 13 21 -3.09761e-05 -0.000910252 -0.00105607 0.00139456
19 14 21 3.51193e-05 -0.000713717 -0.00231298 0.00242085
19 15 21 0.000308452 0.000350028 -0.000336823 0.000575423
19 16 21 0.000145677 0.00113462 -0.000498401 0.00124779
19 17 21 -0.000107879 0.000631761 -0.00375269 0.00380703
19 18 21 -1.24167e-05 0.000251579 -0.00430219 0.00430956
19 19 21 8.60497e-05 0.000562232 -0.00179865 0.00188644
19 20 21 0.000144461 0.000316304 -0.00181783 0.00185079
19 21 21 9.3427e-05 -0.000702692 -0.00384813 0.00391288
19 22 21 -0.000185501 -0.00228977 -0.00467672 0.00521049
19 23 21 -0.000177597 -0.00299502 -0.00483353 0.005689
19 24 21 0.000154095 -0.00184827 -0.00283442 0.0033873
19 25 21 6.42082e-05 -0.00085577 -0.00102267 0.00133503
19 26 21 -6.95408e-05 -0.000139932 -0.00111758 0.00112845
19 27 21 -0.000357524 -7.09365e-06 -0.000402807 0.000538635
19 28 21 -0.00038931 -0.00021035 -0.000312361 0.000541644
19 29 21 -6.5668e-05 -4.00051e-05 -0.000599715 0.000604624
19 30 21 -0.000593449 -0.0032422 -0.000555182 0.00334249
19 31 21 -0.000211207 -0.002238 0.00172867 0.00283577
19 32 21 -7.25286e-05 -0.00162727 0.00471654 0.00498989
19 33 21 -3.47998e-05 -0.00277311 0.00745647 0.00795551
19 34 21 -0.000153627 -0.0409297 0.0138086 0.0431966
19 35 21 -0.000218938 0.0512539 -0.0303053 0.0595434
19 36 21 0.00072946 -0.022287 0.0191152 0.0293706
19 37 21 -0.00105027 0.00225032 -0.0024409 0.00348209
19 38 21 0.000171779 0.00303126 -0.000395267 0.00306174
19 39 21 -0.000478252 0 0.0010005 0.00110893
19 1 22 3.10162e-06 -0.000273239 -2.29902e-05 0.000274223
19 2 22 0.000203056 0.00776456 -0.000202012 0.00776984
19 3 22 -0.000192009 -0.0123548 0.00101965 0.0123983
19 4 22 0.000172851 0.0168022 0.00168243 0.0168871
19 5 22 0.000359599 0.0163202 0.0082707 0.0182998
19 6 22 0.000420736 -0.00330571 0.00847808 0.00910948
19 7 22 0.000426142 0.00284511 0.00398685 0.00491642
19 8 22 0.000423305 0.00413193 0.00386473 0.00567346
19 9 22 0.000356744 0.00598514 0.00444218 0.00746205
19 10 22 -0.000743108 0.000267056 0.00327187 0.00336581
19 11 22 0.00042913 0.00143878 0.00628724 0.00646402
19 12 22 0.000293191 0.00107551 0.00386343 0.00402105
19 13 22 0.00017198 0.000232962 -6.50668e-05 0.000296786
19 14 22 0.000161698 1.63911e-05 -0.00210658 0.00211285
19 15 22 0.000453256 0.00109306 -0.00165906 0.00203781
19 16 22 0.000278618 0.00164437 -0.00130952 0.00212047
19 17 22 0.000112613 2.61087e-05 -0.00230129 0.00230419
19 18 22 0.000216225 -0.00158564 -0.00251086 0.00297748
19 19 22 0.000173406 -0.0010411 -0.00210796 0.00235742
19 20 22 0.000223122 -0.000701328 -0.00237262 0.00248414
19 21 22 0.000670222 -0.00139201 -0.00321018 0.0035626
19 22 22 0.000693363 -0.00213887 -0.00384724 0.00445609
19 23 22 0.000374319 -0.00209617 -0.00450841 0.00498596
19 24 22 0.000511865 -0.000744344 -0.00361167 0.00372293
19 25 22 -0.000111164 0.000196368 -0.00163434 0.00164984
19 26 22 -0.000223469 0.000203882 -0.000848649 0.000900951
19 27 22 -0.000274035 0.000476867 -0.00028104 0.000617641
19 28 22 -0.000509675 0.000467486 -0.00021824 0.000725218
19 29 22 -0.00033206 -1.25775e-05 -0.000123267 0.000354424
19 30 22 -0.000940536 -0.000881323 -0.000673053 0.00145408
19 31 22 -0.000324382 0.000447503 0.000730304 0.000915875
19 32 22 -0.000102981 0.00136268 0.00340093 0.00366522
19 33 22 -5.49962e-05 0.0043362 0.00614856 0.00752399
19 34 22 -0.00023052 -0.0727949 0.014249 0.0741767
19 35 22 -0.000488172 0.074212 -0.0275917 0.0791767
19 36 22 0.00111619 -0.0310519 0.0179293 0.0358737
19 37 22 -0.00117045 0.00307094 -0.0024413 0.00409397
19 38 22 0.000162144 0.00445877 -0.000320875 0.00447324
19 39 22 -0.000601074 0 0.00100463 0.00117071
19 1 23 -1.52572e-05 0.000270031 -3.01067e-05 0.000272132
19 2 23 0.000262894 0.00812034 -0.000116115 0.00812543
19 3 23 -0.000297082 -0.0126852 0.000868973 0.0127184
19 4 23 0.000349401 0.0228183 0.00168204 0.0228829
19 5 23 0.000479279 0.018312 0.00806719 0.020016
19 6 23 0.00049821 -0.00693388 0.00740789 0.0101589
19 7 23 0.000518987 0.00299419 0.00365549 0.00475364
19 8 23 0.000617148 0.00469186 0.00329129 0.00576429
19 9 23 0.00122549 0.00599906 0.00333945 0.00697442
19 10 23 0.00454208 0.00410966 0.00281357 0.00674062
19 11 23 0.000584863 0.00238586 0.00475373 0.00535092
19 12 23 0.000724593 0.0023379 0.00429981 0.00494764
19 13 23 0.000452468 0.00101839 0.0013609 0.00175895
19 14 23 0.000394224 1.27287e-05 -0.00116047 0.00122567
19 15 23 0.000464749 0.000294169 -0.00211487 0.00218523
19 16 23 0.000416818 0.000905035 -0.00195773 0.00219671
19 17 23 0.000428801 -0.00040674 -0.00116328 0.00130481
19 18 23 0.000470519 -0.0022506 -0.000775231 0.00242643
19 19 23 0.000253016 -0.00196695 -0.00229991 0.00303686
19 20 23 0.000156762 -0.00160656 -0.00300512 0.00341121
19 21 23 0.000699899 -0.00144213 -0.00360184 0.00394244
19 22 23 0.000738274 -0.00103884 -0.00407272 0.00426747
19 23 23 -1.95273e-05 -0.00100452 -0.0043061 0.00442175
19 24 23 0.000107073 -0.000798827 -0.00310094 0.00320397
19 25 23 -0.000350239 -0.000564717 -0.00127575 0.00143844
19 26 23 -0.000467498 -0.000392886 -0.000800086 0.0010065
19 27 23 -7.687e-05 0.000147269 -0.000572806 0.000596409
19 28 23 -0.000309805 0.000231021 -0.000140451 0.000411189
19 29 23 -0.000437618 -0.000267434 7.81081e-05 0.000518778
19 30 23 -0.000667681 0.000792332 -0.00117512 0.00156668
19 31 23 -0.000241873 0.00291853 -0.000927232 0.00307182
19 32 23 -8.71383e-06 0.0049567 0.00147822 0.00517243
19 33 23 -7.6756e-05 0.0138536 0.00445278 0.0145518
19 34 23 -0.000293548 -0.102362 0.0147512 0.10342
19 35 23 -0.00072769 0.0942493 -0.0239487 0.0972471
19 36 23 0.00145807 -0.0387477 0.0163854 0.042095
19 37 23 -0.00127214 0.00389331 -0.00237681 0.00473555
19 38 23 0.000143549 0.00576859 -0.000235262 0.00577517
19 39 23 -0.000721087 0 0.000960785 0.00120128
19 1 24 -3.58019e-05 0.000906388 -4.78266e-05 0.000908355
19 2 24 0.000321266 0.0084101 -1.18619e-05 0.00841624
19 3 24 -0.000406296 -0.0129674 0.000752922 0.0129956
19 4 24 0.00050018 0.0284284 0.00167428 0.028482
19 5 24 0.000590433 0.0194758 0.00766953 0.0209398
19 6 24 0.000563604 -0.00997054 0.00631993 0.0118182
19 7 24 0.000558085 0.00298687 0.00342371 0.00457762
19 8 24 0.000625838 0.00484562 0.00277581 0.00561933
19 9 24 0.000899191 0.00598463 0.00261057 0.00659085
19 10 24 0.001439 0.00577677 0.00310199 0.00671298
19 11 24 0.000675494 0.00472453 0.00811999 0.00941869
19 12 24 0.000887039 0.0033384 0.00566367 0.00663392
19 13 24 0.000674371 0.00167482 0.00308675 0.00357601
19 14 24 0.000536773 0.000163175 0.000408886 0.000694218
19 15 24 0.000402813 -0.000611013 -0.00156215 0.00172509
19 16 24 0.000655724 -0.000305277 -0.00233419 0.00244369
19 17 24 0.000619849 -0.000332334 -0.00144433 0.00160647
19 18 24 0.000683534 -0.000857791 -0.000618536 0.00125921
19 19 24 0.00049081 -0.000969887 -0.00228665 0.00253187
19 20 24 -2.47885e-05 -0.000477267 -0.00367181 0.00370278
19 21 24 0.000182978 -0.000569697 -0.00345526 0.00350669
19 22 24 0.000322072 -0.000380786 -0.00368512 0.00371871
19 23 24 -0.000157336 -0.000527797 -0.0038207 0.00386019
19 24 24 4.29534e-05 -0.000478401 -0.00279298 0.00283399
19 25 24 -0.000322481 -0.000226245 -0.00123833 0.00129948
19 26 24 -0.00067784 -0.000443504 -0.0005641 0.000987103
19 27 24 -0.000447895 -0.000454955 -0.000586192 0.000866727
19 28 24 -0.000499911 -3.55527e-05 -0.000465247 0.000683834
19 29 24 -0.000402868 -0.00196822 0.000668708 0.0021174
19 30 24 -0.000224711 0.00100719 -0.00355514 0.00370188
19 31 24 -0.000116482 0.00445495 -0.00376601 0.00583463
19 32 24 -5.48362e-05 0.00801027 -0.00118705 0.00809794
19 33 24 -0.000106697 0.0250672 0.00231184 0.0251739
19 34 24 -0.000336658 -0.129506 0.0143344 0.130297
19 35 24 -0.000938374 0.109705 -0.0195406 0.111436
19 36 24 0.00173911 -0.0455197 0.0145486 0.0478198
19 37 24 -0.00134863 0.00459702 -0.00228782 0.00530901
19 38 24 0.000114669 0.00692225 -0.000154284 0.00692492
19 39 24 -0.000837693 0 0.000906158 0.00123404
19 1 25 -5.88652e-05 0.00160967 -6.61543e-05 0.00161211
19 2 25 0.000379245 0.00853816 8.10786e-05 0.00854696
19 3 25 -0.000512067 -0.0131968 0.000610165 0.0132208
19 4 25 0.00062677 0.0337081 0.00169651 0.0337566
19 5 25 0.000686113 0.0200208 0.00711181 0.0212575
19 6 25 0.000609651 -0.0123126 0.00536608 0.013445
19 7 25 0.000598063 0.00276815 0.00333771 0.00437728
19 8 25 0.000658259 0.00474026 0.00232503 0.00532063
19 9 25 0.000867819 0.00646935 0.00144583 0.00668551
19 10 25 0.00134491 0.0102742 0.000220248 0.0103642
19 11 25 0.0025236 0.000599895 -0.00300144 0.003967
19 12 25 0.000757905 0.00284824 0.00366721 0.00470482
19 13 25 0.000957384 0.00276861 0.00339822 0.00448661
19 14 25 0.000908597 0.00167371 0.00155434 0.00245821
19 15 25 0.000663252 0.000590041 -0.0003444 0.000952189
19 16 25 0.000638533 0.000149595 -0.00171363 0.00183484
19 17 25 0.000425095 0.000552663 -0.00196244 0.00208262
19 18 25 0.000535471 0.000927875 -0.00112284 0.00155192
19 19 25 0.00062235 0.000911077 -0.00226404 0.00251858
19 20 25 0.00012216 0.0011622 -0.00370997 0.00388967
19 21 25 0.000142989 0.0010661 -0.00301439 0.00320056
19 22 25 0.000264516 0.000723086 -0.00282133 0.0029245
19 23 25 0.000107066 0.000647654 -0.0033566 0.00342019
19 24 25 0.000229863 9.18767e-05 -0.00196367 0.00197921
19 25 25 -5.80307e-05 1.73481e-05 -0.00101355 0.00101536
19 26 25 -0.00036779 0.000356551 -0.000709959 0.000875465
19 27 25 -0.000414669 0.000295571 -0.000412901 0.000655591
19 28 25 -0.000585558 -0.000214093 4.40228e-05 0.000625021
19 29 25 -0.000404799 -0.00669221 -0.0127592 0.0144134
19 30 25 5.13564e-05 0.00134435 -0.0100465 0.0101362
19 31 25 -8.24908e-06 0.00662043 -0.00818078 0.010524
19 32 25 -5.58077e-05 0.0117183 -0.00449808 0.0125521
19 33 25 -0.000131314 0.0382756 0.00021583 0.0382765
19 34 25 -0.000370901 -0.151823 0.0121483 0.152309
19 35 25 -0.00112507 0.120282 -0.0144999 0.121158
19 36 25 0.00194741 -0.0506269 0.0125462 0.0521947
19 37 25 -0.0013938 0.00559305 -0.00217334 0.00616022
19 38 25 7.40127e-05 0.00809389 -5.52341e-05 0.00809441
19 39 25 -0.000949876 0 0.000870408 0.00128836
19 1 26 -8.56329e-05 0.00239769 -5.88601e-05 0.00239994
19 2 26 0.00043381 0.00842696 0.000187988 0.00844021
19 3 26 -0.00061237 -0.0134876 0.000416555 0.0135079
19 4 26 0.000736332 0.0385207 0.00173356 0.0385667
19 5 26 0.000773073 0.0202654 0.00643083 0.0212754
19 6 26 0.000627889 -0.0139884 0.00467265 0.0147615
19 7 26 0.000610821 0.00211639 0.00366784 0.00427846
19 8 26 0.000664977 0.00382737 0.00221057 0.00446963
19 9 26 0.00079225 0.00512359 0.000709143 0.00523276
19 10 26 0.00098071 0.00710308 -0.000959708 0.0072344
19 11 26 0.00109253 0.00823733 -0.00277828 0.00876162
19 12 26 -0.000216074 0.0038953 -0.00314938 0.00501384
19 13 26 0.000787064 0.00376041 0.00383135 0.0054258
19 14 26 0.000792195 0.00288491 0.00251786 0.00391023
19 15 26 0.000866373 0.00200977 0.000806973 0.00233259
19 16 26 0.000691927 0.00156647 -0.000910669 0.00193957
19 17 26 0.00043749 0.00143035 -0.0018986 0.00241702
19 18 26 0.000337638 0.00179545 -0.0015534 0.00239806
19 19 26 0.000523841 0.00179995 -0.00221984 0.0029055
19 20 26 0.000183482 0.00138741 -0.00297475 0.00328751
19 21 26 0.000228488 0.00141173 -0.0023092 0.00271617
19 22 26 0.000206831 0.0009351 -0.00179764 0.00203683
19 23 26 -0.000180828 0.000872525 -0.00294941 0.00308107
19 24 26 -0.00029076 0.000402483 -0.00125417 0.00134888
19 25 26 -0.000330344 -0.000143886 -0.000169574 0.000398228
19 26 26 -0.000408713 -0.000224969 -0.00038271 0.000603427
19 27 26 -0.000358712 -0.000168676 -0.00028202 0.000486478
19 28 26 -0.000309114 -0.0129215 -0.0200897 0.0238884
19 29 26 0.000143592 -0.0046606 -0.0191626 0.0197217
19 30 26 0.000154323 0.00322777 -0.0167091 0.0170187
19 31 26 2.77793e-05 0.00948712 -0.0135606 0.0165498
19 32 26 -5.73157e-05 0.0163101 -0.00812899 0.0182237
19 33 26 -0.000161678 0.0512081 -0.000700778 0.0512131
19 34 26 -0.000413048 -0.167523 0.007596 0.167696
19 35 26 -0.00128769 0.124713 -0.00909793 0.125051
19 36 26 0.00207851 -0.0545083 0.0104655 0.0555428
19 37 26 -0.00140223 0.00640916 -0.00206084 0.00687682
19 38 26 1.91867e-05 0.00897805 3.28344e-05 0.00897813
19 39 26 -0.00105718 0 0.000805128 0.00132886
19 1 27 -0.000115196 0.00330818 -4.39807e-05 0.00331048
19 2 27 0.000482921 0.0081334 0.000314922 0.0081538
19 3 27 -0.000711966 -0.0138022 0.00019348 0.0138219
19 4 27 0.000825192 0.0427554 0.00177279 0.0428001
19 5 27 0.000863657 0.0206711 0.00563037 0.0214416
19 6 27 0.000642367 -0.0146445 0.00417056 0.0152403
19 7 27 0.000611693 0.00105466 0.00488449 0.00503435
19 8 27 0.000666692 0.00227737 0.00260365 0.00352276
19 9 27 0.000754133 0.00334325 0.000186687 0.00343233
19 10 27 0.000839265 0.00520095 -0.00213588 0.00568474
19 11 27 0.000885015 0.00742722 -0.00406691 0.00851391
19 12 27 0.000667669 0.0104152 -0.00496257 0.0115564
19 13 27 0.000514627 0.00361293 -0.00646006 0.0074196
19 14 27 0.000788261 0.00357753 0.00274554 0.004578
19 15 27 0.000907256 0.00358549 0.000911193 0.00380908
19 16 27 0.000685471 0.00290866 6.84658e-05 0.00298912
19 17 27 0.000625224 0.00237002 -0.00111974 0.00269475
19 18 27 0.000434303 0.0024443 -0.00126467 0.00278614
19 19 27 0.000466612 0.00243318 -0.00186753 0.00310255
19 20 27 2.36768e-06 0.00166929 -0.00199115 0.00259831
19 21 27 1.05626e-05 0.00138408 -0.00137049 0.00194782
19 22 27 0.000207271 0.00113102 -0.00098153 0.00151181
19 23 27 6.05173e-05 0.000393815 -0.00204515 0.0020836
19 24 27 -0.000261054 0.000103496 -0.000919369 0.000961301
19 25 27 -0.000438675 4.89735e-05 0.000101334 0.000452883
19 26 27 -0.00050722 -0.000151601 -1.04077e-06 0.000529393
19 27 27 -0.000336697 -0.0202229 -0.0280085 0.0345479
19 28 27 0.000150914 -0.0115833 -0.0272451 0.0296056
19 29 27 0.000282749 -0.00248338 -0.0268224 0.0269386
19 30 27 0.000186243 0.00652692 -0.0246579 0.0255078
19 31 27 4.18344e-05 0.0143239 -0.0205346 0.0250368
19 32 27 -6.27592e-05 0.0237452 -0.0123731 0.0267755
19 33 27 -0.0001988 0.0604421 0.00167826 0.0604658
19 34 27 -0.000454475 -0.173814 0.000688388 0.173816
19 35 27 -0.00141098 0.123028 -0.00383501 0.123095
19 36 27 0.0021339 -0.0567578 0.00834945 0.0574083
19 37 27 -0.00137006 0.0073938 -0.00195279 0.00776909
19 38 27 -5.20388e-05 0.00977942 0.000143308 0.00978061
19 39 27 -0.00115847 0 0.000745579 0.00137766
19 1 28 -0.000145301 0.00429725 -4.56567e-05 0.00429995
19 2 28 0.000530123 0.00764381 0.000437388 0.00767464
19 3 28 -0.00080798 -0.014097 -3.08255e-05 0.0141202
19 4 28 0.000882638 0.046259 0.00184441 0.0463041
19 5 28 0.000944399 0.0214024 0.00473286 0.0219398
19 6 28 0.00065717 -0.013561 0.00344282 0.0140067
19 7 28 0.000609248 -0.000770791 0.0080662 0.00812582
19 8 28 0.000667863 -0.00019607 0.00362383 0.00369007
19 9 28 0.000754216 0.00114977 -0.000627098 0.00151131
19 10 28 0.00081939 0.00353851 -0.00388731 0.00532012
19 11 28 0.000881012 0.00630032 -0.00602688 0.00876319
19 12 28 0.000919725 0.00930443 -0.00697456 0.0116646
19 13 28 0.000958957 0.0125956 -0.00880935 0.0154004
19 14 28 0.00105574 0.00309521 -0.0104864 0.0109846
19 15 28 0.00101733 0.00430604 -0.000390681 0.0044418
19 16 28 0.000788493 0.003327 0.00128653 0.00365319
19 17 28 0.000679835 0.00293109 -0.000346876 0.00302883
19 18 28 0.00037754 0.00281522 -0.00072644 0.00293185
19 19 28 0.000378114 0.00250985 -0.00117929 0.00279876
19 20 28 0.000203219 0.00182874 -0.00100848 0.00209824
19 21 28 9.70092e-05 0.00145986 -0.000627018 0.00159178
19 22 28 2.37495e-05 0.0010503 -0.000336613 0.00110318
19 23 28 -4.16067e-05 -0.000159989 -0.000726804 0.000745367
19 24 28 -0.000302045 -0.000497856 -0.000600751 0.000836656
19 25 28 -0.000403422 -0.000133698 -0.000285719 0.000512113
19 26 28 -0.000935466 -0.0280852 -0.0353635 0.0451689
19 27 28 0.00021278 -0.0198736 -0.0341693 0.039529
19 28 28 0.000429983 -0.0109029 -0.0344836 0.0361688
19 29 28 0.000367408 -0.000592667 -0.0358505 0.0358573
19 30 28 0.000210547 0.0108454 -0.0351561 0.0367915
19 31 28 4.81469e-05 0.0220255 -0.0309716 0.0380048
19 32 28 -7.9735e-05 0.0377544 -0.0193085 0.0424054
19 33 28 -0.00023647 0.060186 0.00964246 0.060954
19 34 28 -0.000490856 -0.168445 -0.00774954 0.168624
19 35 28 -0.00150749 0.115584 0.00064559 0.115595
19 36 28 0.00209716 -0.0574683 0.00629403 0.05785
19 37 28 -0.00130062 0.0084705 -0.00183871 0.00876481
19 38 28 -0.000142293 0.0104718 0.000251562 0.0104758
19 39 28 -0.00125236 0 0.000683541 0.00142676
19 1 29 -0.000177425 0.00531766 -5.88175e-05 0.00532095
19 2 29 0.000575847 0.00690524 0.00053017 0.00694946
19 3 29 -0.000888828 -0.0143185 -0.000258736 0.0143484
19 4 29 0.000916114 0.0489998 0.00199275 0.0490489
19 5 29 0.00100458 0.0222085 0.00383527 0.0225596
19 6 29 0.000659393 -0.00860507 0.00169318 0.00879482
19 7 29 0.000587198 -0.0047543 0.0162519 0.0169432
19 8 29 0.000633907 -0.00472834 0.00519219 0.00705109
19 9 29 0.000719777 -0.00209956 -0.00278434 0.00356072
19 10 29 0.00079055 0.0015908 -0.00699473 0.00721678
19 11 29 0.000863953 0.00503628 -0.00874577 0.0101291
19 12 29 0.000948456 0.00800712 -0.00900711 0.0120889
19 13 29 0.00101719 0.0107656 -0.0103168 0.0149455
19 14 29 0.00088784 0.0142053 -0.0117212 0.0184381
19 15 29 -0.00100629 0.00507106 -0.016648 0.0174323
19 16 29 0.00077375 0.00172707 -0.0140702 0.0141969
19 17 29 0.000666124 0.00176663 -0.00783464 0.00805892
19 18 29 0.000505681 0.00176424 -0.000403233 0.00187906
19 19 29 0.000313701 0.0013301 -0.000398637 0.00142355
19 20 29 0.000314091 0.000956366 -0.000337588 0.00106172
19 21 29 0.000146669 0.000727147 -9.93492e-05 0.000748415
19 22 29 -0.000108574 0.000724404 -0.000243571 0.00077193
19 23 29 -0.000282686 0.000303286 -0.0172337 0.0172387
19 24 29 -0.000401467 -0.00127272 -0.0330233 0.0330503
19 25 29 -0.000596579 -0.035626 -0.0483109 0.0600292
19 26 29 0.00083018 -0.0272865 -0.0384919 0.0471897
19 27 29 0.000764677 -0.0208859 -0.0381061 0.0434613
19 28 29 0.000576237 -0.0123062 -0.0415197 0.0433089
19 29 29 0.000386211 -0.000409036 -0.0466917 0.046695
19 30 29 0.000197556 0.0150611 -0.049866 0.0520912
19 31 29 2.87561e-05 0.033047 -0.048356 0.0585696
19 32 29 -0.00010355 0.0664256 -0.0353897 0.0752649
19 33 29 -0.000255231 0.043361 0.0232003 0.0491782
19 34 29 -0.000522827 -0.150732 -0.0156339 0.151542
19 35 29 -0.00159094 0.10311 0.00384015 0.103194
19 36 29 0.00197288 -0.0570168 0.00445052 0.0572242
19 37 29 -0.00118201 0.00937814 -0.00165662 0.00959641
19 38 29 -0.000248773 0.010894 0.000345319 0.0109023
19 39 29 -0.00133707 0 0.000598592 0.00146495
19 1 30 -0.000214656 0.00636691 -7.14106e-05 0.00637093
19 2 30 0.000612686 0.00589246 0.000583414 0.00595289
19 3 30 -0.000952827 -0.0144373 -0.000521441 0.0144781
19 4 30 0.000940895 0.0510381 0.00220622 0.0510945
19 5 30 0.00106024 0.0220755 0.00300707 0.0223045
19 6 30 0.000668744 0.00629943 -0.00233217 0.00675048
19 7 30 0.000572838 -0.0151808 0.0377222 0.0406663
19 8 30 0.000598194 -0.0129649 0.00484906 0.013855
19 9 30 0.000662961 -0.00625801 -0.00906936 0.0110388
19 10 30 0.000723192 -6.93836e-05 -0.0126549 0.0126757
19 11 30 0.000792683 0.0042296 -0.0123949 0.0131206
19 12 30 0.000873733 0.00699038 -0.0109348 0.0130077
19 13 30 0.00095905 0.00874014 -0.0109631 0.0140534
19 14 30 0.00103114 0.00944206 -0.0108731 0.0144374
19 15 30 0.00102777 0.00759645 -0.0123761 0.0145579
19 16 30 0.00212211 0.00728123 -0.0130582 0.0151009
19 17 30 0.00800575 0.00894762 -0.0139507 0.0184058
19 18 30 0.000243095 0.00231406 -0.0189086 0.0190512
19 19 30 0.00116308 0.000272557 -0.0203031 0.0203382
19 20 30 0.000754047 -0.0014082 -0.0219873 0.0220452
19 21 30 0.000863535 0.000610711 -0.0240766 0.0240999
19 22 30 0.00143445 -0.0152928 -0.0313476 0.0349084
19 23 30 0.0176931 -0.0156894 -0.0291964 0.0375717
19 24 30 0.00352128 -0.0173382 -0.0309792 0.0356753
19 25 30 0.00164399 -0.0262268 -0.0345902 0.0434399
19 26 30 0.00113964 -0.0268803 -0.035013 0.0441561
19 27 30 0.000794029 -0.0241816 -0.039086 0.0459685
19 28 30 0.000538115 -0.0170412 -0.0475357 0.0505009
19 29 30 0.000345054 -0.00377883 -0.0591861 0.0593077
19 30 30 0.000175286 0.0169435 -0.0700359 0.0720565
19 31 30 2.45133e-05 0.0455722 -0.0765353 0.0890757
19 32 30 -9.69254e-05 0.124942 -0.0743923 0.145412
19 33 30 -0.000246045 0.0052915 0.0345151 0.0349192
19 34 30 -0.00056146 -0.122543 -0.0193765 0.124067
19 35 30 -0.00166057 0.0871655 0.00557622 0.0873595
19 36 30 0.00177958 -0.0551931 0.00275028 0.0552903
19 37 30 -0.00100739 0.0105437 -0.00147832 0.0106944
19 38 30 -0.000374496 0.0113014 0.000421968 0.0113155
19 39 30 -0.00141314 0 0.000504867 0.00150061
19 1 31 -0.000255594 0.00745761 -7.58407e-05 0.00746237
19 2 31 0.000635422 0.00462195 0.000620484 0.00470651
19 3 31 -0.00101151 -0.0144666 -0.000804287 0.0145242
19 4 31 0.00094565 0.0523429 0.00247584 0.0524099
19 5 31 0.00110052 0.018527 0.00225149 0.0186958
19 6 31 0.000674985 0.0465032 -0.00981671 0.0475328
19 7 31 0.000558138 -0.0474924 0.0953061 0.106485
19 8 31 0.000571944 -0.0272331 -0.0123658 0.0299146
19 9 31 0.000617551 -0.00973399 -0.0261591 0.0279183
19 10 31 0.000657759 0.000327921 -0.0221987 0.0222108
19 11 31 0.000708987 0.00525044 -0.0166922 0.0175128
19 12 31 0.000767138 0.00741716 -0.0123354 0.014414
19 13 31 0.000832724 0.00817801 -0.0107489 0.0135319
19 14 31 0.000919421 0.00799324 -0.00944591 0.0124082
19 15 31 0.00102486 0.00689827 -0.00977946 0.0120114
19 16 31 0.00136322 0.00565487 -0.0104714 0.0119786
19 17 31 0.00217756 0.00397605 -0.0113608 0.0122319
19 18 31 0.00103405 0.000752806 -0.0139468 0.0140054
19 19 31 0.000946239 -0.00201432 -0.0158012 0.0159571
19 20 31 0.000769193 -0.00448111 -0.0181001 0.0186624
19 21 31 0.000856836 -0.00671721 -0.0203964 0.0214911
19 22 31 0.00142845 -0.0129406 -0.0237 0.0270405
19 23 31 0.003809 -0.017357 -0.0246354 0.0303756
19 24 31 0.00187795 -0.0214654 -0.0253886 0.0332997
19 25 31 0.00125114 -0.0273022 -0.0266723 0.0381888
19 26 31 0.000928457 -0.0315711 -0.029149 0.0429798
19 27 31 0.000689103 -0.0333212 -0.0362297 0.0492278
19 28 31 0.000497511 -0.0293831 -0.0507091 0.0586091
19 29 31 0.000348247 -0.0155691 -0.0724704 0.0741248
19 30 31 0.00020323 0.0105075 -0.0957314 0.0963065
19 31 31 5.93118e-05 0.046993 -0.112704 0.122109
19 32 31 -6.91003e-05 0.233706 -0.155055 0.280465
19 33 31 -0.000239171 -0.0478613 0.0168059 0.0507267
19 34 31 -0.000607826 -0.0897204 -0.0155737 0.0910641
19 35 31 -0.00169102 0.0692027 0.00618873 0.0694994
19 36 31 0.00152884 -0.0524831 0.00118001 0.0525186
19 37 31 -0.000785072 0.0116395 -0.00132401 0.0117409
19 38 31 -0.00052559 0.0115174 0.000501824 0.0115403
19 39 31 -0.00148038 0 0.000438955 0.00154409
19 1 32 -0.000295586 0.00859026 -8.4901e-05 0.00859576
19 2 32 0.000650889 0.00317672 0.000637761 0.00330484
19 3 32 -0.00105752 -0.0142793 -0.00108287 0.0143593
19 4 32 0.000933341 0.0530221 0.00294766 0.0531122
19 5 32 0.00112094 0.00816344 0.000748763 0.00827399
19 6 32 0.000664389 0.151707 -0.0282975 0.154325
19 7 32 0.000512399 -0.154697 -0.233895 0.280425
19 8 32 0.00050884 -0.0415649 -0.161202 0.166476
19 9 32 0.000539155 -0.00582716 -0.071645 0.0718836
19 10 32 0.00056495 0.00570215 -0.0334866 0.0339733
19 11 32 0.000601067 0.00893292 -0.0165862 0.0188484
19 12 32 0.000639558 0.00933729 -0.00839688 0.0125738
19 13 32 0.000679722 0.00868764 -0.00538714 0.0102449
19 14 32 0.0007401 0.00748623 -0.0034052 0.00825753
19 15 32 0.000813113 0.00584836 -0.00329812 0.00676329
19 16 32 0.000973395 0.00399214 -0.00357081 0.00544384
19 17 32 0.00124157 0.00160382 -0.00439705 0.00484229
19 18 32 0.000802239 -0.00166317 -0.00688844 0.00713164
19 19 32 0.000660466 -0.0047021 -0.00828583 0.00954992
19 20 32 0.00058236 -0.0073543 -0.0106846 0.0129841
19 21 32 0.000647674 -0.0101373 -0.012787 0.0163307
19 22 32 0.000901837 -0.0141521 -0.0150462 0.0206757
19 23 32 0.00149485 -0.0179763 -0.0150318 0.0234806
19 24 32 0.00111158 -0.0227407 -0.0136956 0.0265696
19 25 32 0.000891806 -0.0298662 -0.0118966 0.0321608
19 26 32 0.000741841 -0.0388318 -0.0114655 0.0404959
19 27 32 0.000615315 -0.0478633 -0.0173372 0.0509102
19 28 32 0.000494231 -0.0511585 -0.0374802 0.0634208
19 29 32 0.000380762 -0.0388929 -0.0793104 0.0883343
19 30 32 0.000245594 -0.00580881 -0.140984 0.141103
19 31 32 9.80857e-05 0.00399999 -0.18263 0.182673
19 32 32 -4.55603e-05 0.405453 -0.0465122 0.408112
19 33 32 -0.000236021 -0.0796386 -0.00698883 0.079945
19 34 32 -0.000617843 -0.0607569 -0.00686391 0.0611466
19 35 32 -0.00164536 0.0510455 0.00639567 0.0514709
19 36 32 0.00121293 -0.0488482 -0.000197355 0.0488637
19 37 32 -0.000525459 0.0126735 -0.00106704 0.0127292
19 38 32 -0.000700889 0.0115687 0.000567769 0.0116038
19 39 32 -0.00153553 0 0.000348349 0.00157455
19 1 33 -0.000336094 0.00970812 -0.000128871 0.00971479
19 2 33 0.000656853 0.00156539 0.000466547 0.00176056
19 3 33 -0.00107951 -0.0136298 -0.00120847 0.0137258
19 4 33 0.00091993 0.0520815 0.00636683 0.0524773
19 5 33 0.00113768 -0.0192423 -0.0114211 0.0224054
19 6 33 0.000657846 -0.0537136 -0.0213747 0.057814
19 7 33 0.000466144 -0.0814213 0.0209592 0.0840769
19 8 33 0.000432107 0.0475835 0.106352 0.116512
19 9 33 0.000435045 0.0324714 0.0634542 0.0712813
19 10 33 0.000439786 0.0225829 0.0369725 0.0433261
19 11 33 0.000457133 0.0164806 0.02274 0.0280878
19 12 33 0.000478927 0.0127137 0.0158145 0.020297
19 13 33 0.000498803 0.0100627 0.0138654 0.0171393
19 14 33 0.000525752 0.00774634 0.0140707 0.0160707
19 15 33 0.000539526 0.00540997 0.0151103 0.0160587
19 16 33 0.00056753 0.00272138 0.0165357 0.0167678
19 17 33 0.000575812 -0.00040368 0.0169902 0.0170048
19 18 33 0.000504337 -0.00381145 0.0173076 0.0177295
19 19 33 0.000455102 -0.00719657 0.0167617 0.018247
19 20 33 0.000435482 -0.00989351 0.0166895 0.0194064
19 21 33 0.0004689 -0.0122951 0.0165274 0.0206044
19 22 33 0.000536963 -0.0144933 0.0185528 0.0235489
19 23 33 0.000621148 -0.0169172 0.0248023 0.0300289
19 24 33 0.000645343 -0.0212696 0.0391846 0.0445898
19 25 33 0.000636064 -0.0298957 0.0672374 0.0735869
19 26 33 0.000619512 -0.045318 0.115555 0.124125
19 27 33 0.000589621 -0.0683057 0.19236 0.204129
19 28 33 0.000526797 -0.0933566 0.302552 0.316628
19 29 33 0.000439343 -0.10111 0.440272 0.451733
19 30 33 0.000312164 -0.0474394 0.574728 0.576683
19 31 33 0.000164431 0.139059 0.624874 0.64016
19 32 33 6.64646e-06 0.444913 0.443087 0.627912
19 33 33 -0.000194657 -0.0792878 -0.078965 0.111902
19 34 33 -0.000566093 -0.041499 -0.00194602 0.0415484
19 35 33 -0.00152286 0.0330865 0.00856035 0.0342099
19 36 33 0.000810536 -0.0445293 -0.00241575 0.0446022
19 37 33 -0.000234676 0.0136219 0.000213564 0.0136255
19 38 33 -0.000894351 0.0115537 0.000577946 0.0116027
19 39 33 -0.00157702 0 8.9193e-05 0.00157954
19 1 34 -0.000374091 0.0106417 -0.000260358 0.0106515
19 2 34 0.000616068 3.84602e-05 -0.000152982 0.000635942
19 3 34 -0.00101102 -0.00956583 -0.000280417 0.0096232
19 4 34 0.000868798 0.0356877 0.0114826 0.0374996
19 5 34 0.00113761 -0.0277316 -0.00796284 0.0288746
19 6 34 0.000709086 -0.0107574 0.0239464 0.0262613
19 7 34 0.000525455 0.0040982 0.0379847 0.0382088
19 8 34 0.000481846 0.00471168 0.0361083 0.0364176
19 9 34 0.000471571 0.00630523 0.033857 0.0344423
19 10 34 0.000469324 0.00818356 0.0302659 0.0313562
19 11 34 0.000480374 0.00967814 0.0257541 0.0275167
19 12 34 0.000496313 0.010397 0.0201037 0.0226385
19 13 34 0.000508473 0.0101047 0.0151543 0.0182213
19 14 34 0.000519213 0.00866644 0.0114731 0.0143878
19 15 34 0.00049847 0.00622136 0.0101334 0.0119012
19 16 34 0.000470612 0.00291673 0.0127261 0.0130646
19 17 34 0.000427348 -0.000971698 0.0190701 0.0190996
19 18 34 0.000353843 -0.00497895 0.0301846 0.0305945
19 19 34 0.000289631 -0.00862205 0.0448987 0.04572
19 20 34 0.000237451 -0.0108218 0.062746 0.0636728
19 21 34 0.000201054 -0.0111922 0.0812993 0.0820663
19 22 34 0.000186084 -0.00883686 0.097953 0.098351
19 23 34 0.000220591 -0.00315588 0.108757 0.108803
19 24 34 0.000291914 0.00584305 0.110325 0.11048
19 25 34 0.000363073 0.0176902 0.0990438 0.100612
19 26 34 0.000440311 0.0305092 0.0723743 0.0785433
19 27 34 0.000492235 0.0408247 0.0311477 0.0513525
19 28 34 0.000487221 0.0435475 -0.0205701 0.0481638
19 29 34 0.000432197 0.0322741 -0.0732453 0.0800417
19 30 34 0.000318244 0.00207545 -0.110755 0.110775
19 31 34 0.000169158 -0.0430549 -0.113996 0.121856
19 32 34 -2.52957e-06 -0.077746 -0.0689913 0.103943
19 33 34 -0.000215858 -0.00175563 0.0112945 0.0114322
19 34 34 -0.000600054 -0.0258632 0.00610404 0.0265805
19 35 34 -0.00133318 0.0126854 0.00821163 0.01517
19 36 34 0.000346125 -0.0377904 -0.00509523 0.0381339
19 37 34 5.51666e-05 0.0134557 0.00335886 0.0138687
19 38 34 -0.0010894 0.0113298 0.000515492 0.0113937
19 39 34 -0.00160508 0 -0.000559368 0.00169976
19 1 35 -0.00039415 0.0110616 -0.00029961 0.0110727
19 2 35 0.000469282 -4.1778e-05 -0.000992834 0.00109895
19 3 35 -0.000713847 -0.000920237 0.00209314 0.00239534
19 4 35 0.0007368 0.0171693 0.0101052 0.019936
19 5 35 0.00165728 0.00495306 -0.000155153 0.00522527
19 6 35 0.00246675 0.00384425 -0.003278 0.00562214
19 7 35 0.00291028 0.00247973 -0.00783797 0.00872081
19 8 35 0.00317591 0.00259426 -0.0114786 0.0121891
19 9 35 0.00345016 0.00301919 -0.0154235 0.0160904
19 10 35 0.00372164 0.00358823 -0.0200427 0.0206986
19 11 35 0.00398223 0.00432787 -0.0250507 0.0257319
19 12 35 0.00421138 0.00520039 -0.0313835 0.032089
19 13 35 0.00438933 0.00622714 -0.0383756 0.0391245
19 14 35 0.0045103 0.00723625 -0.046461 0.047237
19 15 35 0.00453027 0.00814742 -0.0558057 0.056579
19 16 35 0.00445308 0.0088632 -0.0656036 0.0663492
19 17 35 0.00426647 0.00917053 -0.0762457 0.0769136
19 18 35 0.00394133 0.00897798 -0.0865626 0.0871161
19 19 35 0.00350424 0.00797139 -0.0964454 0.0968377
19 20 35 0.00296773 0.00630077 -0.104945 0.105176
19 21 35 0.00235115 0.00378958 -0.111335 0.111424
19 22 35 0.00168496 0.000623604 -0.114836 0.11485
19 23 35 0.00101843 -0.00304707 -0.115019 0.115063
19 24 35 0.000371486 -0.00684009 -0.111105 0.111316
19 25 35 -0.000235672 -0.00998995 -0.103488 0.103969
19 26 35 -0.000750564 -0.0119036 -0.0929114 0.0936739
19 27 35 -0.00117758 -0.012014 -0.0803913 0.0812926
19 28 35 -0.0015198 -0.0100383 -0.0683103 0.0690607
19 29 35 -0.00176683 -0.00643391 -0.0588329 0.05921
19 30 35 -0.00194307 -0.00223515 -0.0532887 0.0533709
19 31 35 -0.00205471 0.000941941 -0.0523758 0.0524245
19 32 35 -0.00211562 0.00143671 -0.0546598 0.0547196
19 33 35 -0.00212656 -0.00721277 -0.057301 0.0577923
19 34 35 -0.0018611 -0.0214933 -0.0493787 0.0538858
19 35 35 -0.00129095 -0.00774197 -0.023245 0.0245344
19 36 35 2.71907e-06 -0.0266638 -0.00898547 0.0281371
19 37 35 0.000182633 0.0103081 0.00575828 0.0118088
19 38 35 -0.00123026 0.0105514 0.000474549 0.0106335
19 39 35 -0.00161573 0 -0.00168507 0.00233453
19 1 36 -0.000394159 0.0106621 -0.000428545 0.010678
19 2 36 0.000217537 0.00280768 -0.00135151 0.00312361
19 3 36 -0.000339637 0.00477996 0.00202623 0.00520279
19 4 36 6.08473e-05 0.00577474 0.0037039 0.00686077
19 5 36 -8.89907e-05 0.000410454 0.00281464 0.0028458
19 6 36 -0.000484867 -0.00165231 0.0059992 0.00624144
19 7 36 -0.000822763 -0.00188052 0.0103192 0.0105214
19 8 36 -0.00110456 -0.00178042 0.0146548 0.0148038
19 9 36 -0.00136789 -0.00163778 0.018782 0.0189029
19 10 36 -0.00160829 -0.00147314 0.022657 0.0227617
19 11 36 -0.00180884 -0.00122925 0.0266511 0.0267407
19 12 36 -0.0019629 -0.000988538 0.0300396 0.0301199
19 13 36 -0.00206607 -0.000624298 0.0333055 0.0333754
19 14 36 -0.00209717 -0.000211633 0.0361892 0.0362506
19 15 36 -0.00207335 0.000230162 0.0383256 0.0383823
19 16 36 -0.0019834 0.000761829 0.0401415 0.0401977
19 17 36 -0.00182425 0.00130172 0.0409995 0.0410607
19 18 36 -0.00162519 0.00196721 0.0413131 0.0413918
19 19 36 -0.00138439 0.00255094 0.0409022 0.0410051
19 20 36 -0.00111698 0.00309516 0.0397728 0.0399087
19 21 36 -0.0008403 0.00354321 0.0379845 0.0381587
19 22 36 -0.000563413 0.0039107 0.0356059 0.0358245
19 23 36 -0.000289034 0.00405017 0.0327085 0.0329596
19 24 36 -3.97024e-05 0.00399108 0.0296861 0.0299532
19 25 36 0.000179218 0.0038058 0.0264344 0.0267076
19 26 36 0.000383855 0.00339342 0.0233204 0.0235692
19 27 36 0.000552421 0.00286818 0.0206911 0.0208963
19 28 36 0.000690711 0.00235932 0.0182824 0.0184469
19 29 36 0.000815238 0.00182419 0.0163714 0.0164929
19 30 36 0.000916387 0.00134779 0.0150646 0.0151525
19 31 36 0.000999577 0.00102694 0.0139247 0.0139983
19 32 36 0.00105813 0.000955225 0.0131558 0.0132328
19 33 36 0.00107753 0.00289565 0.0124443 0.0128221
19 34 36 0.000932025 0.00585652 0.00932677 0.0110524
19 35 36 0.000458497 0.00320625 0.00274713 0.00424699
19 36 36 0.000206062 -0.0106105 -0.00160051 0.0107326
19 37 36 1.69691e-05 0.00508247 0.00448504 0.00677845
19 38 36 -0.00123596 0.00874275 0.000343028 0.00883635
19 39 36 -0.00159589 0 -0.00294656 0.00335098
19 1 37 -0.000409828 0.0100251 -0.000614482 0.0100523
19 2 37 -1.13107e-05 0.00593876 -0.00217043 0.00632296
19 3 37 -0.000158824 0.0056949 -0.00310252 0.00648712
19 4 37 -0.000196838 0.00472511 -0.00596184 0.00760979
19 5 37 -0.000192392 0.00348217 -0.00931624 0.00994761
19 6 37 -9.13389e-05 0.00259146 -0.0120728 0.0123481
19 7 37 2.01076e-05 0.00215006 -0.0141996 0.0143614
19 8 37 9.65423e-05 0.00198275 -0.015831 0.015955
19 9 37 0.000145601 0.00178276 -0.0173478 0.0174398
19 10 37 0.000164929 0.00155104 -0.0187568 0.0188216
19 11 37 0.000160185 0.00136229 -0.0196903 0.019738
19 12 37 0.000132796 0.00109662 -0.0205731 0.0206027
19 13 37 8.0615e-05 0.000881784 -0.0210873 0.0211059
19 14 37 1.94409e-05 0.000672759 -0.0212707 0.0212813
19 15 37 -5.90606e-05 0.000444457 -0.0213674 0.0213721
19 16 37 -0.000146963 0.000263629 -0.0210365 0.0210386
19 17 37 -0.000230431 2.79086e-05 -0.0206675 0.0206688
19 18 37 -0.000317896 -0.00011398 -0.0201156 0.0201184
19 19 37 -0.000397784 -0.000218188 -0.0194134 0.0194187
19 20 37 -0.000467539 -0.000268358 -0.0186383 0.0186461
19 21 37 -0.000530052 -0.000278435 -0.0178197 0.0178297
19 22 37 -0.000581977 -0.000249802 -0.0170119 0.0170236
19 23 37 -0.000618394 -0.000254058 -0.0162604 0.0162742
19 24 37 -0.00064774 -0.000226468 -0.0154956 0.0155108
19 25 37 -0.000666172 -0.000190653 -0.0149041 0.0149202
19 26 37 -0.000667395 -0.000229687 -0.0143017 0.0143192
19 27 37 -0.000667744 -0.000249467 -0.0136896 0.0137081
19 28 37 -0.000656987 -0.000228855 -0.0133439 0.013362
19 29 37 -0.000627423 -0.000238309 -0.0129539 0.0129713
19 30 37 -0.000588242 -0.000283623 -0.0124866 0.0125037
19 31 37 -0.000533747 -0.000335239 -0.0122603 0.0122765
19 32 37 -0.000464753 -0.000405571 -0.0119632 0.011979
19 33 37 -0.000380244 -0.000672383 -0.0115958 0.0116215
19 34 37 -0.000274304 -0.00134985 -0.0109949 0.0110808
19 35 37 -0.000179105 -0.00210006 -0.00928119 0.0095175
19 36 37 -0.000172515 -0.00404817 -0.00630743 0.00749674
19 37 37 -0.000383446 0.00120209 -0.00142186 0.00190098
19 38 37 -0.00114508 0.00581286 -0.00109004 0.00602401
19 39 37 -0.00152866 0 -0.00373077 0.00403181
19 1 38 -0.000447536 0.00886102 -0.000726343 0.008902
19 2 38 -2.43206e-05 0.00516588 -0.00202132 0.00554731
19 3 38 0.000224062 0.00292482 -0.00336651 0.00446522
19 4 38 0.000395673 0.00152767 -0.00500515 0.00524803
19 5 38 0.000454464 0.000801182 -0.00668769 0.00675083
19 6 38 0.000432619 0.000521958 -0.00827981 0.00830751
19 7 38 0.000385368 0.000432016 -0.00978729 0.0098044
19 8 38 0.000338834 0.000438681 -0.0111161 0.0111299
19 9 38 0.000299171 0.0004172 -0.012368 0.0123786
19 10 38 0.000263075 0.00038268 -0.0135801 0.013588
19 11 38 0.000231907 0.000402669 -0.0145558 0.0145632
19 12 38 0.000205535 0.000364002 -0.0154998 0.0155054
19 13 38 0.000178297 0.00035901 -0.0162873 0.0162922
19 14 38 0.000156203 0.000345461 -0.0169027 0.016907
19 15 38 0.000133247 0.00029878 -0.0174814 0.0174845
19 16 38 0.000108077 0.000285825 -0.017832 0.0178347
19 17 38 8.56202e-05 0.000208474 -0.0180903 0.0180917
19 18 38 5.86649e-05 0.00013604 -0.0182125 0.0182131
19 19 38 3.12467e-05 5.89119e-05 -0.0181715 0.0181716
19 20 38 4.82653e-06 -7.28714e-06 -0.01798 0.01798
19 21 38 -2.45399e-05 -6.41062e-05 -0.0176267 0.0176269
19 22 38 -5.58447e-05 -0.000114499 -0.017124 0.0171244
19 23 38 -8.63356e-05 -0.000175873 -0.0164857 0.0164869
19 24 38 -0.000120453 -0.000205925 -0.0156804 0.0156822
19 25 38 -0.000155209 -0.000251271 -0.0147902 0.0147932
19 26 38 -0.000189475 -0.000316333 -0.0137346 0.0137396
19 27 38 -0.000230613 -0.000339466 -0.0125504 0.0125571
19 28 38 -0.000270438 -0.000374346 -0.0113777 0.0113871
19 29 38 -0.000309118 -0.000416186 -0.0100622 0.0100755
19 30 38 -0.00035379 -0.000430516 -0.00863397 0.00865193
19 31 38 -0.000400197 -0.000448378 -0.00726415 0.00728897
19 32 38 -0.000449511 -0.000491132 -0.0057764 0.00581464
19 33 38 -0.000502614 -0.000377962 -0.00422305 0.00426961
19 34 38 -0.000558301 3.0067e-05 -0.00284937 0.00290371
19 35 38 -0.000614404 0.00068459 -0.00185732 0.00207263
19 36 38 -0.000668087 0.000980632 -0.00150806 0.00191891
19 37 38 -0.000778588 0.00177859 -0.00134695 0.00236302
19 38 38 -0.00109993 0.00348288 -0.00164407 0.0040054
19 39 38 -0.00141963 0 -0.00315297 0.00345783
19 1 39 -0.000439169 0.00805171 0 0.00806368
19 2 39 3.93922e-05 0.00428785 0 0.00428803
19 3 39 0.000372692 0.00176758 0 0.00180644
19 4 39 0.000564676 0.000332909 0 0.000655506
19 5 39 0.000649974 -0.000333097 0 0.000730356
19 6 39 0.000669202 -0.000542234 0 0.000861306
19 7 39 0.000654066 -0.000555406 0 0.000858066
19 8 39 0.000623789 -0.000468888 0 0.000780365
19 9 39 0.000586115 -0.000408181 0 0.000714242
19 10 39 0.000540076 -0.000357117 0 0.000647468
19 11 39 0.000487542 -0.000264712 0 0.00055477
19 12 39 0.00043069 -0.000212078 0 0.000480074
19 13 39 0.000366998 -0.000127918 0 0.000388652
19 14 39 0.000300308 -4.9836e-05 0 0.000304415
19 15 39 0.000230174 7.09103e-07 0 0.000230175
19 16 39 0.00015705 7.99982e-05 0 0.000176251
19 17 39 8.46285e-05 0.000132466 0 0.000157192
19 18 39 9.95682e-06 0.000187606 0 0.00018787
19 19 39 -6.40457e-05 0.000236271 0 0.000244797
19 20 39 -0.000135091 0.000290111 0 0.000320022
19 21 39 -0.000205434 0.000348773 0 0.000404779
19 22 39 -0.000273954 0.000402294 0 0.000486715
19 23 39 -0.000338297 0.00044746 0 0.00056095
19 24 39 -0.000400529 0.000504085 0 0.000643836
19 25 39 -0.000458388 0.000528581 0 0.000699655
19 26 39 -0.000510916 0.000546054 0 0.000747804
19 27 39 -0.000560246 0.000595546 0 0.000817649
19 28 39 -0.000601576 0.000606823 0 0.000854475
19 29 39 -0.000636596 0.000605622 0 0.000878654
19 30 39 -0.000668029 0.000631141 0 0.000919023
19 31 39 -0.000691606 0.000641219 0 0.000943123
19 32 39 -0.000708147 0.000608881 0 0.000933921
19 33 39 -0.00071945 0.000613021 0 0.0009452
19 34 39 -0.000728356 0.00063095 0 0.000963639
19 35 39 -0.000746685 0.000716748 0 0.00103502
19 36 39 -0.000793309 0.000959894 0 0.00124529
19 37 39 -0.000894606 0.00148089 0 0.00173013
19 38 39 -0.00108453 0.00211348 0 0.0023755
19 39 39 -0.00131712 0 0 0.00131712
