38 1 1 0.00292492 0.000608573 0.000567305 0.00304095
38 2 1 0.00353648 0.00127335 0.00143201 0.00402228
38 3 1 0.00351023 0.0012399 0.00234885 0.00440184
38 4 1 0.00337713 0.000671711 0.00290325 0.00450389
38 5 1 0.00340744 0.000117601 0.00304425 0.00457077
38 6 1 0.00361273 -0.000210403 0.0029147 0.00464667
38 7 1 0.00395113 -0.000346789 0.00266461 0.00477827
38 8 1 0.00439546 -0.000378996 0.0023687 0.00500744
38 9 1 0.00490471 -0.000381252 0.00205007 0.00532957
38 10 1 0.00547323 -0.000385035 0.00172794 0.00575242
38 11 1 0.00610675 -0.000393087 0.00141211 0.00628021
38 12 1 0.00677932 -0.000397942 0.00110847 0.00688087
38 13 1 0.00746395 -0.000400474 0.000822772 0.00751983
38 14 1 0.00814305 -0.000406589 0.000562191 0.00817256
38 15 1 0.00880071 -0.000419448 0.000333599 0.00881701
38 16 1 0.00941779 -0.000434744 0.000143648 0.00942891
38 17 1 0.0099809 -0.000450836 -6.61596e-06 0.00999108
38 18 1 0.0104791 -0.000468853 -0.000116076 0.0104902
38 19 1 0.0109031 -0.000486835 -0.000180711 0.0109154
38 20 1 0.0112469 -0.000504003 -0.000201703 0.01126
38 21 1 0.0115069 -0.000522193 -0.000178795 0.0115201
38 22 1 0.011683 -0.000538062 -0.000115345 0.0116959
38 23 1 0.0117696 -0.000548534 -1.06572e-05 0.0117824
38 24 1 0.0117635 -0.000554121 0.00013171 0.0117772
38 25 1 0.0116657 -0.00054967 0.000303958 0.0116826
38 26 1 0.0114703 -0.000533825 0.00050266 0.0114937
38 27 1 0.0111757 -0.000510427 0.00072194 0.0112106
38 28 1 0.0107874 -0.000480971 0.000954488 0.0108402
38 29 1 0.0103014 -0.00044191 0.00119372 0.0103797
38 30 1 0.00970343 -0.000386826 0.00142696 0.00981542
38 31 1 0.00898402 -0.000319884 0.00163365 0.00913694
38 32 1 0.00814565 -0.00025211 0.0018002 0.00834601
38 33 1 0.00716808 -0.000206636 0.00192362 0.00742458
38 34 1 0.00605738 -0.000254617 0.00197916 0.0063776
38 35 1 0.00496122 -0.000516782 0.00186341 0.00532476
38 36 1 0.00411048 -0.00105535 0.00146741 0.00449033
38 37 1 0.00314849 -0.00161673 0.000890242 0.00364957
38 38 1 0.00155362 -0.00180968 0.000438888 0.00242514
38 39 1 0 -0.00214548 0 0.00214548
38 1 2 0.00407108 0.000979362 0.000577047 0.0042268
38 2 2 0.00598217 0.00222999 0.00152816 0.00656463
38 3 2 0.00596779 0.0025152 0.00281448 0.0070613
38 4 2 0.00536152 0.00154638 0.00371677 0.0067046
38 5 2 0.00511347 0.000406386 0.00402508 0.00652027
38 6 2 0.00537121 -0.000341799 0.00390267 0.00664812
38 7 2 0.00599653 -0.000675593 0.00359497 0.00702415
38 8 2 0.00680831 -0.000748647 0.0032289 0.00757227
38 9 2 0.00768436 -0.000750218 0.00284877 0.00822968
38 10 2 0.00862562 -0.000754778 0.00247871 0.00900639
38 11 2 0.00963494 -0.000753236 0.00212166 0.00989449
38 12 2 0.0106523 -0.000732507 0.00178418 0.0108255
38 13 2 0.0116377 -0.000701396 0.00147841 0.0117522
38 14 2 0.0125684 -0.000668878 0.00121606 0.0126448
38 15 2 0.0134186 -0.000638299 0.0010025 0.0134712
38 16 2 0.0141519 -0.000602533 0.000848042 0.0141901
38 17 2 0.0147419 -0.00056016 0.000752997 0.0147718
38 18 2 0.0151688 -0.000518461 0.000713993 0.0151945
38 19 2 0.0154159 -0.000479501 0.000736451 0.015441
38 20 2 0.0154726 -0.000442971 0.000816396 0.0155004
38 21 2 0.015335 -0.000415187 0.000948299 0.0153699
38 22 2 0.0150102 -0.000392497 0.00112434 0.0150574
38 23 2 0.0145005 -0.000373405 0.00134396 0.0145674
38 24 2 0.0138184 -0.000359207 0.00159497 0.0139147
38 25 2 0.0129835 -0.000338684 0.00186458 0.0131211
38 26 2 0.0120004 -0.000310508 0.0021453 0.0121946
38 27 2 0.010885 -0.000280572 0.00242265 0.0111549
38 28 2 0.00967184 -0.000254914 0.00268423 0.0100406
38 29 2 0.00838446 -0.000235776 0.00292579 0.00888342
38 30 2 0.00702652 -0.000209858 0.00314526 0.00770122
38 31 2 0.0055908 -0.000170032 0.00332569 0.00650739
38 32 2 0.00411614 -0.000139345 0.00344778 0.00537114
38 33 2 0.00271972 -0.000196589 0.0034589 0.00440449
38 34 2 0.00170507 -0.000453432 0.00326484 0.00371107
38 35 2 0.00171234 -0.00103921 0.00272481 0.00338182
38 36 2 0.00303579 -0.00192548 0.00181469 0.00402698
38 37 2 0.00308246 -0.00245358 0.000937861 0.00404984
38 38 2 0.00126131 -0.0022712 0.000462552 0.00263878
38 39 2 0 -0.00264264 0 0.00264264
38 1 3 0.00524474 0.00119452 0.000380145 0.00539247
38 2 3 0.00967321 0.00290549 0.0010669 0.0101563
38 3 3 0.0119038 0.00353963 0.00212224 0.012599
38 4 3 0.0135276 0.00226305 0.00288127 0.014015
38 5 3 0.0150227 0.000637094 0.00314177 0.0153609
38 6 3 0.0162297 -0.000451635 0.00305838 0.0165215
38 7 3 0.017294 -0.00092323 0.00284096 0.0175501
38 8 3 0.018327 -0.00100576 0.00257541 0.0185344
38 9 3 0.0192475 -0.000995569 0.00231615 0.0194119
38 10 3 0.0201103 -0.000993145 0.00207739 0.0202417
38 11 3 0.0209446 -0.000969346 0.00184856 0.0210484
38 12 3 0.0217082 -0.000919898 0.0016379 0.0217893
38 13 3 0.0224125 -0.00086397 0.00145822 0.0224765
38 14 3 0.0230692 -0.00080288 0.00131577 0.0231206
38 15 3 0.0236789 -0.000739331 0.00120137 0.0237209
38 16 3 0.0242191 -0.000670213 0.00112427 0.0242545
38 17 3 0.0246744 -0.000596277 0.00108563 0.0247054
38 18 3 0.0250294 -0.000527561 0.00107624 0.0250581
38 19 3 0.0252598 -0.000466037 0.00110358 0.0252881
38 20 3 0.0253408 -0.000406691 0.00116724 0.0253709
38 21 3 0.0252495 -0.000357624 0.00125747 0.0252833
38 22 3 0.0249744 -0.000314246 0.00137092 0.0250139
38 23 3 0.0245003 -0.000278892 0.00151228 0.0245485
38 24 3 0.0238325 -0.000256689 0.00166674 0.0238921
38 25 3 0.0229872 -0.000234684 0.00183266 0.0230613
38 26 3 0.0219643 -0.000212628 0.00200731 0.0220568
38 27 3 0.0207803 -0.000188947 0.00217603 0.0208948
38 28 3 0.0194717 -0.000166482 0.00232581 0.0196108
38 29 3 0.0180752 -0.000159773 0.00244799 0.0182409
38 30 3 0.016617 -0.000161555 0.00255392 0.0168129
38 31 3 0.0150778 -0.000151003 0.00263354 0.0153068
38 32 3 0.0134378 -0.000151934 0.00266266 0.0136999
38 33 3 0.0115604 -0.000307942 0.00256796 0.0118462
38 34 3 0.00931345 -0.000765874 0.00227929 0.00961884
38 35 3 0.00736403 -0.00159895 0.00173756 0.00773335
38 36 3 0.00704709 -0.00262828 0.00103693 0.00759241
38 37 3 0.00445297 -0.0029213 0.000567255 0.00535581
38 38 3 0.00123608 -0.0025374 0.000317628 0.00284028
38 39 3 0 -0.00304023 0 0.00304023
38 1 4 0.00607349 0.00129732 0.000147423 0.00621225
38 2 4 0.0124414 0.00331572 0.000565549 0.0128881
38 3 4 0.0169728 0.00425647 0.00129957 0.0175465
38 4 4 0.0216066 0.00279328 0.00185374 0.0218652
38 5 4 0.0260125 0.000781081 0.00200831 0.0261016
38 6 4 0.0289792 -0.000597461 0.00187196 0.0290458
38 7 4 0.0308762 -0.00118264 0.00161249 0.0309409
38 8 4 0.0323563 -0.0012725 0.00131144 0.0324078
38 9 4 0.033476 -0.00125816 0.0010408 0.0335158
38 10 4 0.0343585 -0.00124298 0.00079108 0.03439
38 11 4 0.0350467 -0.00118247 0.000550822 0.035071
38 12 4 0.035537 -0.00109846 0.000338558 0.0355555
38 13 4 0.0359067 -0.0010145 0.00016498 0.0359214
38 14 4 0.0361907 -0.000917289 3.58027e-05 0.0362023
38 15 4 0.0364257 -0.000813551 -6.54741e-05 0.0364348
38 16 4 0.0366217 -0.000708271 -0.000126092 0.0366287
38 17 4 0.0367929 -0.000602212 -0.000139682 0.0367981
38 18 4 0.036953 -0.000504189 -0.000121093 0.0369566
38 19 4 0.0370923 -0.000416182 -6.47739e-05 0.0370946
38 20 4 0.0371982 -0.000330256 3.38523e-05 0.0371997
38 21 4 0.0372512 -0.000256781 0.000155695 0.0372524
38 22 4 0.0372352 -0.000189928 0.000301515 0.037237
38 23 4 0.0371237 -0.000134276 0.000475584 0.037127
38 24 4 0.0369112 -9.76659e-05 0.000654795 0.0369171
38 25 4 0.0365962 -6.92176e-05 0.000848337 0.0366061
38 26 4 0.0361657 -5.42906e-05 0.00105328 0.036181
38 27 4 0.0356194 -4.09667e-05 0.00126053 0.0356417
38 28 4 0.0349597 -1.91934e-05 0.00146173 0.0349903
38 29 4 0.0342016 -9.79159e-06 0.00163303 0.0342406
38 30 4 0.0333835 -2.39731e-05 0.00179141 0.0334315
38 31 4 0.0324688 -4.01727e-05 0.001937 0.0325265
38 32 4 0.0312691 -7.18146e-05 0.00205448 0.0313366
38 33 4 0.0289076 -0.000319428 0.00204564 0.0289817
38 34 4 0.0240002 -0.000989822 0.00181856 0.0240894
38 35 4 0.0170467 -0.00208686 0.00132697 0.0172251
38 36 4 0.0120952 -0.00320815 0.000741117 0.0125354
38 37 4 0.00567592 -0.00326377 0.000409617 0.00656019
38 38 4 0.00132857 -0.00278851 0.000189789 0.00309466
38 39 4 0 -0.00332665 0 0.00332665
38 1 5 0.00663782 0.00131701 -7.91559e-05 0.00676768
38 2 5 0.0139911 0.00343934 4.20141e-05 0.0144077
38 3 5 0.0204707 0.00452817 0.00032274 0.020968
38 4 5 0.0277521 0.00296705 0.000517378 0.0279151
38 5 5 0.0341078 0.000687116 0.000431218 0.0341175
38 6 5 0.0374263 -0.000900273 0.000138987 0.0374374
38 7 5 0.0386786 -0.00155397 -0.000230694 0.0387105
38 8 5 0.039233 -0.00163543 -0.000604052 0.0392717
38 9 5 0.0393331 -0.00160295 -0.000917925 0.0393765
38 10 5 0.0391726 -0.00155145 -0.00121382 0.0392221
38 11 5 0.0388078 -0.00144091 -0.00148691 0.038863
38 12 5 0.0383035 -0.00132215 -0.00171226 0.0383645
38 13 5 0.0378019 -0.00120538 -0.00189247 0.0378684
38 14 5 0.0373384 -0.00106243 -0.00202125 0.0374082
38 15 5 0.0369848 -0.000910578 -0.00211843 0.0370566
38 16 5 0.0367744 -0.000761948 -0.00217006 0.0368462
38 17 5 0.0367284 -0.000615384 -0.00216605 0.0367973
38 18 5 0.0368667 -0.00047815 -0.00212492 0.036931
38 19 5 0.0371653 -0.000354022 -0.00204436 0.0372232
38 20 5 0.0375984 -0.000234816 -0.00191182 0.0376477
38 21 5 0.038128 -0.000132476 -0.0017554 0.0381687
38 22 5 0.0387143 -3.90465e-05 -0.00156788 0.0387461
38 23 5 0.0393054 4.15152e-05 -0.00134592 0.0393284
38 24 5 0.0398759 0.00010194 -0.0011211 0.0398918
38 25 5 0.0403978 0.000150376 -0.000876453 0.0404076
38 26 5 0.0408529 0.000170355 -0.000621679 0.040858
38 27 5 0.041239 0.000176553 -0.000357379 0.0412409
38 28 5 0.0415318 0.000193473 -7.87345e-05 0.0415324
38 29 5 0.0417163 0.000210595 0.000176669 0.0417172
38 30 5 0.0418422 0.000202488 0.00042044 0.0418448
38 31 5 0.0418859 0.000172907 0.000654471 0.0418914
38 32 5 0.0415405 0.000116404 0.000889415 0.0415501
38 33 5 0.0393965 -0.00019514 0.00103697 0.0394107
38 34 5 0.0330857 -0.00102202 0.00101366 0.033117
38 35 5 0.022867 -0.00232593 0.000770394 0.0229979
38 36 5 0.0147517 -0.0035203 0.00043128 0.015172
38 37 5 0.00609637 -0.00344779 0.000239457 0.00700787
38 38 5 0.00142298 -0.00297947 7.12815e-05 0.0033026
38 39 5 0 -0.00349292 0 0.00349292
38 1 6 0.00703059 0.00128917 -0.000238674 0.00715179
38 2 6 0.0145755 0.00336173 -0.000311745 0.0149614
38 3 6 0.0222521 0.00444708 -0.000370467 0.0226951
38 4 6 0.031087 0.00282484 -0.000484741 0.0312189
38 5 6 0.0377478 0.000383525 -0.000783111 0.0377579
38 6 6 0.0397043 -0.0013173 -0.00119377 0.0397441
38 7 6 0.0388447 -0.00198233 -0.0016258 0.0389292
38 8 6 0.0372245 -0.002031 -0.00202684 0.0373349
38 9 6 0.0352652 -0.00196018 -0.00235629 0.0353982
38 10 6 0.0332247 -0.00185849 -0.0026713 0.0333837
38 11 6 0.0311788 -0.00170167 -0.00294092 0.0313634
38 12 6 0.0292706 -0.0015508 -0.00314913 0.0294803
38 13 6 0.0276762 -0.00139023 -0.00331715 0.027909
38 14 6 0.0264049 -0.00119189 -0.00343292 0.0266538
38 15 6 0.0255556 -0.000990892 -0.0035155 0.0258153
38 16 6 0.0251565 -0.000801161 -0.00355114 0.0254185
38 17 6 0.0251961 -0.000616696 -0.00352885 0.0254495
38 18 6 0.0256659 -0.00044247 -0.00346979 0.0259032
38 19 6 0.0264922 -0.000283551 -0.0033765 0.026708
38 20 6 0.0276051 -0.000132685 -0.00322992 0.0277937
38 21 6 0.0289272 -3.16141e-06 -0.0030652 0.0290892
38 22 6 0.0303791 0.000114407 -0.00286807 0.0305144
38 23 6 0.0318751 0.000217764 -0.00263378 0.0319844
38 24 6 0.0333674 0.000303583 -0.00239819 0.0334549
38 25 6 0.0347957 0.000381391 -0.00213935 0.0348635
38 26 6 0.0361411 0.000423653 -0.00187786 0.0361923
38 27 6 0.0374151 0.000436923 -0.00161022 0.0374523
38 28 6 0.0385966 0.000447441 -0.00131498 0.0386216
38 29 6 0.0396515 0.000464357 -0.0010303 0.0396676
38 30 6 0.0406331 0.000467474 -0.000753196 0.0406428
38 31 6 0.0415576 0.000438054 -0.000495482 0.0415628
38 32 6 0.0420878 0.000367531 -0.000221401 0.04209
38 33 6 0.0406866 2.44883e-05 1.39937e-05 0.0406866
38 34 6 0.0346849 -0.000881259 0.000166126 0.0346965
38 35 6 0.0240307 -0.00230202 0.00019847 0.0241416
38 36 6 0.0150739 -0.00355646 0.000133931 0.0154884
38 37 6 0.00590211 -0.00347436 8.1284e-05 0.00684929
38 38 6 0.00148469 -0.00307981 -1.69082e-05 0.00341903
38 39 6 0 -0.00355495 0 0.00355495
38 1 7 0.00733649 0.00122244 -0.000314546 0.00744429
38 2 7 0.0147139 0.00320406 -0.000458009 0.0150656
38 3 7 0.023099 0.00422144 -0.00065922 0.0234909
38 4 7 0.0327496 0.00255528 -0.000914463 0.0328619
38 5 7 0.0388424 1.67608e-05 -0.00129657 0.038864
38 6 7 0.038728 -0.00173917 -0.00173467 0.0388058
38 7 7 0.0352568 -0.00238934 -0.00216617 0.035404
38 8 7 0.0310864 -0.00240161 -0.00255153 0.0312833
38 9 7 0.0267925 -0.00229312 -0.00286835 0.027043
38 10 7 0.0226812 -0.00214834 -0.00317223 0.0230025
38 11 7 0.0188539 -0.00195535 -0.00341381 0.01926
38 12 7 0.015526 -0.00176848 -0.00359822 0.0160353
38 13 7 0.0128796 -0.00155508 -0.00375491 0.0135056
38 14 7 0.010897 -0.00130573 -0.00385752 0.0116332
38 15 7 0.00970395 -0.00106707 -0.00392412 0.0105216
38 16 7 0.00930046 -0.000842827 -0.00394337 0.010137
38 17 7 0.0096184 -0.000620546 -0.00390714 0.0104002
38 18 7 0.0106066 -0.000405558 -0.00383853 0.0112871
38 19 7 0.0121297 -0.000206334 -0.00374367 0.012696
38 20 7 0.0140622 -1.87172e-05 -0.00359988 0.0145156
38 21 7 0.0162793 0.000140966 -0.00344533 0.0166405
38 22 7 0.0186578 0.000281133 -0.00326098 0.0189427
38 23 7 0.0210795 0.000399602 -0.00303876 0.0213012
38 24 7 0.023483 0.000498089 -0.00281355 0.0236562
38 25 7 0.0257784 0.000594128 -0.00255981 0.025912
38 26 7 0.0279427 0.000658871 -0.00230779 0.0280455
38 27 7 0.0299985 0.000690662 -0.00205962 0.0300771
38 28 7 0.0319473 0.00070113 -0.00178485 0.0320048
38 29 7 0.0337515 0.000710361 -0.00150957 0.0337927
38 30 7 0.0354527 0.000717897 -0.00123196 0.0354814
38 31 7 0.0371093 0.000692673 -0.000983848 0.0371288
38 32 7 0.0383978 0.00061787 -0.000717416 0.0384094
38 33 7 0.037838 0.000267408 -0.00046534 0.0378418
38 34 7 0.0327999 -0.000665491 -0.000250611 0.0328076
38 35 7 0.022941 -0.00214466 -8.98492e-05 0.0230412
38 36 7 0.0142189 -0.00344892 -1.24979e-05 0.0146313
38 37 7 0.00540367 -0.00342191 1.69894e-06 0.00639602
38 38 7 0.00150759 -0.00312019 -5.87547e-05 0.00346581
38 39 7 0 -0.00355003 0 0.00355003
38 1 8 0.00761275 0.00113042 -0.000327997 0.00770321
38 2 8 0.0147788 0.0030442 -0.000477217 0.0150966
38 3 8 0.0237352 0.00398421 -0.000701579 0.0240775
38 4 8 0.033958 0.00227077 -0.000982332 0.034048
38 5 8 0.0392883 -0.000350263 -0.00136609 0.0393136
38 6 8 0.0370616 -0.00214848 -0.00179146 0.037167
38 7 8 0.0310354 -0.00278545 -0.00220265 0.0312379
38 8 8 0.0243971 -0.00276902 -0.00256068 0.0246869
38 9 8 0.0178514 -0.00262835 -0.002859 0.018269
38 10 8 0.0117466 -0.00244483 -0.00314585 0.0124038
38 11 8 0.00622506 -0.00221472 -0.00336541 0.00741501
38 12 8 0.00156518 -0.00198357 -0.00354133 0.00435033
38 13 8 -0.00205931 -0.00171815 -0.00369476 0.00456553
38 14 8 -0.00467792 -0.00142985 -0.00378612 0.00618564
38 15 8 -0.00614309 -0.0011591 -0.00383973 0.00733652
38 16 8 -0.00649887 -0.000895467 -0.0038479 0.00760549
38 17 8 -0.00586981 -0.000628433 -0.00380602 0.00702392
38 18 8 -0.00434504 -0.000369526 -0.00373576 0.00574211
38 19 8 -0.00211549 -0.000130972 -0.00364292 0.00421465
38 20 8 0.000637528 9.15207e-05 -0.00350543 0.00356411
38 21 8 0.00373988 0.00028119 -0.00336131 0.00503628
38 22 8 0.00702256 0.000445759 -0.00319267 0.00772711
38 23 8 0.0103346 0.000580194 -0.00298914 0.0107739
38 24 8 0.0136059 0.000686214 -0.00278128 0.0139042
38 25 8 0.0167259 0.000788066 -0.00253984 0.016936
38 26 8 0.0196638 0.000864139 -0.0022958 0.0198162
38 27 8 0.0224401 0.000916187 -0.0020621 0.0225532
38 28 8 0.0250813 0.000937186 -0.00181306 0.0251642
38 29 8 0.0275609 0.00094238 -0.0015598 0.0276211
38 30 8 0.0299022 0.00095039 -0.00129372 0.0299452
38 31 8 0.0321956 0.000927718 -0.00106273 0.0322265
38 32 8 0.0341417 0.000849995 -0.00081618 0.034162
38 33 8 0.0343436 0.00050121 -0.000573617 0.0343521
38 34 8 0.030283 -0.00043267 -0.000356402 0.0302882
38 35 8 0.0213692 -0.00193743 -0.000168548 0.0214575
38 36 8 0.0130485 -0.00328371 -4.88138e-05 0.0134554
38 37 8 0.00480442 -0.00334105 -1.62091e-05 0.00585195
38 38 8 0.00150057 -0.00313931 -6.89943e-05 0.00348019
38 39 8 0 -0.0035158 0 0.0035158
38 1 9 0.00786541 0.00101911 -0.00031672 0.00793748
38 2 9 0.0148413 0.00289308 -0.000463363 0.0151277
38 3 9 0.0243072 0.00374698 -0.000686956 0.0246039
38 4 9 0.0349795 0.00197291 -0.000965299 0.0350484
38 5 9 0.0395084 -0.000725122 -0.00133466 0.0395376
38 6 9 0.0352609 -0.00255439 -0.00174314 0.0353962
38 7 9 0.0268272 -0.00317151 -0.00212867 0.0270978
38 8 9 0.0178609 -0.00312154 -0.00245738 0.0182974
38 9 9 0.00918944 -0.00294255 -0.00274021 0.0100306
38 10 9 0.00121336 -0.00271448 -0.00301289 0.00423299
38 11 9 -0.00587878 -0.00244048 -0.00321798 0.00713242
38 12 9 -0.0117672 -0.00216109 -0.00338904 0.0124348
38 13 9 -0.0162946 -0.00185037 -0.00353327 0.0167756
38 14 9 -0.0194859 -0.00152963 -0.0036106 0.0198765
38 15 9 -0.0211831 -0.00122275 -0.00365607 0.021531
38 16 9 -0.0214799 -0.000916485 -0.00366013 0.0218088
38 17 9 -0.0205426 -0.000611975 -0.00361902 0.0208679
38 18 9 -0.0184931 -0.000325008 -0.00355002 0.0188336
38 19 9 -0.0155745 -6.60098e-05 -0.00345675 0.0159537
38 20 9 -0.0120221 0.000175423 -0.00332219 0.012474
38 21 9 -0.00805989 0.000385535 -0.00318121 0.00867355
38 22 9 -0.00390279 0.000573126 -0.00302186 0.00496909
38 23 9 0.000261444 0.000729537 -0.00283386 0.00293791
38 24 9 0.00435267 0.000850811 -0.0026438 0.00516327
38 25 9 0.00824894 0.000959131 -0.00242165 0.00865039
38 26 9 0.011915 0.00103771 -0.00218841 0.0121587
38 27 9 0.0153617 0.00110213 -0.00196414 0.0155259
38 28 9 0.0186339 0.00113553 -0.00173719 0.0187491
38 29 9 0.0217239 0.00114043 -0.00150759 0.021806
38 30 9 0.0246396 0.00114809 -0.00125703 0.0246984
38 31 9 0.0274924 0.00112756 -0.00104364 0.0275353
38 32 9 0.0300129 0.00104668 -0.000820272 0.0300424
38 33 9 0.0308895 0.00070275 -0.000592504 0.0309032
38 34 9 0.0277366 -0.000213046 -0.000381689 0.0277401
38 35 9 0.0197508 -0.00170947 -0.000189177 0.0198255
38 36 9 0.011814 -0.00307715 -5.38841e-05 0.0122083
38 37 9 0.00417768 -0.00323315 -1.67546e-05 0.00528267
38 38 9 0.00147708 -0.00314194 -7.09021e-05 0.00347255
38 39 9 0 -0.00346324 0 0.00346324
38 1 10 0.00808646 0.000890135 -0.000291486 0.00814053
38 2 10 0.0148969 0.00274237 -0.000436105 0.0151535
38 3 10 0.024827 0.00350358 -0.000653301 0.0250815
38 4 10 0.0358748 0.00166923 -0.00092161 0.0359254
38 5 10 0.0396186 -0.00108727 -0.00127474 0.039654
38 6 10 0.0334723 -0.00292763 -0.00166297 0.0336412
38 7 10 0.0227851 -0.0035139 -0.00201763 0.0231426
38 8 10 0.0116393 -0.00342621 -0.00231912 0.0123528
38 9 10 0.000991729 -0.00320835 -0.00258908 0.00424033
38 10 10 -0.00871118 -0.00293868 -0.00284386 0.00962331
38 11 10 -0.0172509 -0.00262558 -0.00303042 0.0177108
38 12 10 -0.0242813 -0.00230622 -0.00318957 0.0245982
38 13 10 -0.0296508 -0.00196092 -0.00331855 0.0299003
38 14 10 -0.0333628 -0.00161063 -0.00338586 0.0335729
38 15 10 -0.0352615 -0.00126524 -0.00343018 0.0354505
38 16 10 -0.0354902 -0.000921628 -0.00343248 0.0356677
38 17 10 -0.0342436 -0.000590721 -0.00339174 0.0344162
38 18 10 -0.0316809 -0.000283706 -0.0033227 0.0318559
38 19 10 -0.0280988 -7.20765e-06 -0.00322828 0.0282836
38 20 10 -0.0237837 0.000253177 -0.00309883 0.023986
38 21 10 -0.0190045 0.000483516 -0.00296144 0.0192399
38 22 10 -0.0140166 0.0006934 -0.00281048 0.0143124
38 23 10 -0.00904465 0.00087358 -0.00263595 0.00946134
38 24 10 -0.00418355 0.00101661 -0.00246138 0.00495923
38 25 10 0.000437337 0.00113861 -0.00226295 0.00257073
38 26 10 0.00478235 0.00121946 -0.00204715 0.00534311
38 27 10 0.00885087 0.00128907 -0.00183381 0.0091303
38 28 10 0.0126975 0.00133004 -0.00162778 0.0128703
38 29 10 0.0163344 0.00133091 -0.00142289 0.0164502
38 30 10 0.0197593 0.00133035 -0.00119066 0.0198398
38 31 10 0.0230947 0.00130424 -0.000993674 0.0231529
38 32 10 0.0261069 0.00121187 -0.000794638 0.0261471
38 33 10 0.0275747 0.000861963 -0.000585599 0.0275944
38 34 10 0.0252571 -3.7816e-05 -0.000381772 0.02526
38 35 10 0.0181664 -0.00150753 -0.000186917 0.0182298
38 36 10 0.0105705 -0.00286953 -4.28902e-05 0.0109532
38 37 10 0.00353618 -0.00311641 -6.37573e-06 0.00471345
38 38 10 0.00143424 -0.00313204 -6.66453e-05 0.00344545
38 39 10 0 -0.00339435 0 0.00339435
38 1 11 0.0082723 0.000746421 -0.000254874 0.00830982
38 2 11 0.0149506 0.00258914 -0.000397423 0.0151784
38 3 11 0.0253246 0.00326443 -0.000604211 0.0255413
38 4 11 0.0367184 0.00138523 -0.000856969 0.0367545
38 5 11 0.0397279 -0.001411 -0.00118953 0.0397708
38 6 11 0.0318165 -0.00325429 -0.00155002 0.0320201
38 7 11 0.0190355 -0.00381435 -0.00186989 0.0195038
38 8 11 0.00587586 -0.00369875 -0.00214551 0.00726703
38 9 11 -0.00658633 -0.00345239 -0.00239785 0.00781335
38 10 11 -0.0178818 -0.00315192 -0.00262686 0.0183465
38 11 11 -0.0277653 -0.00281005 -0.00279342 0.0280466
38 12 11 -0.0358524 -0.00246 -0.00294168 0.0360569
38 13 11 -0.0419863 -0.00208498 -0.00305957 0.0421492
38 14 11 -0.0461501 -0.00170265 -0.00312322 0.046287
38 15 11 -0.0482093 -0.00131718 -0.00316571 0.0483311
38 16 11 -0.0483551 -0.000939805 -0.00316035 0.0484674
38 17 11 -0.0468004 -0.000582223 -0.00311609 0.0469077
38 18 11 -0.0437459 -0.000246756 -0.0030469 0.0438525
38 19 11 -0.0395378 5.85285e-05 -0.00295512 0.0396482
38 20 11 -0.0345068 0.000346335 -0.00283793 0.034625
38 21 11 -0.0289612 0.000598928 -0.00271051 0.0290939
38 22 11 -0.02319 0.000826237 -0.00257278 0.0233469
38 23 11 -0.0174533 0.00102165 -0.00241365 0.017649
38 24 11 -0.0118662 0.00118048 -0.0022515 0.0121355
38 25 11 -0.00656725 0.0013168 -0.00207484 0.00701197
38 26 11 -0.00159262 0.00140253 -0.00187786 0.00283371
38 27 11 0.00304729 0.00147745 -0.00167463 0.00377799
38 28 11 0.00741269 0.00152903 -0.00148546 0.00771313
38 29 11 0.0115346 0.00153232 -0.00130341 0.0117087
38 30 11 0.0154047 0.00152702 -0.00109095 0.0155186
38 31 11 0.0191492 0.00149781 -0.000908637 0.0192291
38 32 11 0.0225722 0.00139525 -0.000733673 0.0226271
38 33 11 0.024547 0.00103135 -0.000550793 0.0245748
38 34 11 0.0229808 0.000130648 -0.000363926 0.022984
38 35 11 0.0167212 -0.00132471 -0.000175386 0.0167745
38 36 11 0.00939333 -0.00267956 -2.99468e-05 0.00976809
38 37 11 0.00291331 -0.00301292 5.36207e-06 0.00419107
38 38 11 0.00137908 -0.00312362 -5.95763e-05 0.00341503
38 39 11 0 -0.00331626 0 0.00331626
38 1 12 0.00842442 0.000593974 -0.000209878 0.00844795
38 2 12 0.0150119 0.00243682 -0.000349029 0.0152124
38 3 12 0.0258238 0.00304281 -0.000540613 0.0260081
38 4 12 0.0375554 0.00113431 -0.000770612 0.0375804
38 5 12 0.0398992 -0.0016958 -0.00107497 0.0399497
38 6 12 0.0303713 -0.00354827 -0.00140094 0.03061
38 7 12 0.0156775 -0.00409356 -0.00168548 0.0162906
38 8 12 0.000690499 -0.00395823 -0.00193541 0.00445984
38 9 12 -0.0134188 -0.00368735 -0.00216557 0.0140837
38 10 12 -0.0261689 -0.00335894 -0.00236955 0.0264898
38 11 12 -0.0372695 -0.00298988 -0.00252288 0.0374742
38 12 12 -0.0462954 -0.0026084 -0.0026629 0.0464453
38 13 12 -0.0530994 -0.00220007 -0.00276961 0.0532171
38 14 12 -0.0576584 -0.00178319 -0.00282658 0.0577552
38 15 12 -0.0598621 -0.00136246 -0.00286012 0.0599459
38 16 12 -0.059934 -0.000959104 -0.00284432 0.0600091
38 17 12 -0.0580942 -0.000578225 -0.00279995 0.0581645
38 18 12 -0.0545852 -0.000215629 -0.00273531 0.0546542
38 19 12 -0.049797 0.000115005 -0.00265017 0.0498676
38 20 12 -0.0440992 0.000425109 -0.00254777 0.0441747
38 21 12 -0.0378398 0.000694679 -0.00243113 0.0379242
38 22 12 -0.0313393 0.000934079 -0.00230716 0.031438
38 23 12 -0.0248902 0.00113787 -0.00216512 0.0250101
38 24 12 -0.018631 0.00130483 -0.00201469 0.0187849
38 25 12 -0.0127083 0.00145091 -0.00185835 0.0129251
38 26 12 -0.00715897 0.00153914 -0.00168308 0.0075135
38 27 12 -0.00200225 0.00161465 -0.00149269 0.00297393
38 28 12 0.00282727 0.00167434 -0.00131814 0.00354039
38 29 12 0.00737897 0.00168422 -0.00115672 0.00765662
38 30 12 0.0116402 0.00168064 -0.000965251 0.0118005
38 31 12 0.0157343 0.00165759 -0.000795166 0.0158413
38 32 12 0.0194994 0.00156049 -0.000637219 0.0195721
38 33 12 0.0219026 0.00119847 -0.000478115 0.0219405
38 34 12 0.020995 0.000303057 -0.00031454 0.0209996
38 35 12 0.0154769 -0.00114205 -0.000144677 0.0155196
38 36 12 0.00833182 -0.00249608 -1.22762e-05 0.00869769
38 37 12 0.00234132 -0.00292164 1.52476e-05 0.00374406
38 38 12 0.0013258 -0.00312355 -5.28697e-05 0.00339369
38 39 12 0 -0.0032376 0 0.0032376
38 1 13 0.0085451 0.000440233 -0.000159684 0.00855792
38 2 13 0.0150868 0.00228962 -0.000292561 0.0152623
38 3 13 0.0263353 0.00284479 -0.000462956 0.0264926
38 4 13 0.0384113 0.000916209 -0.000662689 0.038428
38 5 13 0.0401842 -0.00194864 -0.000932295 0.0402422
38 6 13 0.0292213 -0.00381572 -0.00122114 0.0294947
38 7 13 0.0128267 -0.0043498 -0.00147227 0.013624
38 8 13 -0.00378245 -0.00419391 -0.00169616 0.00589684
38 9 13 -0.0193608 -0.00389711 -0.00190243 0.0198406
38 10 13 -0.0334071 -0.00354119 -0.00208471 0.0336589
38 11 13 -0.0455789 -0.00314483 -0.00222516 0.0457414
38 12 13 -0.0554329 -0.00273099 -0.00235057 0.0555498
38 13 13 -0.0628431 -0.00229081 -0.00244214 0.0629322
38 14 13 -0.067769 -0.0018464 -0.00249102 0.0678399
38 15 13 -0.0701101 -0.00140143 -0.00251677 0.0701693
38 16 13 -0.0701113 -0.000979248 -0.00249831 0.0701626
38 17 13 -0.0680015 -0.000577342 -0.00246187 0.0680485
38 18 13 -0.0640697 -0.000190873 -0.002405 0.0641151
38 19 13 -0.0587444 0.000160437 -0.00232635 0.0587906
38 20 13 -0.05243 0.000489842 -0.0022365 0.05248
38 21 13 -0.045514 0.000776916 -0.00212768 0.0455704
38 22 13 -0.0383444 0.00103252 -0.00201463 0.0384112
38 23 13 -0.0312413 0.00124934 -0.0018902 0.0313234
38 24 13 -0.0243675 0.00142644 -0.00175265 0.0244721
38 25 13 -0.0178759 0.00158353 -0.0016155 0.0180185
38 26 13 -0.0118027 0.00167576 -0.00146487 0.0120108
38 27 13 -0.00618083 0.00174839 -0.00129324 0.00655225
38 28 13 -0.000944654 0.00180799 -0.0011343 0.00233406
38 29 13 0.00397486 0.00181671 -0.000991911 0.0044815
38 30 13 0.00856691 0.00180626 -0.000823843 0.00879393
38 31 13 0.0129497 0.00177957 -0.000668732 0.0130885
38 32 13 0.0169897 0.0016839 -0.000523761 0.017081
38 33 13 0.0197377 0.00132895 -0.000381085 0.019786
38 34 13 0.0193765 0.000448153 -0.000237999 0.0193831
38 35 13 0.0144759 -0.000979494 -9.17169e-05 0.0145093
38 36 13 0.00741107 -0.00232711 1.75331e-05 0.00776786
38 37 13 0.00183165 -0.00284035 2.9482e-05 0.00337985
38 38 13 0.00128029 -0.00313142 -4.41289e-05 0.00338333
38 39 13 0 -0.00316391 0 0.00316391
38 1 14 0.0086348 0.000293282 -0.000106558 0.00864043
38 2 14 0.0151795 0.00215351 -0.00022955 0.0153332
38 3 14 0.0268712 0.00267546 -0.000373573 0.0270067
38 4 14 0.0393178 0.000730953 -0.000537137 0.0393283
38 5 14 0.0406439 -0.00217075 -0.000766742 0.040709
38 6 14 0.0284557 -0.00405441 -0.00101647 0.0287611
38 7 14 0.0105898 -0.00457699 -0.00123406 0.0116024
38 8 14 -0.00743005 -0.00439969 -0.00142949 0.0087525
38 9 14 -0.0242921 -0.00407896 -0.00161021 0.0246847
38 10 14 -0.0394662 -0.00369921 -0.00177085 0.0396787
38 11 14 -0.0525688 -0.0032779 -0.00189427 0.052705
38 12 14 -0.0631566 -0.00283547 -0.0020019 0.0632519
38 13 14 -0.0711067 -0.00237122 -0.00208187 0.0711767
38 14 14 -0.0763457 -0.00190763 -0.00212608 0.0763991
38 15 14 -0.0787908 -0.00144162 -0.00214689 0.0788332
38 16 14 -0.0787152 -0.000996928 -0.00212968 0.0787503
38 17 14 -0.0763601 -0.00056992 -0.00210021 0.0763911
38 18 14 -0.072057 -0.000159697 -0.00204738 0.0720862
38 19 14 -0.0662621 0.000210833 -0.00197297 0.0662918
38 20 14 -0.0594061 0.000558188 -0.0018945 0.059439
38 21 14 -0.0519122 0.000861177 -0.00179388 0.0519503
38 22 14 -0.0441515 0.00113243 -0.00169032 0.0441984
38 23 14 -0.0364659 0.00136273 -0.00158322 0.0365257
38 24 14 -0.0290447 0.00154898 -0.00145988 0.0291226
38 25 14 -0.0220485 0.00171586 -0.00133846 0.0221556
38 26 14 -0.0155068 0.00181454 -0.00121014 0.0156594
38 27 14 -0.00946521 0.00188782 -0.00106137 0.00970982
38 28 14 -0.00386557 0.00194847 -0.000921772 0.00442592
38 29 14 0.00137715 0.00195685 -0.00079869 0.00252263
38 30 14 0.0062577 0.00193929 -0.000656558 0.00658413
38 31 14 0.0108904 0.00190321 -0.000523973 0.0110678
38 32 14 0.0151619 0.00179852 -0.000398783 0.0152734
38 33 14 0.0181874 0.00143972 -0.000275743 0.0182464
38 34 14 0.0182544 0.000564083 -0.000155608 0.0182638
38 35 14 0.0138133 -0.000853353 -3.66117e-05 0.0138397
38 36 14 0.00668846 -0.00219211 4.8296e-05 0.00703869
38 37 14 0.0013992 -0.00277575 4.686e-05 0.00310881
38 38 14 0.00124365 -0.0031465 -3.16599e-05 0.00338351
38 39 14 0 -0.00309823 0 0.00309823
38 1 15 0.00869232 0.000159618 -5.19617e-05 0.00869395
38 2 15 0.0152952 0.00203497 -0.000160328 0.0154308
38 3 15 0.0274466 0.00254346 -0.000273285 0.0275655
38 4 15 0.0403056 0.000587827 -0.000395946 0.0403118
38 5 15 0.0413276 -0.00235139 -0.000580937 0.0413985
38 6 15 0.0281388 -0.0042535 -0.000789336 0.0284694
38 7 15 0.00904018 -0.00476684 -0.000972343 0.0102661
38 8 15 -0.0101697 -0.00457116 -0.00113752 0.0112077
38 9 15 -0.028116 -0.00423086 -0.00129208 0.0284619
38 10 15 -0.0442393 -0.00383102 -0.00143049 0.0444279
38 11 15 -0.0581304 -0.0033877 -0.001535 0.0582493
38 12 15 -0.0693471 -0.00292257 -0.00162614 0.0694277
38 13 15 -0.0777494 -0.0024413 -0.00169619 0.0778062
38 14 15 -0.0832422 -0.00196006 -0.00173319 0.0832833
38 15 15 -0.0857799 -0.0014693 -0.00174817 0.0858103
38 16 15 -0.0856539 -0.000999729 -0.00173311 0.0856773
38 17 15 -0.0831039 -0.000551649 -0.00170883 0.0831233
38 18 15 -0.0784942 -0.000125075 -0.00166115 0.0785119
38 19 15 -0.0723029 0.000259084 -0.00159525 0.0723209
38 20 15 -0.0649831 0.000619634 -0.00153188 0.0650041
38 21 15 -0.0569912 0.000932695 -0.00144503 0.0570172
38 22 15 -0.0487211 0.00121425 -0.00135285 0.048755
38 23 15 -0.0405287 0.0014552 -0.0012626 0.0405745
38 24 15 -0.0326289 0.00164847 -0.00115652 0.032691
38 25 15 -0.0251982 0.00182146 -0.00105004 0.0252857
38 26 15 -0.0182566 0.00192414 -0.000938916 0.0183817
38 27 15 -0.011853 0.00199827 -0.000811015 0.0120476
38 28 15 -0.00593746 0.00206102 -0.000690864 0.00632285
38 29 15 -0.000415236 0.00207239 -0.000584365 0.00219288
38 30 15 0.00471273 0.00205484 -0.000463643 0.00516208
38 31 15 0.00955884 0.00201629 -0.000352451 0.00977553
38 32 15 0.0140271 0.00190442 -0.000249279 0.014158
38 33 15 0.0172758 0.00153591 -0.000149515 0.0173445
38 34 15 0.0176599 0.000652116 -5.7849e-05 0.0176721
38 35 15 0.0135149 -0.000772294 2.51876e-05 0.013537
38 36 15 0.00618716 -0.00210791 8.03105e-05 0.00653687
38 37 15 0.00104349 -0.00273805 6.73766e-05 0.00293093
38 38 15 0.00121064 -0.00316959 -1.47667e-05 0.00339296
38 39 15 0 -0.00304224 0 0.00304224
38 1 16 0.00871721 4.29328e-05 1.74705e-06 0.00871731
38 2 16 0.0154413 0.00193612 -8.6604e-05 0.0155624
38 3 16 0.028077 0.00245177 -0.00016344 0.0281843
38 4 16 0.0413988 0.000492033 -0.000241151 0.0414025
38 5 16 0.0422712 -0.0024832 -0.000378167 0.0423458
38 6 16 0.0283192 -0.00440609 -0.000543979 0.028665
38 7 16 0.00823946 -0.00491498 -0.000692134 0.00961898
38 8 16 -0.0119249 -0.00470637 -0.000826418 0.0128466
38 9 16 -0.030742 -0.0043518 -0.000954089 0.0310631
38 10 16 -0.0476295 -0.00393627 -0.00106865 0.0478038
38 11 16 -0.0621632 -0.00347577 -0.00115309 0.0622709
38 12 16 -0.0738956 -0.00299414 -0.00122773 0.0739664
38 13 16 -0.0826651 -0.0024987 -0.00128607 0.0827129
38 14 16 -0.0883748 -0.00199743 -0.00131554 0.0884072
38 15 16 -0.0910101 -0.00148158 -0.0013298 0.0910318
38 16 16 -0.0908553 -0.000993572 -0.00132054 0.0908704
38 17 16 -0.0881468 -0.000533285 -0.00130106 0.0881581
38 18 16 -0.0832848 -9.51789e-05 -0.00126146 0.0832945
38 19 16 -0.0767685 0.000302229 -0.00120692 0.0767786
38 20 16 -0.0690682 0.000676051 -0.00115772 0.0690812
38 21 16 -0.0606661 0.000997506 -0.00108786 0.0606841
38 22 16 -0.0519773 0.00128592 -0.0010093 0.052003
38 23 16 -0.0433653 0.00153514 -0.000933278 0.0434025
38 24 16 -0.0350587 0.00173576 -0.000846096 0.0351119
38 25 16 -0.0272542 0.00191504 -0.000758469 0.0273319
38 26 16 -0.0199713 0.00202067 -0.00066496 0.0200843
38 27 16 -0.0132602 0.0020943 -0.000557011 0.0134361
38 28 16 -0.00707648 0.00215662 -0.000456314 0.00741187
38 29 16 -0.00131923 0.00216784 -0.000365859 0.00256394
38 30 16 0.00401391 0.00214952 -0.000263495 0.00456084
38 31 16 0.00903603 0.00211079 -0.000170054 0.00928085
38 32 16 0.0136667 0.00199449 -8.61413e-05 0.0138117
38 33 16 0.0170843 0.00161445 -8.27594e-06 0.0171604
38 34 16 0.017667 0.000712919 5.40091e-05 0.0176814
38 35 16 0.013639 -0.000735109 9.45299e-05 0.0136591
38 36 16 0.00596413 -0.00207742 0.000110873 0.00631655
38 37 16 0.000794605 -0.00273011 8.48265e-05 0.00284466
38 38 16 0.00119202 -0.00319954 2.51028e-06 0.00341438
38 39 16 0 -0.00299608 0 0.00299608
38 1 17 0.00870964 -5.22091e-05 5.30046e-05 0.00870996
38 2 17 0.0156253 0.00186039 -1.05707e-05 0.0157357
38 3 17 0.0287739 0.00240183 -4.66669e-05 0.028874
38 4 17 0.0426121 0.000443082 -7.64633e-05 0.0426145
38 5 17 0.0434969 -0.00256891 -0.00016283 0.043573
38 6 17 0.02903 -0.00451768 -0.000284193 0.0293808
38 7 17 0.00823282 -0.00502871 -0.000396496 0.00965528
38 8 17 -0.0126398 -0.00481256 -0.000498886 0.0135342
38 9 17 -0.0321069 -0.00444778 -0.00059809 0.0324191
38 10 17 -0.0495714 -0.00401989 -0.00068721 0.0497389
38 11 17 -0.0645978 -0.00354586 -0.000751841 0.0646994
38 12 17 -0.0767276 -0.00305071 -0.000810775 0.0767925
38 13 17 -0.0857828 -0.00254083 -0.000858419 0.0858248
38 14 17 -0.0916723 -0.00201964 -0.000884572 0.0916988
38 15 17 -0.094394 -0.00148523 -0.000901335 0.09441
38 16 17 -0.0942201 -0.000987835 -0.000894783 0.0942295
38 17 17 -0.0913994 -0.000519033 -0.000876298 0.0914051
38 18 17 -0.0863618 -6.81298e-05 -0.000846657 0.086366
38 19 17 -0.0796135 0.000343169 -0.000804492 0.0796183
38 20 17 -0.0716347 0.000729551 -0.000765279 0.0716425
38 21 17 -0.062922 0.0010593 -0.000713335 0.062935
38 22 17 -0.0539117 0.00135239 -0.000652794 0.0539326
38 23 17 -0.0449807 0.00160501 -0.000589441 0.0450132
38 24 17 -0.0363622 0.00180975 -0.000517908 0.0364109
38 25 17 -0.0282633 0.00199463 -0.00044896 0.0283371
38 26 17 -0.0207058 0.00210367 -0.000374849 0.0208158
38 27 17 -0.0137417 0.00217789 -0.00028895 0.0139163
38 28 17 -0.00733122 0.00224036 -0.00021024 0.00766878
38 29 17 -0.00136937 0.00225054 -0.000139472 0.0026381
38 30 17 0.00414627 0.00223013 -5.83971e-05 0.00470834
38 31 17 0.00932738 0.00219114 1.62631e-05 0.0095813
38 32 17 0.014103 0.00207179 8.1642e-05 0.0142546
38 33 17 0.0176451 0.00167857 0.000138415 0.0177253
38 34 17 0.0183054 0.000750074 0.000171828 0.0183215
38 35 17 0.0142012 -0.000738458 0.000167932 0.0142213
38 36 17 0.00603991 -0.0021005 0.000139123 0.00639625
38 37 17 0.000659564 -0.00275451 9.70627e-05 0.00283404
38 38 17 0.0011878 -0.00323769 1.84201e-05 0.00344875
38 39 17 0 -0.0029615 0 0.0029615
38 1 18 0.00867001 -0.000121189 0.000102049 0.00867146
38 2 18 0.0158532 0.00181409 6.73738e-05 0.0159568
38 3 18 0.029544 0.00240064 7.53541e-05 0.0296415
38 4 18 0.0439519 0.0004477 9.44553e-05 0.0439543
38 5 18 0.0450161 -0.00260357 6.04413e-05 0.0450913
38 6 18 0.030291 -0.00458522 -1.41882e-05 0.0306361
38 7 18 0.00904884 -0.00510523 -8.95951e-05 0.01039
38 8 18 -0.0122785 -0.0048857 -0.000159731 0.0132158
38 9 18 -0.0321699 -0.00451361 -0.000229566 0.0324858
38 10 18 -0.0500197 -0.00407617 -0.000293116 0.0501864
38 11 18 -0.0653832 -0.00359196 -0.000339612 0.0654827
38 12 18 -0.0777902 -0.00308643 -0.000383743 0.0778524
38 13 18 -0.0870521 -0.00256474 -0.000421166 0.0870909
38 14 18 -0.0930827 -0.00202933 -0.000444097 0.0931059
38 15 18 -0.0958818 -0.0014847 -0.000459579 0.0958944
38 16 18 -0.0957165 -0.00098195 -0.00045314 0.0957226
38 17 18 -0.0928493 -0.00050337 -0.000439522 0.0928517
38 18 18 -0.0877143 -4.02807e-05 -0.000426297 0.0877154
38 19 18 -0.0808162 0.000378583 -0.000400107 0.0808181
38 20 18 -0.072653 0.000771359 -0.000368664 0.072658
38 21 18 -0.0637284 0.0011094 -0.000332589 0.063739
38 22 18 -0.0544879 0.0014092 -0.00029364 0.0545069
38 23 18 -0.0453255 0.00166407 -0.00024759 0.0453568
38 24 18 -0.0364817 0.00186983 -0.000192605 0.03653
38 25 18 -0.0281683 0.00205773 -0.000140309 0.0282437
38 26 18 -0.0204076 0.00216909 -8.40473e-05 0.0205227
38 27 18 -0.0132518 0.0022442 -1.90338e-05 0.0134405
38 28 18 -0.00666336 0.00230784 3.99667e-05 0.00705182
38 29 18 -0.000534962 0.00231814 9.28664e-05 0.00238087
38 30 18 0.00513412 0.00229642 0.000153271 0.00562638
38 31 18 0.0104525 0.00225744 0.000209555 0.0106955
38 32 18 0.0153521 0.00213544 0.000257514 0.0155021
38 33 18 0.0189721 0.0017259 0.000293246 0.0190527
38 34 18 0.0195848 0.000759049 0.00029704 0.0196018
38 35 18 0.0151993 -0.00078814 0.000248786 0.0152218
38 36 18 0.00641781 -0.0021827 0.000171666 0.00678099
38 37 18 0.000635289 -0.00281522 0.000109189 0.00288807
38 38 18 0.00119488 -0.0032848 3.46247e-05 0.00349554
38 39 18 0 -0.00293837 0 0.00293837
38 1 19 0.00859943 -0.00016209 0.000148716 0.00860224
38 2 19 0.0161286 0.00179977 0.000146245 0.0162294
38 3 19 0.0303885 0.00245145 0.000200297 0.0304879
38 4 19 0.0454172 0.000509686 0.000267875 0.0454209
38 5 19 0.0468288 -0.00258394 0.000287173 0.046901
38 6 19 0.0321055 -0.00460636 0.000261396 0.0324354
38 7 19 0.010696 -0.00514244 0.000223427 0.0118701
38 8 19 -0.0108284 -0.00492381 0.000185197 0.0118968
38 9 19 -0.0309159 -0.00454861 0.000145147 0.0312491
38 10 19 -0.048956 -0.00410657 0.000106864 0.049128
38 11 19 -0.0644972 -0.00361749 7.7085e-05 0.0645986
38 12 19 -0.0770602 -0.00310681 4.7819e-05 0.0771229
38 13 19 -0.0864499 -0.00257874 2.1489e-05 0.0864883
38 14 19 -0.0925808 -0.00203554 3.48565e-06 0.0926032
38 15 19 -0.09545 -0.00148464 -9.17606e-06 0.0954616
38 16 19 -0.0953217 -0.000975519 -7.99118e-06 0.0953266
38 17 19 -0.0924615 -0.000486233 -4.66197e-06 0.0924628
38 18 19 -0.0872953 -1.36854e-05 -4.52841e-06 0.0872953
38 19 19 -0.0803317 0.000408038 8.29676e-06 0.0803327
38 20 19 -0.0720926 0.000803277 3.13612e-05 0.072097
38 21 19 -0.0630813 0.00114854 5.58376e-05 0.0630918
38 22 19 -0.0537335 0.00145606 7.8209e-05 0.0537533
38 23 19 -0.0444477 0.00171408 0.000105285 0.0444809
38 24 19 -0.0354706 0.00192017 0.000139044 0.0355228
38 25 19 -0.02702 0.00210882 0.000172111 0.0271027
38 26 19 -0.0191209 0.00222047 0.000208204 0.0192505
38 27 19 -0.0118272 0.00229516 0.000249558 0.0120504
38 28 19 -0.00510292 0.00235878 0.00028773 0.00562907
38 29 19 0.00116063 0.0023686 0.000322389 0.00265731
38 30 19 0.006963 0.00234548 0.000360712 0.00735627
38 31 19 0.0124103 0.00230579 0.000396624 0.0126289
38 32 19 0.0174288 0.00218046 0.000426443 0.0175698
38 33 19 0.0210948 0.00175141 0.00044066 0.0211719
38 34 19 0.021545 0.000735181 0.000414413 0.0215615
38 35 19 0.0166704 -0.000887677 0.00032446 0.0166972
38 36 19 0.00713487 -0.00232478 0.000201308 0.00750677
38 37 19 0.000745677 -0.00291038 0.000117656 0.00300669
38 38 19 0.00122455 -0.00333749 4.88302e-05 0.00355538
38 39 19 0 -0.00292424 0 0.00292424
38 1 20 0.00849951 -0.000173815 0.000192631 0.00850347
38 2 20 0.0164515 0.00181776 0.000224115 0.0165531
38 3 20 0.0313025 0.00255303 0.000324826 0.0314081
38 4 20 0.0469987 0.000626459 0.000439989 0.047005
38 5 20 0.048924 -0.00251378 0.000512947 0.0489913
38 6 20 0.0344625 -0.0045855 0.000537389 0.0347704
38 7 20 0.0131653 -0.00514436 0.000537111 0.0141449
38 8 20 -0.0082965 -0.00493 0.000530391 0.00966531
38 9 20 -0.0283508 -0.00455523 0.000520471 0.0287191
38 10 20 -0.0463842 -0.00411274 0.000507525 0.0465689
38 11 20 -0.0619419 -0.00362254 0.000493985 0.0620497
38 12 20 -0.0745401 -0.00311004 0.000480049 0.0746065
38 13 20 -0.083979 -0.00257944 0.000465494 0.0840199
38 14 20 -0.0901686 -0.00203315 0.000452877 0.0901926
38 15 20 -0.0931009 -0.00147877 0.000441674 0.0931136
38 16 20 -0.0930354 -0.000965855 0.0004327 0.0930414
38 17 20 -0.0902337 -0.000472631 0.000426783 0.090236
38 18 20 -0.0851178 3.85362e-06 0.000423622 0.0851189
38 19 20 -0.0781934 0.000429411 0.000423922 0.0781958
38 20 20 -0.06998 0.000828203 0.000427094 0.0699862
38 21 20 -0.0609796 0.00117664 0.000433627 0.0609925
38 22 20 -0.0516267 0.00148689 0.000442759 0.05165
38 23 20 -0.04232 0.00174715 0.000454437 0.0423585
38 24 20 -0.0333063 0.00195493 0.000468146 0.0333669
38 25 20 -0.0248043 0.00214472 0.000483315 0.0249016
38 26 20 -0.0168401 0.00225702 0.000499748 0.016998
38 27 20 -0.00946849 0.00233191 0.000516608 0.0097651
38 28 20 -0.00265491 0.00239537 0.000533678 0.0036154
38 29 20 0.00370809 0.00240474 0.000550655 0.00445375
38 30 20 0.00961874 0.00238094 0.00056724 0.00992526
38 31 20 0.0151817 0.00234046 0.000582824 0.0153721
38 32 20 0.0203078 0.00221141 0.000595133 0.0204365
38 33 20 0.0239816 0.00175988 0.000588024 0.0240532
38 34 20 0.024151 0.000682863 0.000530738 0.0241665
38 35 20 0.0185797 -0.00103364 0.000399484 0.0186127
38 36 20 0.00816594 -0.00252394 0.000231149 0.00855023
38 37 20 0.00097494 -0.00303817 0.000125108 0.00319322
38 38 20 0.00126832 -0.00339471 6.22406e-05 0.00362444
38 39 20 0 -0.00291932 0 0.00291932
38 1 21 0.00837208 -0.000155783 0.000234216 0.00837681
38 2 21 0.0168183 0.00186818 0.000299708 0.0169244
38 3 21 0.032275 0.00270439 0.000446241 0.0323912
38 4 21 0.0486791 0.000796733 0.000607836 0.0486894
38 5 21 0.0512794 -0.00239387 0.00073353 0.0513405
38 6 21 0.0373368 -0.00452279 0.000807865 0.0376184
38 7 21 0.0164299 -0.00511085 0.00084527 0.0172273
38 8 21 -0.00471053 -0.00490397 0.000869936 0.00685527
38 9 21 -0.0245029 -0.00453306 0.000890179 0.0249346
38 10 21 -0.0423332 -0.00409425 0.000902723 0.0425403
38 11 21 -0.0577461 -0.00360664 0.000905489 0.0578657
38 12 21 -0.0702586 -0.00309568 0.000907008 0.0703326
38 13 21 -0.0796679 -0.00256646 0.00090445 0.0797144
38 14 21 -0.085874 -0.00202185 0.000897474 0.0859025
38 15 21 -0.0888618 -0.00146693 0.000887912 0.0888783
38 16 21 -0.0888841 -0.000952967 0.000868898 0.0888935
38 17 21 -0.0861911 -0.000462763 0.000853823 0.0861966
38 18 21 -0.0812054 1.19561e-05 0.000847367 0.0812098
38 19 21 -0.074423 0.000442146 0.000835103 0.074429
38 20 21 -0.0663352 0.000845438 0.000818307 0.0663457
38 21 21 -0.0574413 0.00119292 0.000806747 0.0574593
38 22 21 -0.0481841 0.00150083 0.000802461 0.0482142
38 23 21 -0.0389579 0.00176237 0.000798528 0.0390059
38 24 21 -0.0300037 0.0019732 0.000791923 0.0300789
38 25 21 -0.0215357 0.00216456 0.000788878 0.0216586
38 26 21 -0.0135795 0.00227793 0.000785283 0.0137916
38 27 21 -0.00619035 0.00235369 0.000777247 0.00666817
38 28 21 0.000665235 0.00241683 0.000772809 0.00262314
38 29 21 0.00709065 0.00242581 0.000771695 0.00753375
38 30 21 0.0130828 0.00240208 0.000766094 0.0133235
38 31 21 0.0187458 0.00236075 0.000760881 0.0189092
38 32 21 0.0239658 0.00222761 0.000755267 0.024081
38 33 21 0.0276069 0.00175089 0.000726671 0.0276719
38 34 21 0.0273781 0.000602469 0.000638812 0.0273922
38 35 21 0.0209075 -0.00122428 0.000467864 0.0209485
38 36 21 0.00949902 -0.00277735 0.000256791 0.00990006
38 37 21 0.00132199 -0.00319625 0.00013013 0.00346131
38 38 21 0.00132532 -0.00345421 7.47209e-05 0.00370049
38 39 21 0 -0.00292208 0 0.00292208
38 1 22 0.00821935 -0.000107914 0.000273879 0.00822462
38 2 22 0.0172224 0.00195091 0.000371718 0.0173365
38 3 22 0.0332907 0.00290468 0.000561701 0.0334219
38 4 22 0.0504344 0.00102038 0.000768258 0.0504506
38 5 22 0.053863 -0.00222222 0.000944542 0.053917
38 6 22 0.04069 -0.00441472 0.0010668 0.0409426
38 7 22 0.0204456 -0.00503837 0.00114174 0.0210882
38 8 22 -0.000119702 -0.00484306 0.00119816 0.00499051
38 9 22 -0.0194248 -0.00448022 0.00124844 0.0199738
38 10 22 -0.0368583 -0.00405008 0.00128677 0.0371025
38 11 22 -0.0519672 -0.00357033 0.00130645 0.052106
38 12 22 -0.0642718 -0.00306608 0.00132307 0.0643585
38 13 22 -0.0735707 -0.00254371 0.001332 0.0736267
38 14 22 -0.0797494 -0.00200728 0.00133045 0.0797857
38 15 22 -0.0827812 -0.00145578 0.0013241 0.0828046
38 16 22 -0.0829154 -0.000939798 0.00130016 0.0829309
38 17 22 -0.0803798 -0.000451744 0.00127515 0.0803912
38 18 22 -0.0755859 1.84265e-05 0.00125582 0.0755963
38 19 22 -0.0690255 0.000448447 0.00123037 0.0690379
38 20 22 -0.0611676 0.000852194 0.00120529 0.0611855
38 21 22 -0.0525021 0.00119755 0.00118199 0.052529
38 22 22 -0.0434612 0.001504 0.00116086 0.0435027
38 23 22 -0.0344216 0.00176755 0.00113752 0.0344857
38 24 22 -0.0256183 0.00198056 0.00110909 0.0257187
38 25 22 -0.0172622 0.00217106 0.00108606 0.0174321
38 26 22 -0.00938069 0.00228332 0.00106135 0.00971274
38 27 22 -0.00203086 0.00235847 0.00102856 0.00327791
38 28 22 0.00482055 0.00241995 0.00100208 0.00548617
38 29 22 0.0112719 0.00242777 0.000981398 0.0115721
38 30 22 0.0173195 0.00240389 0.000952227 0.0175114
38 31 22 0.0230676 0.00236082 0.000925063 0.0232065
38 32 22 0.0283694 0.00222289 0.000899875 0.0284706
38 33 22 0.0319417 0.00171852 0.000849033 0.0319991
38 34 22 0.0312041 0.000490022 0.000732277 0.0312166
38 35 22 0.0236441 -0.00145983 0.000524228 0.0236949
38 36 22 0.0111321 -0.00308231 0.000274233 0.0115542
38 37 22 0.00179843 -0.0033818 0.000131503 0.00383251
38 38 22 0.00140153 -0.00351261 8.61885e-05 0.00378288
38 39 22 0 -0.00292934 0 0.00292934
38 1 23 0.00804377 -3.09635e-05 0.000311433 0.00804986
38 2 23 0.0176541 0.00206377 0.000438576 0.0177797
38 3 23 0.0343286 0.00314869 0.000668122 0.0344792
38 4 23 0.052233 0.00129128 0.000917658 0.0522571
38 5 23 0.0566319 -0.0020033 0.00114188 0.0566788
38 6 23 0.0444704 -0.00426369 0.00130927 0.0446935
38 7 23 0.0251526 -0.00492855 0.00142118 0.0256703
38 8 23 0.00541021 -0.0047487 0.0015097 0.00735525
38 9 23 -0.013186 -0.00439684 0.00158968 0.0139904
38 10 23 -0.0300333 -0.00397824 0.00165436 0.0303408
38 11 23 -0.0446828 -0.0035096 0.00169264 0.0448524
38 12 23 -0.0566578 -0.00301511 0.00172453 0.0567642
38 13 23 -0.0657643 -0.00250233 0.00174435 0.065835
38 14 23 -0.0718726 -0.00197996 0.00174686 0.0719211
38 15 23 -0.074934 -0.00144035 0.00174254 0.0749681
38 16 23 -0.0752013 -0.000926533 0.00171912 0.0752267
38 17 23 -0.0728819 -0.000439592 0.0016898 0.0729028
38 18 23 -0.0683507 2.51595e-05 0.00165435 0.0683707
38 19 23 -0.0620872 0.000448372 0.00161311 0.0621098
38 20 23 -0.0545467 0.000846071 0.00158021 0.0545761
38 21 23 -0.0462021 0.00118899 0.00154068 0.0462431
38 22 23 -0.0374637 0.00149569 0.00149737 0.0375234
38 23 23 -0.0286947 0.00175973 0.00145588 0.0287855
38 24 23 -0.0201271 0.00197154 0.0014098 0.0202725
38 25 23 -0.0119628 0.00215834 0.00136877 0.0122328
38 26 23 -0.00422916 0.00226816 0.00132464 0.00497845
38 27 23 0.00301612 0.00234284 0.00126922 0.00402452
38 28 23 0.00980836 0.00240353 0.00122107 0.0101721
38 29 23 0.0162397 0.00241122 0.00118037 0.0164602
38 30 23 0.022304 0.00238786 0.00112822 0.0224598
38 31 23 0.0281043 0.00234316 0.00108027 0.0282225
38 32 23 0.0334551 0.00220081 0.00103545 0.0335434
38 33 23 0.0369041 0.00166681 0.000962385 0.0369543
38 34 23 0.0355395 0.000350665 0.00081792 0.0355506
38 35 23 0.0267134 -0.00173369 0.000573178 0.0267757
38 36 23 0.0130046 -0.00343273 0.000286655 0.0134531
38 37 23 0.002377 -0.00359222 0.000131939 0.00430947
38 38 23 0.00148346 -0.00356905 9.78373e-05 0.00386631
38 39 23 0 -0.00294075 0 0.00294075
38 1 24 0.00784805 7.16081e-05 0.000347022 0.00785604
38 2 24 0.0181012 0.00220099 0.000499876 0.0182413
38 3 24 0.0353626 0.00342734 0.00076366 0.0355365
38 4 24 0.0540361 0.00159994 0.00105277 0.05407
38 5 24 0.0595331 -0.00174403 0.00132182 0.0595733
38 6 24 0.048612 -0.0040737 0.00153149 0.0488064
38 7 24 0.0304733 -0.00478457 0.00167925 0.0308923
38 8 24 0.0117924 -0.00462509 0.00179956 0.0127941
38 9 24 -0.00587937 -0.0042882 0.0019083 0.00752312
38 10 24 -0.0219558 -0.00388446 0.00199926 0.0223862
38 11 24 -0.0359963 -0.00343055 0.00205807 0.0362179
38 12 24 -0.0475213 -0.00294885 0.00210641 0.0476593
38 13 24 -0.0563498 -0.00244551 0.0021378 0.0564433
38 14 24 -0.0623448 -0.00193755 0.00214465 0.0624118
38 15 24 -0.0654175 -0.00141668 0.00213885 0.0654678
38 16 24 -0.065819 -0.000914388 0.00211367 0.0658593
38 17 24 -0.0637527 -0.000432619 0.00208409 0.0637882
38 18 24 -0.0595509 2.76133e-05 0.0020391 0.0595858
38 19 24 -0.0536676 0.000444281 0.00198572 0.0537061
38 20 24 -0.0465371 0.000834858 0.00194275 0.0465852
38 21 24 -0.0386053 0.00117489 0.00188487 0.0386691
38 22 24 -0.0302603 0.00147934 0.00182284 0.0303512
38 23 24 -0.0218584 0.00173875 0.00176755 0.0219986
38 24 24 -0.0136193 0.00194587 0.00170435 0.0138627
38 25 24 -0.00572658 0.00212801 0.0016428 0.00632621
38 26 24 0.00178955 0.00223556 0.00157708 0.00326916
38 27 24 0.00887021 0.0023106 0.00149723 0.00928769
38 28 24 0.0155542 0.00237083 0.00142436 0.0157982
38 29 24 0.021925 0.00237723 0.00136102 0.0220955
38 30 24 0.0279708 0.00235281 0.00128451 0.0280989
38 31 24 0.0337916 0.00230616 0.00121456 0.033892
38 32 24 0.0391583 0.00216086 0.00114816 0.0392347
38 33 24 0.0424298 0.00159731 0.00105222 0.0424729
38 34 24 0.0403266 0.00018955 0.000881359 0.0403367
38 35 24 0.0300801 -0.00203694 0.000602691 0.030155
38 36 24 0.0150917 -0.00381797 0.000287224 0.0155698
38 37 24 0.00305702 -0.00381957 0.000128082 0.00489397
38 38 24 0.00157204 -0.00361903 0.000107401 0.00394718
38 39 24 0 -0.002954 0 0.002954
38 1 25 0.00763501 0.000196446 0.000381169 0.00764704
38 2 25 0.0185508 0.00235996 0.000555704 0.0187085
38 3 25 0.0363638 0.00373715 0.000847009 0.0365651
38 4 25 0.0557997 0.00194422 0.0011701 0.0558458
38 5 25 0.0625064 -0.0014433 0.00147993 0.0625406
38 6 25 0.053039 -0.0038398 0.00172953 0.0532059
38 7 25 0.0363179 -0.00459918 0.00191211 0.0366579
38 8 25 0.0189248 -0.00446506 0.00206344 0.0195536
38 9 25 0.00238493 -0.00414836 0.00219949 0.00526635
38 10 25 -0.0127392 -0.00376394 0.00231523 0.0134839
38 11 25 -0.0260255 -0.0033298 0.00239512 0.0263467
38 12 25 -0.036985 -0.00286724 0.00246101 0.0371775
38 13 25 -0.0454452 -0.00237627 0.00250516 0.0455762
38 14 25 -0.0512824 -0.00188048 0.00252052 0.0513787
38 15 25 -0.0543616 -0.00137825 0.00251642 0.0544372
38 16 25 -0.0549079 -0.000894185 0.00248652 0.0549714
38 17 25 -0.0531192 -0.000426673 0.00245296 0.0531775
38 18 25 -0.0492895 2.40116e-05 0.00240054 0.0493479
38 19 25 -0.0438464 0.00043351 0.00233618 0.0439107
38 20 25 -0.037199 0.00081676 0.00227894 0.0372777
38 21 25 -0.0297584 0.00115188 0.00220363 0.0298621
38 22 25 -0.0218904 0.00145027 0.0021271 0.0220412
38 23 25 -0.0139379 0.00170226 0.00205616 0.0141912
38 24 25 -0.00609684 0.00190461 0.00197228 0.00668497
38 25 25 0.00146258 0.00208183 0.00188965 0.00316922
38 26 25 0.00869859 0.00218556 0.0018037 0.00914853
38 27 25 0.0155532 0.00225906 0.00170108 0.0158082
38 28 25 0.022071 0.0023158 0.0016055 0.0222501
38 29 25 0.0283238 0.00231726 0.00152261 0.0284592
38 30 25 0.0342932 0.00229055 0.00142412 0.0343991
38 31 25 0.0400791 0.00224391 0.00133243 0.040164
38 32 25 0.0454085 0.00209853 0.00124283 0.045474
38 33 25 0.0484366 0.00150579 0.00112261 0.048473
38 34 25 0.045489 3.44925e-06 0.000925367 0.0454984
38 35 25 0.0336924 -0.00237018 0.000617262 0.0337813
38 36 25 0.017352 -0.00423354 0.000283309 0.0178632
38 37 25 0.00382644 -0.00405787 0.000125405 0.00557886
38 38 25 0.00166481 -0.00365807 0.000116623 0.00402078
38 39 25 0 -0.00296542 0 0.00296542
38 1 26 0.0074076 0.000341072 0.000412783 0.00742693
38 2 26 0.01899 0.0025393 0.000604655 0.0191686
38 3 26 0.0373 0.00407281 0.0009165 0.0375329
38 4 26 0.0574709 0.00231636 0.00126675 0.0575315
38 5 26 0.0654797 -0.00110964 0.00161261 0.0655089
38 6 26 0.0576631 -0.00356883 0.00190042 0.0578047
38 7 26 0.042584 -0.00437625 0.00211744 0.0428606
38 8 26 0.0266901 -0.00427009 0.00229935 0.0271272
38 9 26 0.0114757 -0.00397785 0.00246205 0.0123926
38 10 26 -0.00252042 -0.00361645 0.00260093 0.00511821
38 11 26 -0.0149104 -0.00320517 0.00270088 0.0154883
38 12 26 -0.0251971 -0.00276785 0.00278468 0.0255011
38 13 26 -0.0331964 -0.00229641 0.00284035 0.0333968
38 14 26 -0.0388094 -0.00181453 0.00286424 0.0389572
38 15 26 -0.0418746 -0.00132756 0.00286721 0.0419936
38 16 26 -0.0425812 -0.000859854 0.00283641 0.0426842
38 17 26 -0.0411085 -0.000411189 0.00279838 0.0412057
38 18 26 -0.0377027 2.19049e-05 0.00274134 0.0378023
38 19 26 -0.03276 0.000417935 0.00266867 0.0328712
38 20 26 -0.0266611 0.000788422 0.00259592 0.0267988
38 21 26 -0.0197809 0.00111209 0.00250613 0.0199701
38 22 26 -0.0124624 0.00139842 0.00241705 0.0127714
38 23 26 -0.00502864 0.00163961 0.00232749 0.00577865
38 24 26 0.00234869 0.00183455 0.0022243 0.00371879
38 25 26 0.00950473 0.00200277 0.00212426 0.00994301
38 26 26 0.0163883 0.00209987 0.00201818 0.0166451
38 27 26 0.0229518 0.0021718 0.00189154 0.0231318
38 28 26 0.0292451 0.00222596 0.00177289 0.0293832
38 29 26 0.0353221 0.0022257 0.00166949 0.0354315
38 30 26 0.0411567 0.00220374 0.00154545 0.0412446
38 31 26 0.0468512 0.00216396 0.00142755 0.0469229
38 32 26 0.0520872 0.0020204 0.00131116 0.0521429
38 33 26 0.054804 0.00139481 0.00116486 0.0548342
38 34 26 0.0509155 -0.000207928 0.000942872 0.0509247
38 35 26 0.0374631 -0.00273224 0.000614437 0.0375676
38 36 26 0.0197119 -0.00467248 0.000274783 0.0202599
38 37 26 0.00465032 -0.00430133 0.000122038 0.00633576
38 38 26 0.00174899 -0.00368473 0.00012378 0.00408063
38 39 26 0 -0.00297372 0 0.00297372
38 1 27 0.00716879 0.000500159 0.000440201 0.00719968
38 2 27 0.0194076 0.00273297 0.000645718 0.0196097
38 3 27 0.0381405 0.00442314 0.000971607 0.0384084
38 4 27 0.0589924 0.00270402 0.00134144 0.0590695
38 5 27 0.0683708 -0.000755645 0.00171735 0.0683965
38 6 27 0.0623856 -0.00327258 0.00204085 0.0625047
38 7 27 0.0491635 -0.00412474 0.0022914 0.0493894
38 8 27 0.0349707 -0.00404527 0.00250249 0.0352927
38 9 27 0.0212608 -0.00377936 0.00269152 0.0217612
38 10 27 0.00855811 -0.00344447 0.00285296 0.00965635
38 11 27 -0.0027948 -0.00305841 0.00297095 0.00509817
38 12 27 -0.0123113 -0.00265028 0.00307384 0.012963
38 13 27 -0.0197778 -0.00220649 0.00314278 0.0201472
38 14 27 -0.0251045 -0.00174717 0.00317272 0.0253644
38 15 27 -0.0281118 -0.00127893 0.00318194 0.0283202
38 16 27 -0.0289606 -0.000824268 0.00315126 0.0291432
38 17 27 -0.0278155 -0.000390775 0.003107 0.0279912
38 18 27 -0.0248715 2.41332e-05 0.00304664 0.0250574
38 19 27 -0.0204835 0.000404715 0.00297005 0.0207016
38 20 27 -0.0149959 0.000760609 0.00288564 0.0152899
38 21 27 -0.00874427 0.00107071 0.00278712 0.00923995
38 22 27 -0.00204527 0.00134395 0.00268748 0.00363482
38 23 27 0.00480341 0.00157429 0.00257887 0.00567466
38 24 27 0.0116519 0.00176029 0.00245941 0.0120381
38 25 27 0.0183389 0.00191781 0.00234104 0.018587
38 26 27 0.0248101 0.00201032 0.0022094 0.0249893
38 27 27 0.0310291 0.00208383 0.0020563 0.0311669
38 28 27 0.0370434 0.00213621 0.00191416 0.0371543
38 29 27 0.0428853 0.0021347 0.00178686 0.0429755
38 30 27 0.0485252 0.0021169 0.001632 0.0485988
38 31 27 0.0540685 0.00207778 0.00148592 0.0541288
38 32 27 0.0591454 0.00192528 0.00134427 0.0591919
38 33 27 0.06147 0.00125802 0.00117532 0.0614941
38 34 27 0.0565397 -0.000446243 0.000934808 0.0565492
38 35 27 0.0413389 -0.0031129 0.000596807 0.0414602
38 36 27 0.022132 -0.00511461 0.000259903 0.0227168
38 37 27 0.00552328 -0.00453731 0.000112106 0.00714887
38 38 27 0.00182785 -0.0036961 0.000124925 0.00412527
38 39 27 0 -0.00297683 0 0.00297683
38 1 28 0.00691949 0.000666693 0.000462935 0.00696693
38 2 28 0.0197924 0.0029353 0.00067894 0.0200204
38 3 28 0.0388588 0.00478119 0.00101193 0.0391649
38 4 28 0.0603087 0.00310466 0.00139274 0.0604046
38 5 28 0.0710901 -0.000381113 0.0017922 0.0711137
38 6 28 0.0670886 -0.00295305 0.00214902 0.067188
38 7 28 0.0559226 -0.00384984 0.00243292 0.0561077
38 8 28 0.0436279 -0.00379579 0.00267098 0.0438741
38 9 28 0.0315946 -0.00355496 0.00288501 0.0319246
38 10 28 0.0203402 -0.00324725 0.00306951 0.0208252
38 11 28 0.0101697 -0.00288645 0.00320169 0.0110456
38 12 28 0.00153634 -0.00250689 0.00332052 0.00443516
38 13 28 -0.00532835 -0.00209267 0.00340622 0.0066613
38 14 28 -0.0103325 -0.00166329 0.0034455 0.0110181
38 15 28 -0.013265 -0.00122508 0.0034638 0.0137644
38 16 28 -0.0142479 -0.000790924 0.00343712 0.0146779
38 17 28 -0.0134328 -0.00037516 0.00338554 0.013858
38 18 28 -0.0109691 1.80024e-05 0.00331809 0.01146
38 19 28 -0.00716583 0.000378147 0.00323512 0.00787134
38 20 28 -0.0023273 0.000716132 0.0031377 0.00397169
38 21 28 0.00324984 0.00101275 0.00303054 0.00455756
38 22 28 0.00927837 0.00127655 0.0029186 0.00981
38 23 28 0.0154905 0.00150025 0.00279038 0.0158111
38 24 28 0.0217565 0.00167878 0.00265567 0.0219822
38 25 28 0.02792 0.00182634 0.00251531 0.0280925
38 26 28 0.0339243 0.0019152 0.00235552 0.0340599
38 27 28 0.0397395 0.00198621 0.0021799 0.0398488
38 28 28 0.0454057 0.0020279 0.00201802 0.0454958
38 29 28 0.0509353 0.00201654 0.00186701 0.0510094
38 30 28 0.0563011 0.00199344 0.00168388 0.0563615
38 31 28 0.0616098 0.00194435 0.00151735 0.0616591
38 32 28 0.0664358 0.00177844 0.00135748 0.0664734
38 33 28 0.0682698 0.00107727 0.00116924 0.0682883
38 34 28 0.0622043 -0.000709698 0.000913107 0.0622151
38 35 28 0.0452031 -0.0034942 0.000570537 0.0453415
38 36 28 0.0245418 -0.00553811 0.000239545 0.02516
38 37 28 0.00642515 -0.00475761 9.59405e-05 0.00799541
38 38 28 0.00189886 -0.00369178 0.000121032 0.00415326
38 39 28 0 -0.00297234 0 0.00297234
38 1 29 0.00665796 0.000833919 0.000480048 0.00672713
38 2 29 0.0201291 0.00314135 0.00070309 0.0203848
38 3 29 0.0394286 0.00513894 0.0010356 0.0397756
38 4 29 0.0613715 0.00351512 0.00141766 0.0614884
38 5 29 0.0735593 1.89455e-05 0.00183331 0.0735822
38 6 29 0.0716618 -0.00260461 0.00222077 0.0717435
38 7 29 0.0627222 -0.00355327 0.00254008 0.0628741
38 8 29 0.0525061 -0.00353225 0.00280476 0.0526995
38 9 29 0.0423129 -0.00332083 0.003042 0.0425519
38 10 29 0.0326431 -0.00304356 0.00325297 0.0329457
38 11 29 0.0237816 -0.00270988 0.00340001 0.0241758
38 12 29 0.0161512 -0.00235824 0.00352857 0.0166995
38 13 29 0.00998636 -0.00197023 0.0036271 0.0108058
38 14 29 0.00536735 -0.00156853 0.00367428 0.00669097
38 15 29 0.0025334 -0.00116552 0.00370279 0.00463543
38 16 29 0.00141699 -0.000760233 0.00368773 0.00402308
38 17 29 0.00189013 -0.000366192 0.00363667 0.00411486
38 18 29 0.00384805 3.19254e-06 0.00356519 0.00524577
38 19 29 0.00703321 0.00033874 0.00347546 0.00785236
38 20 29 0.0111853 0.000652995 0.00336278 0.0116981
38 21 29 0.0160458 0.000930068 0.00324403 0.0163968
38 22 29 0.0213585 0.00117842 0.003117 0.0216169
38 23 29 0.0268876 0.00138802 0.00296994 0.0270867
38 24 29 0.0325202 0.00155086 0.00282124 0.0326792
38 25 29 0.0381054 0.00168341 0.0026579 0.038235
38 26 29 0.0435841 0.00176579 0.00247303 0.0436899
38 27 29 0.0489336 0.00182911 0.00228088 0.0490209
38 28 29 0.0541863 0.00185717 0.0021004 0.0542588
38 29 29 0.0593342 0.00183963 0.00192397 0.0593939
38 30 29 0.0643545 0.00181717 0.00171495 0.064403
38 31 29 0.0693481 0.00176689 0.00153073 0.0693875
38 32 29 0.0738319 0.00160329 0.0013483 0.0738616
38 33 29 0.0750834 0.000887376 0.00113287 0.0750972
38 34 29 0.067812 -0.000965703 0.000858074 0.0678243
38 35 29 0.0489967 -0.00385408 0.000516468 0.0491508
38 36 29 0.026905 -0.00593345 0.000202658 0.0275523
38 37 29 0.00733962 -0.00496374 7.28196e-05 0.00886082
38 38 29 0.00195513 -0.00367208 0.000114241 0.00416171
38 39 29 0 -0.0029564 0 0.0029564
38 1 30 0.00638173 0.000995795 0.00048996 0.00647751
38 2 30 0.0203946 0.00334533 0.000716738 0.0206795
38 3 30 0.0398085 0.00548141 0.0010424 0.0401976
38 4 30 0.0621162 0.00391957 0.0014164 0.0622559
38 5 30 0.0756972 0.000443001 0.00183948 0.0757208
38 6 30 0.076012 -0.00221326 0.00225092 0.0760775
38 7 30 0.0694509 -0.00321416 0.0026058 0.0695741
38 8 30 0.0614746 -0.00323553 0.00289783 0.0616279
38 9 30 0.0532799 -0.00306403 0.0031539 0.053461
38 10 30 0.0453266 -0.00282832 0.00339198 0.0455413
38 11 30 0.0378773 -0.00253237 0.00356057 0.0381285
38 12 30 0.0313358 -0.00221828 0.00370136 0.0316315
38 13 30 0.0259517 -0.00186171 0.00381235 0.0262962
38 14 30 0.0217914 -0.00148561 0.00386422 0.0221812
38 15 30 0.0191033 -0.0011167 0.00389561 0.0195285
38 16 30 0.0178765 -0.000744246 0.00388912 0.0183098
38 17 30 0.0180158 -0.000371991 0.00384197 0.0184247
38 18 30 0.0194568 -1.84715e-05 0.00377107 0.0198189
38 19 30 0.0219967 0.000303247 0.00367836 0.0223042
38 20 30 0.0254258 0.000601766 0.00355319 0.0256799
38 21 30 0.0295285 0.000860783 0.00342357 0.0297388
38 22 30 0.034086 0.00108828 0.00328199 0.0342609
38 23 30 0.0388952 0.00127471 0.00311796 0.0390408
38 24 30 0.0438541 0.00141532 0.00295456 0.0439763
38 25 30 0.0488154 0.00153297 0.002767 0.0489177
38 26 30 0.053717 0.00161103 0.00256016 0.0538021
38 27 30 0.0585447 0.00166636 0.00235439 0.0586157
38 28 30 0.0633193 0.0016835 0.00215336 0.0633783
38 29 30 0.0680113 0.00166592 0.00194933 0.0680596
38 30 30 0.072606 0.00164714 0.00171561 0.0726449
38 31 30 0.0771914 0.00159748 0.00151126 0.0772227
38 32 30 0.0812306 0.00143703 0.0012989 0.0812537
38 33 30 0.0818035 0.000700844 0.00105364 0.0818133
38 34 30 0.073264 -0.00122554 0.000766989 0.0732782
38 35 30 0.0526458 -0.00421203 0.000439722 0.0528159
38 36 30 0.0291617 -0.00631279 0.000158021 0.0298375
38 37 30 0.00822915 -0.00515636 5.04191e-05 0.00971131
38 38 30 0.00198175 -0.00363083 0.000107672 0.00413786
38 39 30 0 -0.00292305 0 0.00292305
38 1 31 0.00609165 0.00114824 0.000491256 0.00621836
38 2 31 0.0205664 0.00354556 0.000718026 0.0208821
38 3 31 0.0399456 0.00579628 0.00103132 0.0403771
38 4 31 0.0624482 0.00429199 0.0013909 0.062611
38 5 31 0.0773782 0.000865486 0.0018159 0.0774043
38 6 31 0.0800084 -0.00179185 0.00224387 0.0800599
38 7 31 0.0759777 -0.00283016 0.0026309 0.0760759
38 8 31 0.0703887 -0.00288978 0.00295203 0.0705098
38 9 31 0.0643399 -0.00275799 0.00322252 0.0644795
38 10 31 0.0582453 -0.00256718 0.00347985 0.0584056
38 11 31 0.0523291 -0.00231432 0.00366848 0.0525086
38 12 31 0.0469622 -0.00204655 0.0038225 0.047162
38 13 31 0.0424197 -0.00173262 0.00394997 0.0426384
38 14 31 0.0387718 -0.00138555 0.00401271 0.0390035
38 15 31 0.0362635 -0.00104887 0.00404598 0.0365036
38 16 31 0.03494 -0.000714777 0.00404183 0.0351803
38 17 31 0.0347525 -0.000375561 0.00399468 0.0349833
38 18 31 0.0356718 -4.62088e-05 0.00392403 0.035887
38 19 31 0.0375489 0.000258465 0.00383177 0.0377448
38 20 31 0.0402268 0.00054101 0.00370129 0.0404003
38 21 31 0.0435373 0.000781497 0.00356694 0.0436902
38 22 31 0.0473036 0.000987151 0.0034155 0.0474371
38 23 31 0.0513552 0.00115185 0.00323666 0.05147
38 24 31 0.0555951 0.00127636 0.00305551 0.0556936
38 25 31 0.0598829 0.00138593 0.00284203 0.0599664
38 26 31 0.0641574 0.00145903 0.00261498 0.0642273
38 27 31 0.0684108 0.00149873 0.00239505 0.0684692
38 28 31 0.0726436 0.00149954 0.00216991 0.0726915
38 29 31 0.0768055 0.0014776 0.00193685 0.0768441
38 30 31 0.0808953 0.00145388 0.00168039 0.0809258
38 31 31 0.0849784 0.00139612 0.00145468 0.0850023
38 32 31 0.0884711 0.00122963 0.00121246 0.0884879
38 33 31 0.0882715 0.000464254 0.000945239 0.0882778
38 34 31 0.0784137 -0.0015281 0.000657522 0.0784313
38 35 31 0.0560315 -0.00457632 0.000353233 0.0562192
38 36 31 0.0312254 -0.00665844 0.000109932 0.0319276
38 37 31 0.0090554 -0.00531173 2.68196e-05 0.0104984
38 38 31 0.00197175 -0.00355535 9.855e-05 0.00406669
38 39 31 0 -0.00286893 0 0.00286893
38 1 32 0.00578162 0.00128243 0.000464489 0.00594033
38 2 32 0.0205519 0.00373268 0.000674925 0.020899
38 3 32 0.0396117 0.0060643 0.000945523 0.0400844
38 4 32 0.0619539 0.00460366 0.00126271 0.0621375
38 5 32 0.0780126 0.00125286 0.00167515 0.0780406
38 6 32 0.0829592 -0.00137263 0.00211361 0.0829974
38 7 32 0.081569 -0.00243277 0.00252929 0.0816444
38 8 32 0.0784841 -0.00252483 0.0028841 0.0785776
38 9 32 0.0746926 -0.00242693 0.00317468 0.0747994
38 10 32 0.0705731 -0.00227584 0.00345053 0.070694
38 11 32 0.0663168 -0.00206009 0.00365808 0.0664496
38 12 32 0.062239 -0.00183541 0.00382104 0.0623831
38 13 32 0.0586308 -0.00157142 0.00396131 0.0587855
38 14 32 0.0555816 -0.00126068 0.00404086 0.0557425
38 15 32 0.0533202 -0.000953203 0.00408401 0.0534849
38 16 32 0.0519403 -0.000655338 0.00408489 0.0521048
38 17 32 0.051452 -0.000357702 0.00403744 0.0516114
38 18 32 0.0518656 -6.96489e-05 0.00396508 0.052017
38 19 32 0.0530873 0.000197936 0.00387128 0.0532287
38 20 32 0.0550131 0.000447392 0.00373637 0.0551417
38 21 32 0.0575212 0.000658839 0.00359567 0.0576372
38 22 32 0.060476 0.000840454 0.00343129 0.060579
38 23 32 0.0637349 0.000988785 0.00323331 0.0638246
38 24 32 0.0672051 0.00110445 0.00302935 0.0672824
38 25 32 0.0707624 0.00120618 0.00279169 0.0708277
38 26 32 0.0743501 0.0012651 0.00254839 0.0744045
38 27 32 0.0779595 0.00128081 0.00231309 0.0780043
38 28 32 0.0815641 0.00126657 0.00206018 0.0815999
38 29 32 0.0851012 0.00124345 0.00179682 0.0851292
38 30 32 0.0885861 0.00121347 0.00151844 0.0886074
38 31 32 0.0920503 0.0011469 0.00126841 0.0920662
38 32 32 0.0948747 0.000974877 0.000996452 0.094885
38 33 32 0.0938104 0.000189885 0.000713739 0.0938133
38 34 32 0.0826542 -0.00183078 0.000436469 0.0826757
38 35 32 0.058708 -0.00487822 0.000178485 0.0589106
38 36 32 0.0328451 -0.00690245 7.21102e-06 0.0335625
38 37 32 0.00976331 -0.00539368 -2.77385e-05 0.0111541
38 38 32 0.00192415 -0.00343193 7.54165e-05 0.00393525
38 39 32 0 -0.00278836 0 0.00278836
38 1 33 0.00539662 0.00136762 0.00033122 0.00557706
38 2 33 0.0198901 0.00383282 0.000454353 0.0202611
38 3 33 0.037709 0.00615418 0.000537704 0.0382117
38 4 33 0.0586512 0.00473613 0.000666527 0.0588459
38 5 33 0.0747379 0.00154101 0.000977685 0.0747602
38 6 33 0.0814081 -0.000971381 0.00139793 0.0814259
38 7 33 0.0824299 -0.00202139 0.00183739 0.0824751
38 8 33 0.0817506 -0.002147 0.00223112 0.0818092
38 9 33 0.080189 -0.00208724 0.00255537 0.0802568
38 10 33 0.0780786 -0.00198003 0.00286455 0.0781562
38 11 33 0.0755871 -0.00180141 0.00311083 0.0756725
38 12 33 0.0729563 -0.00161301 0.00329804 0.0730486
38 13 33 0.070468 -0.00140179 0.00345556 0.0705666
38 14 33 0.0682341 -0.00114218 0.00355764 0.0683364
38 15 33 0.0664501 -0.000872619 0.00362109 0.0665544
38 16 33 0.0652292 -0.000609478 0.00363632 0.0653333
38 17 33 0.0646293 -0.000349967 0.00359442 0.0647301
38 18 33 0.0646947 -0.000103179 0.00351929 0.0647905
38 19 33 0.0653841 0.000123641 0.00341441 0.0654733
38 20 33 0.0666415 0.000335477 0.00326206 0.0667221
38 21 33 0.068386 0.000515735 0.00309546 0.0684579
38 22 33 0.0705208 0.000673478 0.00289781 0.0705835
38 23 33 0.0729328 0.000805144 0.00266252 0.0729859
38 24 33 0.0755412 0.000906302 0.00242046 0.0755854
38 25 33 0.0782508 0.000987521 0.00215005 0.0782866
38 26 33 0.0810094 0.00102141 0.00187834 0.0810376
38 27 33 0.083798 0.00101555 0.00160832 0.0838195
38 28 33 0.0865687 0.000997521 0.00131088 0.0865844
38 29 33 0.0892636 0.000977485 0.0010073 0.0892746
38 30 33 0.0919103 0.00093777 0.000701195 0.0919177
38 31 33 0.0944987 0.000861364 0.000419592 0.0945036
38 32 33 0.096413 0.000689377 0.000118711 0.0964155
38 33 33 0.0944456 -8.0088e-05 -0.000155112 0.0944458
38 34 33 0.0825379 -0.00203557 -0.000343583 0.0825637
38 35 33 0.0583246 -0.00495569 -0.000396384 0.0585361
38 36 33 0.0328042 -0.0068705 -0.000306463 0.0335174
38 37 33 0.010055 -0.00530834 -0.000183375 0.0113717
38 38 33 0.00179586 -0.00320619 1.23234e-05 0.00367491
38 39 33 0 -0.00264088 0 0.00264088
38 1 34 0.00484046 0.00136366 4.15531e-05 0.00502906
38 2 34 0.0178367 0.00370809 -4.58237e-05 0.0182181
38 3 34 0.0325623 0.0057974 -0.000403033 0.0330769
38 4 34 0.0494233 0.0044215 -0.000732135 0.0496261
38 5 34 0.062813 0.00155412 -0.000715999 0.0628363
38 6 34 0.0693365 -0.000664452 -0.0004102 0.0693409
38 7 34 0.0716442 -0.00161332 1.02875e-05 0.0716624
38 8 34 0.0725963 -0.00175263 0.000419799 0.0726187
38 9 34 0.0727438 -0.00172559 0.000766795 0.0727683
38 10 34 0.072343 -0.00166492 0.00110233 0.0723706
38 11 34 0.0715262 -0.00153176 0.00139413 0.0715562
38 12 34 0.0704353 -0.00137632 0.0016226 0.0704675
38 13 34 0.0692913 -0.00121094 0.00180693 0.0693255
38 14 34 0.0682042 -0.00101031 0.00193375 0.0682391
38 15 34 0.0673115 -0.000794639 0.00201841 0.0673464
38 16 34 0.0666994 -0.000577988 0.00204836 0.0667333
38 17 34 0.0664286 -0.000362184 0.00201232 0.0664601
38 18 34 0.0665445 -0.000157947 0.00193111 0.0665727
38 19 34 0.0670324 2.92072e-05 0.00180497 0.0670567
38 20 34 0.0678638 0.000204615 0.00162222 0.0678835
38 21 34 0.068987 0.000354027 0.0014117 0.0690024
38 22 34 0.0703408 0.000484461 0.00116413 0.0703521
38 23 34 0.0718479 0.000590902 0.000877997 0.0718557
38 24 34 0.073456 0.000665233 0.000584914 0.0734614
38 25 34 0.0751112 0.00071611 0.000269823 0.0751151
38 26 34 0.0767717 0.000727682 -4.92095e-05 0.0767751
38 27 34 0.0784136 0.000714924 -0.00037388 0.0784177
38 28 34 0.0799947 0.000702911 -0.000722353 0.080001
38 29 34 0.0814824 0.000682499 -0.00106126 0.0814921
38 30 34 0.0829067 0.000630822 -0.00138644 0.0829206
38 31 34 0.0842234 0.000553504 -0.00169012 0.0842421
38 32 34 0.0849163 0.000403467 -0.00199533 0.0849407
38 33 34 0.0823272 -0.000268295 -0.00218791 0.0823567
38 34 34 0.0715236 -0.00196328 -0.00210427 0.0715814
38 35 34 0.0507479 -0.00450254 -0.00162638 0.0509732
38 36 34 0.0291568 -0.00622704 -0.000926325 0.0298288
38 37 34 0.00943986 -0.00485886 -0.000452286 0.0106266
38 38 34 0.00154356 -0.00279991 -9.65964e-05 0.00319865
38 39 34 0 -0.00237287 0 0.00237287
38 1 35 0.00400889 0.001244 -0.000389188 0.00421547
38 2 35 0.0138095 0.00325145 -0.000797113 0.0142095
38 3 35 0.0233089 0.00478414 -0.00179152 0.0238622
38 4 35 0.0331308 0.00345611 -0.00275804 0.0334246
38 5 35 0.0406652 0.00112383 -0.00318318 0.040805
38 6 35 0.0445472 -0.000588182 -0.00310499 0.0446592
38 7 35 0.0463123 -0.00131682 -0.0027902 0.0464149
38 8 35 0.0474372 -0.00142631 -0.00242897 0.0475208
38 9 35 0.0481485 -0.00140356 -0.002105 0.0482149
38 10 35 0.0485989 -0.00136958 -0.001789 0.0486511
38 11 35 0.0488656 -0.00128256 -0.00149235 0.0489052
38 12 35 0.0489768 -0.00116323 -0.00124587 0.0490064
38 13 35 0.0490393 -0.00103544 -0.0010508 0.0490615
38 14 35 0.0491148 -0.000887959 -0.000916621 0.0491314
38 15 35 0.0492605 -0.000729427 -0.00082982 0.0492729
38 16 35 0.049498 -0.00056615 -0.000803564 0.0495078
38 17 35 0.0498457 -0.000401225 -0.000847734 0.0498545
38 18 35 0.0503132 -0.000245669 -0.000945051 0.0503226
38 19 35 0.0508797 -0.000102696 -0.00109842 0.0508916
38 20 35 0.0515187 3.2571e-05 -0.00131161 0.0515354
38 21 35 0.0521932 0.000148913 -0.00156244 0.0522168
38 22 35 0.0528692 0.000250393 -0.00185113 0.0529022
38 23 35 0.0535052 0.000331831 -0.0021756 0.0535504
38 24 35 0.0540822 0.00038492 -0.00250768 0.0541417
38 25 35 0.0545886 0.000419907 -0.002855 0.0546648
38 26 35 0.0550029 0.000432283 -0.00320807 0.0550981
38 27 35 0.0553177 0.000433383 -0.003563 0.055434
38 28 35 0.0555285 0.000433577 -0.0039195 0.0556684
38 29 35 0.0556414 0.000414718 -0.00424387 0.0558045
38 30 35 0.0556823 0.000367497 -0.00453837 0.0558682
38 31 35 0.0556017 0.000314303 -0.00480662 0.0558099
38 32 35 0.0551045 0.000216815 -0.00503678 0.0553346
38 33 35 0.0527017 -0.00025477 -0.00503339 0.0529421
38 34 35 0.0457325 -0.0014486 -0.00450345 0.0459766
38 35 35 0.0333467 -0.00329198 -0.00325906 0.0336669
38 36 35 0.0204888 -0.00472435 -0.00171044 0.0210959
38 37 35 0.00742833 -0.00389084 -0.000745623 0.00841871
38 38 35 0.00115597 -0.00220214 -0.000224111 0.00249718
38 39 35 0 -0.0019684 0 0.0019684
38 1 36 0.00280078 0.00103066 -0.000877574 0.00311075
38 2 36 0.00807624 0.00252373 -0.00156631 0.00860512
38 3 36 0.0115003 0.00331397 -0.0030238 0.0123443
38 4 36 0.0140252 0.0021361 -0.00434532 0.0148375
38 5 36 0.01578 0.000485639 -0.00497899 0.016554
38 6 36 0.0167967 -0.000636967 -0.00502086 0.0175427
38 7 36 0.0175328 -0.00111428 -0.00479232 0.0182101
38 8 36 0.0182804 -0.001188 -0.00449017 0.0188613
38 9 36 0.0190077 -0.00116155 -0.00419958 0.0195007
38 10 36 0.0197726 -0.00113507 -0.0039199 0.0201893
38 11 36 0.0205996 -0.00108403 -0.00364983 0.0209485
38 12 36 0.021434 -0.00100457 -0.00341541 0.0217277
38 13 36 0.0222676 -0.000914468 -0.0032313 0.0225194
38 14 36 0.0230928 -0.000815105 -0.00310642 0.0233151
38 15 36 0.0238943 -0.000709584 -0.00303128 0.0240962
38 16 36 0.0246373 -0.000595841 -0.00301709 0.0248285
38 17 36 0.0252996 -0.000475955 -0.00306955 0.0254896
38 18 36 0.0258636 -0.00036064 -0.00317554 0.0260603
38 19 36 0.0263081 -0.000252897 -0.00333876 0.0265203
38 20 36 0.0266182 -0.000150534 -0.00355573 0.0268551
38 21 36 0.0267828 -6.15171e-05 -0.00381142 0.0270527
38 22 36 0.0268035 1.64264e-05 -0.00409941 0.0271152
38 23 36 0.026678 8.07725e-05 -0.0044166 0.0270412
38 24 36 0.0264193 0.000126323 -0.00474154 0.0268417
38 25 36 0.0260467 0.000164048 -0.00507337 0.0265367
38 26 36 0.0255594 0.000194905 -0.00540628 0.0261256
38 27 36 0.0249682 0.000219916 -0.00572725 0.0256176
38 28 36 0.0243002 0.000237093 -0.00602266 0.0250365
38 29 36 0.0235775 0.000235058 -0.00627033 0.0243982
38 30 36 0.0228095 0.000220478 -0.0064766 0.0237122
38 31 36 0.0219613 0.000212862 -0.006643 0.022945
38 32 36 0.0209523 0.000182157 -0.00673298 0.0220083
38 33 36 0.0193714 -4.54613e-05 -0.00653559 0.0204442
38 34 36 0.0165902 -0.000654816 -0.00573758 0.0175665
38 35 36 0.0126955 -0.00168996 -0.00412837 0.0134564
38 36 36 0.00910886 -0.00273333 -0.00213973 0.00974787
38 37 36 0.00418933 -0.00257905 -0.000873935 0.00499658
38 38 36 0.000687883 -0.00153639 -0.000311123 0.00171186
38 39 36 0 -0.00146734 0 0.00146734
38 1 37 0.00136834 0.00076385 -0.00135699 0.00207299
38 2 37 0.00292087 0.0016555 -0.00219505 0.00401129
38 3 37 0.00318404 0.00180094 -0.00371548 0.00521405
38 4 37 0.00315877 0.000947322 -0.00493103 0.00593214
38 5 37 0.00333248 1.8424e-05 -0.00542012 0.00636266
38 6 37 0.00369333 -0.000551208 -0.00535075 0.00652495
38 7 37 0.00419866 -0.000791404 -0.00503687 0.00660493
38 8 37 0.00482216 -0.000836766 -0.00465734 0.00675605
38 9 37 0.00549017 -0.00082223 -0.00427883 0.00700903
38 10 37 0.00620903 -0.00080621 -0.0039169 0.0073854
38 11 37 0.0069879 -0.000782346 -0.00356871 0.00788533
38 12 37 0.0077744 -0.00074002 -0.00324941 0.00845858
38 13 37 0.00853125 -0.000687706 -0.00297592 0.00906152
38 14 37 0.00923724 -0.000633447 -0.00275912 0.0096613
38 15 37 0.00987103 -0.000580135 -0.00259871 0.0102238
38 16 37 0.0104051 -0.000521921 -0.0025048 0.010715
38 17 37 0.0108257 -0.000457384 -0.00248044 0.0111157
38 18 37 0.0111271 -0.000392361 -0.00251912 0.0114155
38 19 37 0.0113081 -0.000328472 -0.00262455 0.0116133
38 20 37 0.0113735 -0.000265876 -0.00278992 0.0117137
38 21 37 0.0113319 -0.00020958 -0.00300571 0.0117257
38 22 37 0.0111992 -0.000157987 -0.0032616 0.0116656
38 23 37 0.0109829 -0.000110366 -0.0035529 0.0115438
38 24 37 0.0106952 -6.87471e-05 -0.00386366 0.0113719
38 25 37 0.0103524 -2.54161e-05 -0.00418399 0.0111659
38 26 37 0.00995368 2.05197e-05 -0.00450668 0.0109264
38 27 37 0.00950605 6.29356e-05 -0.00481493 0.0106561
38 28 37 0.00903104 9.6163e-05 -0.0050931 0.0103686
38 29 37 0.00853689 0.000118784 -0.00533305 0.0100665
38 30 37 0.0080141 0.000141014 -0.0055392 0.00974312
38 31 37 0.00744334 0.000168941 -0.00570658 0.00938066
38 32 37 0.00680881 0.00018789 -0.00579903 0.00894561
38 33 37 0.00598142 0.000157407 -0.00566397 0.0082391
38 34 37 0.00483736 2.87951e-06 -0.00507163 0.00700867
38 35 37 0.00359033 -0.000378537 -0.00382162 0.00525724
38 36 37 0.00273548 -0.000959241 -0.00210895 0.00358478
38 37 37 0.00162464 -0.00122662 -0.000839763 0.0022021
38 38 37 0.000335694 -0.000896715 -0.000331219 0.00101316
38 39 37 0 -0.000927716 0 0.000927716
38 1 38 0.000411608 0.000386731 -0.00195802 0.00203785
38 2 38 0.000768381 0.000675116 -0.00290241 0.00307736
38 3 38 0.000875085 0.000563772 -0.00414223 0.00427103
38 4 38 0.000944284 0.000201159 -0.00491634 0.00501024
38 5 38 0.00104573 -9.62033e-05 -0.00505854 0.00516639
38 6 38 0.00114721 -0.000246292 -0.00476981 0.00491201
38 7 38 0.00124946 -0.000301115 -0.00429473 0.00448292
38 8 38 0.00137506 -0.000308606 -0.00376299 0.00401822
38 9 38 0.00149999 -0.00029815 -0.0032183 0.00356319
38 10 38 0.00162727 -0.000289887 -0.00268398 0.00315211
38 11 38 0.00177312 -0.000284681 -0.00216791 0.00281511
38 12 38 0.00192698 -0.000275532 -0.0016812 0.00257208
38 13 38 0.00207805 -0.000263581 -0.0012364 0.00243238
38 14 38 0.00222322 -0.000253739 -0.000844181 0.0023916
38 15 38 0.00235917 -0.000248176 -0.000511509 0.00242671
38 16 38 0.00247907 -0.000243423 -0.000246708 0.00250318
38 17 38 0.00257995 -0.000237385 -5.14777e-05 0.00259136
38 18 38 0.00265918 -0.000230553 7.52182e-05 0.00267021
38 19 38 0.00271515 -0.000221594 0.000130427 0.00272729
38 20 38 0.00274766 -0.000209664 0.000119491 0.00275824
38 21 38 0.00275799 -0.00019604 4.65548e-05 0.00276534
38 22 38 0.00275081 -0.000179343 -7.94817e-05 0.00275779
38 23 38 0.00272526 -0.000158332 -0.000254273 0.00274167
38 24 38 0.00268205 -0.000134551 -0.000468239 0.00272594
38 25 38 0.00262654 -0.000106082 -0.000709479 0.00272274
38 26 38 0.00255742 -7.36224e-05 -0.000972091 0.00273693
38 27 38 0.00247699 -4.24059e-05 -0.00124601 0.00277305
38 28 38 0.00239439 -1.57708e-05 -0.00152251 0.0028375
38 29 38 0.0023105 7.97285e-06 -0.00180033 0.0029291
38 30 38 0.00221893 3.36413e-05 -0.00207736 0.00303977
38 31 38 0.00211675 5.99568e-05 -0.00234391 0.00315882
38 32 38 0.00201026 8.29518e-05 -0.0025844 0.00327523
38 33 38 0.00186378 0.000112414 -0.00275185 0.00332551
38 34 38 0.00161764 0.000136892 -0.00273702 0.00318226
38 35 38 0.00128531 9.86304e-05 -0.00236581 0.00269422
38 36 38 0.000953266 -6.02988e-05 -0.00157121 0.00183876
38 37 38 0.000586907 -0.000252294 -0.000723789 0.000965393
38 38 38 0.000170111 -0.000298147 -0.000297993 0.000454565
38 39 38 0 -0.000394355 0 0.000394355
38 1 39 0 0 -0.00261857 0.00261857
38 2 39 0 0 -0.00322363 0.00322363
38 3 39 0 0 -0.00373418 0.00373418
38 4 39 0 0 -0.0038939 0.0038939
38 5 39 0 0 -0.00375181 0.00375181
38 6 39 0 0 -0.00343876 0.00343876
38 7 39 0 0 -0.00305958 0.00305958
38 8 39 0 0 -0.00265706 0.00265706
38 9 39 0 0 -0.00224391 0.00224391
38 10 39 0 0 -0.00183281 0.00183281
38 11 39 0 0 -0.00142984 0.00142984
38 12 39 0 0 -0.00103876 0.00103876
38 13 39 0 0 -0.000662077 0.000662077
38 14 39 0 0 -0.000303034 0.000303034
38 15 39 0 0 3.39017e-05 3.39017e-05
38 16 39 0 0 0.000344793 0.000344793
38 17 39 0 0 0.000628361 0.000628361
38 18 39 0 0 0.000881536 0.000881536
38 19 39 0 0 0.00109953 0.00109953
38 20 39 0 0 0.00128129 0.00128129
38 21 39 0 0 0.00142242 0.00142242
38 22 39 0 0 0.0015231 0.0015231
38 23 39 0 0 0.00158054 0.00158054
38 24 39 0 0 0.00159339 0.00159339
38 25 39 0 0 0.00156559 0.00156559
38 26 39 0 0 0.00149724 0.00149724
38 27 39 0 0 0.00139026 0.00139026
38 28 39 0 0 0.00124852 0.00124852
38 29 39 0 0 0.00107479 0.00107479
38 30 39 0 0 0.000877313 0.000877313
38 31 39 0 0 0.00066723 0.00066723
38 32 39 0 0 0.000447937 0.000447937
38 33 39 0 0 0.00020536 0.00020536
38 34 39 0 0 -5.34488e-05 5.34488e-05
38 35 39 0 0 -0.000262921 0.000262921
38 36 39 0 0 -0.000325654 0.000325654
38 37 39 0 0 -0.000230701 0.000230701
38 38 39 0 0 -0.000136115 0.000136115
38 39 39 0 0 0 0
