19 1 1 -2.68167e-05 -0.000271456 -0.00096109 0.00099905
19 2 1 4.08433e-06 0.000219828 -0.00112731 0.00114855
19 3 1 0.000129435 0.00145502 0.000220499 0.00147732
19 4 1 0.000235671 0.00124934 0.00170078 0.00212345
19 5 1 0.000278387 0.00113375 0.00322903 0.00343359
19 6 1 0.000264487 0.00107985 0.00473963 0.00486828
19 7 1 0.000203287 0.000971215 0.00613435 0.00621409
19 8 1 0.000125164 0.000865855 0.00741407 0.0074655
19 9 1 0.00012954 0.000756428 0.00857961 0.00861386
19 10 1 3.49661e-05 0.000636004 0.00962987 0.00965091
19 11 1 -2.39203e-05 0.000511345 0.0105612 0.0105736
19 12 1 -5.79598e-05 0.000381168 0.011377 0.0113836
19 13 1 -0.000165842 0.000247189 0.0120786 0.0120823
19 14 1 -0.000178472 0.000116959 0.0126686 0.0126704
19 15 1 -0.000255275 -1.30882e-05 0.013155 0.0131575
19 16 1 -0.000319089 -0.000141169 0.013538 0.0135425
19 17 1 -0.000330958 -0.000268139 0.0138233 0.0138298
19 18 1 -0.000371893 -0.000395355 0.0140154 0.0140259
19 19 1 -0.00039676 -0.000510928 0.014115 0.0141298
19 20 1 -0.000447661 -0.000618301 0.0141234 0.014144
19 21 1 -0.000504354 -0.000726682 0.0140433 0.0140711
19 22 1 -0.000558505 -0.0008343 0.0138757 0.013912
19 23 1 -0.00062233 -0.000933354 0.0136211 0.0136672
19 24 1 -0.000683307 -0.00102462 0.0132792 0.0133362
19 25 1 -0.000754005 -0.00111031 0.0128531 0.012923
19 26 1 -0.000788391 -0.0011873 0.0123442 0.0124262
19 27 1 -0.00081485 -0.00125934 0.0117545 0.0118498
19 28 1 -0.000886546 -0.00132204 0.0110925 0.0112061
19 29 1 -0.000926061 -0.00137059 0.0103595 0.0104907
19 30 1 -0.000919894 -0.00140963 0.00956118 0.00970822
19 31 1 -0.00101705 -0.00143994 0.00870708 0.00888375
19 32 1 -0.0010189 -0.00146726 0.00779604 0.00799808
19 33 1 -0.000981135 -0.00155297 0.00680428 0.00704788
19 34 1 -0.000908981 -0.00174595 0.00573759 0.00606585
19 35 1 -0.00071643 -0.00214893 0.00466346 0.0051845
19 36 1 -0.000423865 -0.00336789 0.00334043 0.00476244
19 37 1 -0.000115438 -0.00406155 0.0033039 0.00523691
19 38 1 0.000106482 -0.0103678 0.00091221 0.0104084
19 39 1 0 -0.0139093 0 0.0139093
19 1 2 -8.10563e-05 -0.00146999 -0.00143068 0.00205287
19 2 2 -0.000365972 -0.0034616 -0.00518572 0.00624566
19 3 2 -0.000425954 0.00456266 -0.00225375 0.00510673
19 4 2 2.43207e-05 0.00443621 0.000562267 0.00447177
19 5 2 0.000168018 -0.000131427 -0.00117555 0.00119475
19 6 2 9.92445e-05 -0.00440394 -0.0071399 0.00838944
19 7 2 -1.96072e-05 -0.00586678 -0.0144285 0.0155757
19 8 2 -0.000137483 -0.00574565 -0.0214518 0.0222084
19 9 2 -7.31554e-05 -0.00530894 -0.0278868 0.0283878
19 10 2 -0.000220987 -0.00475534 -0.0335961 0.0339317
19 11 2 -0.000226946 -0.00410673 -0.0384857 0.0387049
19 12 2 -0.000183892 -0.00340533 -0.0424857 0.0426223
19 13 2 -0.000291101 -0.00267831 -0.0455728 0.0456523
19 14 2 -0.000170291 -0.00194973 -0.0477501 0.0477902
19 15 2 -0.000201435 -0.00126289 -0.0490491 0.0490657
19 16 2 -0.000121837 -0.00063295 -0.0495406 0.0495448
19 17 2 4.17365e-05 -8.23666e-05 -0.049297 0.0492971
19 18 2 9.44669e-05 0.00037434 -0.0484108 0.0484123
19 19 2 0.000181919 0.000757926 -0.0469814 0.0469879
19 20 2 0.000194304 0.00105945 -0.0451057 0.0451185
19 21 2 0.000182371 0.00126536 -0.0428703 0.0428894
19 22 2 0.000154676 0.00139097 -0.0403546 0.0403788
19 23 2 0.000111476 0.00146649 -0.0376229 0.0376516
19 24 2 7.36865e-05 0.00150552 -0.0347286 0.0347613
19 25 2 -5.29126e-05 0.00151585 -0.0317033 0.0317396
19 26 2 -7.97319e-05 0.00152072 -0.0285681 0.0286086
19 27 2 -5.07447e-05 0.0015212 -0.0253408 0.0253865
19 28 2 -0.000208611 0.00152545 -0.0220113 0.0220651
19 29 2 -0.000336751 0.00155569 -0.0185815 0.0186495
19 30 2 -0.000276696 0.00160966 -0.0150469 0.0151352
19 31 2 -0.000455328 0.00168019 -0.0113937 0.011526
19 32 2 -0.000470243 0.00183325 -0.00754947 0.00778309
19 33 2 -0.000464448 0.00226074 -0.00316578 0.00391776
19 34 2 -0.000507264 0.00242552 0.00160925 0.00295468
19 35 2 -0.000657641 -0.000904484 0.00344658 0.00362346
19 36 2 -0.000240868 -0.0127461 -0.00543004 0.0138566
19 37 2 4.06159e-05 0.00486044 0.00394288 0.00625874
19 38 2 0.000282632 -0.0157881 -0.000574531 0.015801
19 39 2 0 -0.014914 0 0.014914
19 1 3 -0.000108419 -0.00168002 -9.57028e-05 0.00168623
19 2 3 -0.00084435 -0.0124118 -0.00918375 0.0154631
19 3 3 -0.00270334 0.00338088 -0.0101453 0.0110302
19 4 3 -0.000510974 -0.00527531 -0.0195049 0.0202122
19 5 3 0.000682444 -0.00817334 -0.0270071 0.028225
19 6 3 0.00184972 0.0111612 -0.0108653 0.0156859
19 7 3 0.00282699 0.0177295 0.0132608 0.0223198
19 8 3 0.00351861 0.0181109 0.0375876 0.0418714
19 9 3 0.00424491 0.017486 0.0607851 0.0633925
19 10 3 0.00439407 0.0164436 0.082313 0.0840543
19 11 3 0.00452029 0.0150334 0.101694 0.102899
19 12 3 0.00439881 0.0132973 0.118564 0.119388
19 13 3 0.00376288 0.0113234 0.132644 0.13318
19 14 3 0.0032568 0.00920098 0.143801 0.144132
19 15 3 0.00226979 0.00700556 0.152019 0.152197
19 16 3 0.0013117 0.00486714 0.157399 0.15748
19 17 3 0.000227098 0.00287463 0.160197 0.160223
19 18 3 -0.00109061 0.00111119 0.160744 0.160751
19 19 3 -0.00224205 -0.000306467 0.159464 0.15948
19 20 3 -0.00338579 -0.00134358 0.156826 0.156868
19 21 3 -0.0043388 -0.0020114 0.153315 0.15339
19 22 3 -0.00507733 -0.00231629 0.149385 0.149489
19 23 3 -0.00553933 -0.00227946 0.145429 0.145553
19 24 3 -0.00560572 -0.00198124 0.141737 0.141862
19 25 3 -0.00553498 -0.00153501 0.138494 0.138613
19 26 3 -0.00509235 -0.00102366 0.13577 0.13587
19 27 3 -0.00429582 -0.000561759 0.133491 0.133561
19 28 3 -0.00353983 -0.000255998 0.13152 0.131568
19 29 3 -0.00261554 -0.00015404 0.129617 0.129644
19 30 3 -0.00127001 -0.00030658 0.127485 0.127492
19 31 3 -0.000252659 -0.000756509 0.124814 0.124816
19 32 3 0.000974454 -0.00256185 0.120142 0.120173
19 33 3 0.00151001 -0.0109097 0.106637 0.107204
19 34 3 0.000199621 -0.0263036 0.077503 0.0818452
19 35 3 -0.00463953 -0.0313171 0.0466726 0.056397
19 36 3 -0.000972588 -0.0908686 -0.031806 0.0962792
19 37 3 -4.98741e-05 0.0466913 0.00982416 0.0477137
19 38 3 0.00041269 -0.0280892 -0.00168933 0.028143
19 39 3 0 -0.0147787 0 0.0147787
19 1 4 -6.67636e-05 -0.00127174 0.000666602 0.00143741
19 2 4 -0.000782966 -0.0189178 -0.00614645 0.0199067
19 3 4 -0.00669929 0.0155124 0.00620197 0.0179994
19 4 4 0.00200873 0.0562145 0.067462 0.0878364
19 5 4 -0.000919606 -0.0768678 -0.0015965 0.0768899
19 6 4 -0.00491906 -0.047222 -0.060354 0.0767901
19 7 4 -0.00650062 -0.0162221 -0.0946114 0.0962119
19 8 4 -0.00759693 -0.0100861 -0.123048 0.123694
19 9 4 -0.00797459 -0.00917051 -0.14988 0.150372
19 10 4 -0.00830039 -0.0081255 -0.174558 0.174944
19 11 4 -0.00782812 -0.00692732 -0.196563 0.196841
19 12 4 -0.00685014 -0.00557002 -0.21539 0.215571
19 13 4 -0.00562384 -0.00401321 -0.230631 0.230734
19 14 4 -0.00332542 -0.00226515 -0.241926 0.24196
19 15 4 -0.000896914 -0.000373226 -0.249071 0.249073
19 16 4 0.0023085 0.00164074 -0.252034 0.25205
19 17 4 0.00584861 0.00363314 -0.25096 0.251055
19 18 4 0.00964583 0.00543893 -0.24629 0.246539
19 19 4 0.0138617 0.00694014 -0.238689 0.239191
19 20 4 0.0178619 0.00792255 -0.229082 0.229914
19 21 4 0.0217136 0.00815707 -0.218594 0.219821
19 22 4 0.0250506 0.00751293 -0.208476 0.21011
19 23 4 0.0275738 0.00596445 -0.199979 0.20196
19 24 4 0.029361 0.00354217 -0.194266 0.196504
19 25 4 0.0299033 0.000353619 -0.192244 0.194556
19 26 4 0.0293093 -0.0033229 -0.194442 0.196666
19 27 4 0.0277985 -0.00716076 -0.20101 0.20305
19 28 4 0.0252002 -0.0108252 -0.211583 0.213353
19 29 4 0.0216606 -0.0139399 -0.225392 0.226859
19 30 4 0.0177613 -0.0162104 -0.241338 0.242533
19 31 4 0.0129405 -0.0174712 -0.258082 0.258996
19 32 4 0.00867146 -0.0130442 -0.268579 0.269035
19 33 4 0.00605956 0.0236569 -0.233978 0.235249
19 34 4 0.00853516 0.125513 -0.0820253 0.150181
19 35 4 -0.0146905 0.13979 0.0893054 0.166531
19 36 4 0.000381041 -0.252495 -0.0725046 0.262699
19 37 4 -0.000134548 0.135602 0.0159981 0.136543
19 38 4 0.000495983 -0.0464899 -0.00165542 0.0465221
19 39 4 0 -0.0146131 0 0.0146131
19 1 5 -2.19514e-05 -0.00158428 -1.8359e-05 0.00158454
19 2 5 -0.000596461 -0.0193364 -0.000834104 0.0193636
19 3 5 -0.0102213 0.00322833 -0.012775 0.0166763
19 4 5 0.010661 0.192548 0.123335 0.22891
19 5 5 0.0180499 -0.075416 0.124652 0.146804
19 6 5 0.0140364 -0.0743083 0.0974853 0.123378
19 7 5 0.0115441 -0.035811 0.0778262 0.0864443
19 8 5 0.00873665 -0.0312571 0.0565651 0.0652147
19 9 5 0.00599018 -0.0348245 0.0308032 0.0468771
19 10 5 0.00253051 -0.0378132 0.000994406 0.0379108
19 11 5 -0.000856986 -0.0401148 -0.0323299 0.0515282
19 12 5 -0.0044172 -0.0417022 -0.0685952 0.0803982
19 13 5 -0.0083188 -0.0425588 -0.107302 0.115733
19 14 5 -0.0116412 -0.0427456 -0.147933 0.154424
19 15 5 -0.015495 -0.0423309 -0.190044 0.195317
19 16 5 -0.0189825 -0.0413322 -0.233185 0.23758
19 17 5 -0.0226551 -0.0398653 -0.276824 0.280595
19 18 5 -0.0263298 -0.0379704 -0.320369 0.323684
19 19 5 -0.0299841 -0.035567 -0.363009 0.365977
19 20 5 -0.0340544 -0.0326575 -0.403731 0.406479
19 21 5 -0.0378517 -0.0292464 -0.441269 0.443854
19 22 5 -0.0413831 -0.0252326 -0.474131 0.476602
19 23 5 -0.044691 -0.0204644 -0.500631 0.503038
19 24 5 -0.0470988 -0.014867 -0.519084 0.521428
19 25 5 -0.0486363 -0.0085034 -0.527961 0.530264
19 26 5 -0.0491154 -0.00147218 -0.526059 0.528349
19 27 5 -0.0481615 0.00599268 -0.512836 0.515128
19 28 5 -0.045948 0.0134964 -0.488408 0.49075
19 29 5 -0.0430703 0.020626 -0.453704 0.45621
19 30 5 -0.0392155 0.0269466 -0.410406 0.413155
19 31 5 -0.0355038 0.0320493 -0.360734 0.363891
19 32 5 -0.0282016 0.0505512 -0.297009 0.302597
19 33 5 -0.00525403 0.159409 -0.161131 0.22672
19 34 5 0.0414124 0.395678 0.109213 0.412557
19 35 5 -0.0326857 0.175119 0.144929 0.229651
19 36 5 0.0045992 -0.457551 -0.0603952 0.461543
19 37 5 -0.000446186 0.209104 0.0126771 0.209488
19 38 5 0.000510903 -0.0603355 -0.000524725 0.06034
19 39 5 0 -0.0154971 0 0.0154971
19 1 6 1.73073e-05 -0.00260791 -0.00073722 0.00271017
19 2 6 -0.000693577 -0.0142409 0.00394691 0.014794
19 3 6 -0.0110822 -0.0204487 -0.0193449 0.0302521
19 4 6 0.011879 0.271253 0.0591425 0.27788
19 5 6 0.0298966 -0.0570015 0.0774613 0.100714
19 6 6 0.0260899 -0.0890624 0.0626742 0.111986
19 7 6 0.0227219 -0.0469393 0.0515389 0.0733201
19 8 6 0.018483 -0.0422021 0.0405745 0.0613916
19 9 6 0.0140838 -0.0471262 0.0282474 0.0567199
19 10 6 0.00867273 -0.0513814 0.0146476 0.0541278
19 11 6 0.00303305 -0.0549052 -0.000190723 0.0549892
19 12 6 -0.00293295 -0.0576639 -0.0161965 0.0599671
19 13 6 -0.00937918 -0.0596277 -0.0333361 0.0689546
19 14 6 -0.0154761 -0.0608323 -0.051476 0.081178
19 15 6 -0.0223684 -0.0612944 -0.0704986 0.0960594
19 16 6 -0.0290084 -0.0609928 -0.0902289 0.112707
19 17 6 -0.036083 -0.0599878 -0.110392 0.130717
19 18 6 -0.0431608 -0.058215 -0.130692 0.14944
19 19 6 -0.0503607 -0.0555027 -0.150693 0.168301
19 20 6 -0.0577825 -0.0517834 -0.169896 0.186775
19 21 6 -0.0647556 -0.0469786 -0.18769 0.204029
19 22 6 -0.0712096 -0.0408927 -0.203409 0.219359
19 23 6 -0.0771824 -0.0333065 -0.216283 0.232045
19 24 6 -0.0819398 -0.0240947 -0.225536 0.241166
19 25 6 -0.0851644 -0.0133266 -0.230408 0.246005
19 26 6 -0.086699 -0.00118464 -0.230138 0.245931
19 27 6 -0.0860565 0.0119542 -0.224216 0.240461
19 28 6 -0.0829903 0.0254551 -0.212295 0.229356
19 29 6 -0.0779591 0.038551 -0.194403 0.21297
19 30 6 -0.0695432 0.0503738 -0.171018 0.191366
19 31 6 -0.0580278 0.0600735 -0.143012 0.165615
19 32 6 -0.0378383 0.0877282 -0.105852 0.142592
19 33 6 0.000243651 0.24013 -0.0251417 0.241443
19 34 6 0.0800322 0.560265 0.139517 0.582896
19 35 6 -0.055374 0.0610278 0.0258367 0.0863609
19 36 6 0.0100386 -0.500039 -0.0170545 0.50043
19 37 6 -0.000852712 0.231458 0.00496948 0.231512
19 38 6 0.000482471 -0.0651779 0.000633631 0.0651828
19 39 6 0 -0.0174635 0 0.0174635
19 1 7 7.14364e-05 -0.00385362 -0.000977783 0.00397638
19 2 7 -0.000935657 -0.00738907 0.00548401 0.00924923
19 3 7 -0.0102662 -0.0430405 -0.0167273 0.0473041
19 4 7 0.00935128 0.305901 0.0177107 0.306555
19 5 7 0.0352158 -0.039534 0.0351055 0.0635254
19 6 7 0.0314404 -0.0962294 0.0279284 0.105017
19 7 7 0.0259273 -0.0523505 0.0225255 0.0626115
19 8 7 0.0220054 -0.0466735 0.0180392 0.0546631
19 9 7 0.0173015 -0.0519247 0.0132176 0.0563047
19 10 7 0.0113211 -0.0566176 0.00795284 0.0582835
19 11 7 0.00464277 -0.0606161 0.00219799 0.0608333
19 12 7 -0.00211045 -0.0638647 -0.00403658 0.0640269
19 13 7 -0.00964187 -0.0663246 -0.0107893 0.0678847
19 14 7 -0.016787 -0.0680027 -0.0180002 0.07232
19 15 7 -0.0249895 -0.0688816 -0.0256381 0.0776303
19 16 7 -0.0328653 -0.0689295 -0.0336321 0.0834417
19 17 7 -0.0410605 -0.0681611 -0.0418348 0.0899002
19 18 7 -0.0499445 -0.0664465 -0.0501157 0.0970627
19 19 7 -0.05792 -0.0636053 -0.0582671 0.103901
19 20 7 -0.0670548 -0.0595558 -0.0660751 0.111396
19 21 7 -0.0749237 -0.0541705 -0.0732671 0.117966
19 22 7 -0.0828372 -0.0472157 -0.0796039 0.12421
19 23 7 -0.0901984 -0.0384904 -0.08479 0.12964
19 24 7 -0.0955679 -0.0278603 -0.0885442 0.133227
19 25 7 -0.100135 -0.0153675 -0.0905967 0.135908
19 26 7 -0.10172 -0.00121982 -0.0906138 0.136232
19 27 7 -0.100862 0.0141608 -0.0884075 0.134868
19 28 7 -0.0972711 0.0300712 -0.0837896 0.131858
19 29 7 -0.0899938 0.0456274 -0.0767202 0.126755
19 30 7 -0.0800265 0.0598058 -0.0673231 0.120471
19 31 7 -0.0672771 0.0716218 -0.0557946 0.113
19 32 7 -0.0459293 0.104291 -0.0392564 0.120529
19 33 7 0.00447868 0.281782 0.00235713 0.281827
19 34 7 0.106428 0.650333 0.0924598 0.665438
19 35 7 -0.0768188 -0.076666 -0.0448216 0.117421
19 36 7 0.0154435 -0.447553 0.00716436 0.447877
19 37 7 -0.00120064 0.225417 0.000901471 0.225422
19 38 7 0.000442775 -0.065309 0.00115202 0.0653207
19 39 7 0 -0.0198773 0 0.0198773
19 1 8 0.000136657 -0.00506396 -0.000960648 0.00515609
19 2 8 -0.00119005 -0.000643752 0.00541599 0.00558244
19 3 8 -0.00923062 -0.0643986 -0.0155814 0.0668967
19 4 8 0.00655275 0.333271 0.01157 0.333536
19 5 8 0.0391239 -0.0243837 0.0266528 0.0532505
19 6 8 0.0352977 -0.10156 0.0213074 0.109611
19 7 8 0.0303249 -0.0560964 0.0175557 0.0661408
19 8 8 0.025302 -0.0499885 0.0142158 0.0578025
19 9 8 0.0198687 -0.0555981 0.0105174 0.0599711
19 10 8 0.013197 -0.0606587 0.00645659 0.0624126
19 11 8 0.00584259 -0.0650327 0.00200926 0.0653256
19 12 8 -0.00163139 -0.0686589 -0.00280652 0.0687356
19 13 8 -0.00998209 -0.0714891 -0.00801892 0.0726267
19 14 8 -0.0180721 -0.0735063 -0.0135614 0.0769005
19 15 8 -0.0271267 -0.0746842 -0.0194047 0.0817932
19 16 8 -0.0359197 -0.0750036 -0.0255056 0.0869845
19 17 8 -0.0450744 -0.0744407 -0.0317652 0.0926399
19 18 8 -0.0547239 -0.072761 -0.0380912 0.0986905
19 19 8 -0.0638786 -0.0698041 -0.0443006 0.104478
19 20 8 -0.073882 -0.0654872 -0.0502316 0.110772
19 21 8 -0.0828966 -0.0596368 -0.0556761 0.116311
19 22 8 -0.0917546 -0.0519975 -0.060485 0.121577
19 23 8 -0.0997909 -0.0424178 -0.0644513 0.126141
19 24 8 -0.105965 -0.0307464 -0.067358 0.129271
19 25 8 -0.111059 -0.0169771 -0.0690035 0.131847
19 26 8 -0.112929 -0.00132519 -0.0691117 0.132405
19 27 8 -0.112022 0.015755 -0.0675285 0.131747
19 28 8 -0.107723 0.0335079 -0.0640768 0.129741
19 29 8 -0.0993894 0.0509664 -0.0587181 0.126189
19 30 8 -0.0877298 0.0669917 -0.0515421 0.121824
19 31 8 -0.0724397 0.080488 -0.0426746 0.116391
19 32 8 -0.0476284 0.117352 -0.0296206 0.130067
19 33 8 0.00957809 0.315761 0.00432486 0.315936
19 34 8 0.129209 0.722295 0.0763085 0.737718
19 35 8 -0.097043 -0.205745 -0.0523648 0.233432
19 36 8 0.0207133 -0.383547 0.0110828 0.384265
19 37 8 -0.00152931 0.214566 0.000110429 0.214571
19 38 8 0.000372098 -0.0644788 0.00122596 0.0644915
19 39 8 0 -0.0222855 0 0.0222855
19 1 9 0.000186431 -0.00619148 -0.000899435 0.00625925
19 2 9 -0.00145371 0.00569521 0.00508944 0.00777503
19 3 9 -0.00824865 -0.0847671 -0.0149405 0.086468
19 4 9 0.00401432 0.36022 0.011789 0.360436
19 5 9 0.04259 -0.0111841 0.0249339 0.0506033
19 6 9 0.0388129 -0.106337 0.0201519 0.114978
19 7 9 0.0339406 -0.0594542 0.0168007 0.0704913
19 8 9 0.0284217 -0.0531183 0.013668 0.0617751
19 9 9 0.0223994 -0.0591513 0.010109 0.0640531
19 10 9 0.0150999 -0.0646005 0.00616508 0.0666277
19 11 9 0.00709635 -0.0693466 0.00182907 0.0697328
19 12 9 -0.00118599 -0.073325 -0.0028637 0.0733904
19 13 9 -0.0103593 -0.0764808 -0.00791067 0.0775835
19 14 9 -0.0192508 -0.0787868 -0.0132365 0.0821776
19 15 9 -0.0290149 -0.0802334 -0.0188068 0.0873668
19 16 9 -0.0388873 -0.0808531 -0.024597 0.0930294
19 17 9 -0.0491912 -0.0806746 -0.0305958 0.099319
19 18 9 -0.0591306 -0.079016 -0.0367425 0.105309
19 19 9 -0.0693539 -0.0758666 -0.0427218 0.111314
19 20 9 -0.0802957 -0.0712137 -0.0483743 0.117724
19 21 9 -0.0902748 -0.0648669 -0.0535149 0.123374
19 22 9 -0.099747 -0.0565588 -0.0580572 0.128526
19 23 9 -0.108606 -0.0462128 -0.0618636 0.133259
19 24 9 -0.115847 -0.0335418 -0.0646786 0.136854
19 25 9 -0.121545 -0.0185199 -0.0662775 0.139674
19 26 9 -0.123818 -0.00141353 -0.0664028 0.140507
19 27 9 -0.123031 0.0173054 -0.0649074 0.140175
19 28 9 -0.118262 0.0368215 -0.0616101 0.138338
19 29 9 -0.10909 0.0560845 -0.0564823 0.135042
19 30 9 -0.0959243 0.0738512 -0.0496228 0.130835
19 31 9 -0.0784641 0.0889031 -0.0411847 0.125525
19 32 9 -0.05115 0.129656 -0.0288592 0.142337
19 33 9 0.0144902 0.347516 0.00288794 0.34783
19 34 9 0.14936 0.787885 0.0684979 0.804837
19 35 9 -0.116854 -0.323879 -0.0492711 0.347822
19 36 9 0.0257012 -0.322228 0.0114135 0.323453
19 37 9 -0.00183408 0.203121 -7.19698e-05 0.20313
19 38 9 0.000325889 -0.0634213 0.00120165 0.0634335
19 39 9 0 -0.0245745 0 0.0245745
19 1 10 0.000238639 -0.00722699 -0.000825969 0.00727795
19 2 10 -0.00166262 0.0115568 0.00471822 0.0125931
19 3 10 -0.00727285 -0.10403 -0.0142198 0.105249
19 4 10 0.0018712 0.386644 0.0119957 0.386835
19 5 10 0.0457556 -2.28584e-05 0.0231223 0.0512661
19 6 10 0.0421897 -0.110658 0.018806 0.119912
19 7 10 0.0372274 -0.0625073 0.0157598 0.0744406
19 8 10 0.0313711 -0.0560114 0.0128573 0.0654732
19 9 10 0.0248293 -0.0624814 0.00950665 0.0679029
19 10 10 0.016885 -0.0683303 0.00576565 0.0706214
19 11 10 0.00820928 -0.0734428 0.00163874 0.0739183
19 12 10 -0.000916173 -0.0777448 -0.00282099 0.0778014
19 13 10 -0.0108352 -0.0811801 -0.00758612 0.0822506
19 14 10 -0.0203973 -0.0837211 -0.0125937 0.0870854
19 15 10 -0.0305494 -0.0853882 -0.0177777 0.0924146
19 16 10 -0.0416083 -0.0863452 -0.0230729 0.0985855
19 17 10 -0.0537514 -0.0874949 -0.0287803 0.106644
19 18 10 -0.0632932 -0.0855734 -0.0350271 0.112052
19 19 10 -0.0743029 -0.0821255 -0.0408582 0.118046
19 20 10 -0.0864537 -0.076946 -0.0462099 0.124621
19 21 10 -0.097409 -0.0698375 -0.0508667 0.130205
19 22 10 -0.10704 -0.0607235 -0.0548892 0.134751
19 23 10 -0.117072 -0.0499289 -0.0585314 0.140088
19 24 10 -0.125381 -0.0362856 -0.0612999 0.144204
19 25 10 -0.131247 -0.0199247 -0.0628277 0.146868
19 26 10 -0.133675 -0.00142246 -0.0629349 0.147756
19 27 10 -0.132733 0.0188496 -0.0615087 0.147501
19 28 10 -0.127333 0.0400186 -0.0583968 0.145689
19 29 10 -0.117234 0.0609439 -0.0535957 0.142585
19 30 10 -0.102609 0.0802906 -0.0472075 0.138578
19 31 10 -0.0833513 0.0967138 -0.039401 0.133617
19 32 10 -0.0536523 0.140941 -0.028092 0.153402
19 33 10 0.0203457 0.376508 0.000927358 0.377059
19 34 10 0.168089 0.846884 0.0599937 0.865486
19 35 10 -0.135122 -0.429928 -0.0457024 0.452973
19 36 10 0.030788 -0.264342 0.0114769 0.266376
19 37 10 -0.00199454 0.191461 -0.000179469 0.191472
19 38 10 0.000353216 -0.0622709 0.00114155 0.0622824
19 39 10 0 -0.0266985 0 0.0266985
19 1 11 0.000320732 -0.00816347 -0.000739057 0.00820312
19 2 11 -0.00180416 0.0168857 0.00430891 0.01752
19 3 11 -0.00637961 -0.122044 -0.0134099 0.122944
19 4 11 7.30799e-05 0.41238 0.0121128 0.412557
19 5 11 0.0485072 0.00914038 0.0212399 0.0537366
19 6 11 0.0451584 -0.114597 0.0172887 0.124381
19 7 11 0.0399735 -0.0652588 0.014515 0.0778928
19 8 11 0.0338385 -0.0586456 0.0118557 0.068738
19 9 11 0.0268957 -0.0655597 0.00876183 0.0714018
19 10 11 0.0184179 -0.0718076 0.00529759 0.0743211
19 11 11 0.00923268 -0.0772583 0.00147695 0.0778221
19 12 11 -0.000620796 -0.0818342 -0.00263409 0.0818789
19 13 11 -0.0113017 -0.0854833 -0.0070005 0.0865109
19 14 11 -0.0219571 -0.0881829 -0.0116065 0.0916136
19 15 11 -0.0317244 -0.0899212 -0.0162334 0.0967253
19 16 11 -0.0456585 -0.0901628 -0.0203938 0.103102
19 17 11 -0.0564143 -0.0900683 -0.0257735 0.109358
19 18 11 -0.0720768 -0.0890819 -0.0335174 0.11939
19 19 11 -0.0852051 -0.0856243 -0.0393555 0.127044
19 20 11 -0.0947118 -0.0811157 -0.0443184 0.132341
19 21 11 -0.108534 -0.074129 -0.0478734 0.139881
19 22 11 -0.117313 -0.0643731 -0.0502049 0.142923
19 23 11 -0.126681 -0.0536871 -0.0540522 0.147825
19 24 11 -0.134046 -0.039548 -0.0572445 0.151028
19 25 11 -0.139508 -0.0211157 -0.0586973 0.152819
19 26 11 -0.142617 -0.00142142 -0.0588205 0.154277
19 27 11 -0.141788 0.0202926 -0.0574665 0.154331
19 28 11 -0.136051 0.042987 -0.0545553 0.152755
19 29 11 -0.125286 0.0654217 -0.0501343 0.149967
19 30 11 -0.109336 0.0861853 -0.0443141 0.146102
19 31 11 -0.0883874 0.103807 -0.0372654 0.14134
19 32 11 -0.0563192 0.151076 -0.0271471 0.163501
19 33 11 0.0250893 0.402426 -0.00122296 0.403209
19 34 11 0.183682 0.899169 0.0511552 0.919163
19 35 11 -0.152943 -0.523124 -0.0416678 0.546614
19 36 11 0.0351661 -0.21069 0.0112399 0.2139
19 37 11 -0.00244865 0.180017 -0.00019805 0.180034
19 38 11 0.000248611 -0.0611558 0.00105155 0.0611653
19 39 11 0 -0.0286171 0 0.0286171
19 1 12 0.000432801 -0.0089929 -0.000644363 0.00902634
19 2 12 -0.00191261 0.0216419 0.00385936 0.0220663
19 3 12 -0.00561459 -0.138664 -0.0125059 0.13934
19 4 12 -0.00135522 0.437165 0.0120777 0.437334
19 5 12 0.0508777 0.0163908 0.0193054 0.0568322
19 6 12 0.047716 -0.118243 0.0156506 0.128465
19 7 12 0.0423526 -0.0677616 0.0131374 0.0809813
19 8 12 0.0360801 -0.0610675 0.0107348 0.0717374
19 9 12 0.0288815 -0.068401 0.00793262 0.074671
19 10 12 0.0199572 -0.0749965 0.00479773 0.0777546
19 11 12 0.0103828 -0.0807124 0.00136196 0.0813889
19 12 12 -0.000103526 -0.0854742 -0.00227835 0.0855047
19 13 12 -0.0114598 -0.0892003 -0.00605804 0.0901373
19 14 12 -0.0321156 -0.0920132 -0.0102559 0.0979951
19 15 12 -0.0447214 -0.0934296 -0.0145428 0.104597
19 16 12 -0.0502379 -0.0941278 -0.0193081 0.108428
19 17 12 -0.0648738 -0.0947599 -0.0247377 0.117473
19 18 12 -0.0816034 -0.0928982 -0.0314097 0.127576
19 19 12 -0.0921843 -0.0901011 -0.0362659 0.133908
19 20 12 -0.103041 -0.086118 -0.0409461 0.140393
19 21 12 -0.116028 -0.078215 -0.0449776 0.14698
19 22 12 -0.123924 -0.0666116 -0.0460962 0.148051
19 23 12 -0.133669 -0.0562758 -0.0493959 0.153213
19 24 12 -0.144898 -0.0428098 -0.0530682 0.160138
19 25 12 -0.14871 -0.0231681 -0.0536147 0.159769
19 26 12 -0.150315 -0.00163067 -0.0540796 0.159756
19 27 12 -0.149539 0.0215657 -0.0528764 0.160072
19 28 12 -0.143376 0.0456773 -0.0501984 0.158629
19 29 12 -0.131966 0.0694311 -0.0462007 0.156109
19 30 12 -0.114832 0.0914204 -0.0410067 0.1524
19 31 12 -0.0922672 0.110063 -0.0347845 0.147773
19 32 12 -0.0579195 0.159951 -0.0259322 0.17208
19 33 12 0.0296385 0.425103 -0.0032808 0.426148
19 34 12 0.197195 0.944728 0.0423532 0.966018
19 35 12 -0.169046 -0.603068 -0.0372043 0.627417
19 36 12 0.0398121 -0.162115 0.0106418 0.167271
19 37 12 -0.00253825 0.16926 -0.000129824 0.169279
19 38 12 0.000272866 -0.0601921 0.000937154 0.0602
19 39 12 0 -0.030293 0 0.030293
19 1 13 0.000534971 -0.00970848 -0.000546431 0.00973855
19 2 13 -0.00202699 0.0257918 0.00337918 0.0260911
19 3 13 -0.00495786 -0.153757 -0.0114883 0.154265
19 4 13 -0.00238918 0.460672 0.0118444 0.460831
19 5 13 0.0528777 0.0218862 0.0173262 0.0597934
19 6 13 0.0498398 -0.121625 0.0139314 0.132177
19 7 13 0.0443625 -0.0700167 0.0116765 0.0837061
19 8 13 0.03795 -0.0632423 0.0095399 0.0743694
19 9 13 0.0304539 -0.0709201 0.00704963 0.0775036
19 10 13 0.0210295 -0.0777806 0.00428117 0.0806869
19 11 13 0.0111263 -0.0836787 0.00130332 0.0844252
19 12 13 9.31215e-05 -0.0884857 -0.00168203 0.0885017
19 13 13 -0.0175528 -0.092032 -0.00410448 0.0937807
19 14 13 -0.035597 -0.0947196 -0.00868515 0.10156
19 15 13 -0.0436178 -0.0969582 -0.0134906 0.10717
19 16 13 -0.0522902 -0.0995762 -0.0188571 0.114041
19 17 13 -0.0708711 -0.100366 -0.0237416 0.125139
19 18 13 -0.0880107 -0.0964143 -0.0272786 0.133363
19 19 13 -0.0978962 -0.0936375 -0.0316591 0.139119
19 20 13 -0.112085 -0.0901794 -0.037531 0.148674
19 21 13 -0.126724 -0.0821866 -0.0420448 0.156784
19 22 13 -0.131482 -0.0697115 -0.0431837 0.154958
19 23 13 -0.140609 -0.0590189 -0.0463152 0.159371
19 24 13 -0.151252 -0.0431377 -0.0495886 0.164915
19 25 13 -0.15403 -0.0205045 -0.04934 0.163034
19 26 13 -0.158908 0.00107387 -0.0485957 0.166176
19 27 13 -0.156254 0.0239533 -0.0478355 0.165158
19 28 13 -0.149928 0.0481465 -0.045402 0.163884
19 29 13 -0.13798 0.0729784 -0.0418805 0.161611
19 30 13 -0.119947 0.0959927 -0.0373487 0.158104
19 31 13 -0.0960243 0.115456 -0.0319868 0.153538
19 32 13 -0.0595948 0.167532 -0.0244106 0.179483
19 33 13 0.0330279 0.444507 -0.00502792 0.445761
19 34 13 0.20793 0.983697 0.0339841 1.00601
19 35 13 -0.184093 -0.669746 -0.032321 0.695337
19 36 13 0.0438486 -0.119485 0.00964024 0.127641
19 37 13 -0.00278395 0.159668 1.30859e-05 0.159693
19 38 13 0.000215433 -0.0594898 0.000801608 0.0594956
19 39 13 0 -0.0316945 0 0.0316945
19 1 14 0.000592726 -0.0103061 -0.000444303 0.0103327
19 2 14 -0.00214317 0.0293096 0.00288402 0.029529
19 3 14 -0.00440295 -0.167191 -0.0103499 0.167569
19 4 14 -0.00312328 0.482538 0.0113593 0.482682
19 5 14 0.0544478 0.0258494 0.0152949 0.0621827
19 6 14 0.0514956 -0.124732 0.0121653 0.135491
19 7 14 0.0459614 -0.0720102 0.0101815 0.0860325
19 8 14 0.0393551 -0.065138 0.00832117 0.0765574
19 9 14 0.0316 -0.0730844 0.00616063 0.0798614
19 10 14 0.0217764 -0.0801574 0.00378692 0.0831491
19 11 14 0.0118604 -0.0861842 0.00129329 0.0870061
19 12 14 -0.00483836 -0.0907778 -0.000810522 0.0909102
19 13 14 -0.0182479 -0.0949585 -0.00458992 0.0968048
19 14 14 -0.0303147 -0.0983356 -0.00876969 0.103275
19 15 14 -0.0367819 -0.101321 -0.0127195 0.108539
19 16 14 -0.0524805 -0.103971 -0.0185806 0.117939
19 17 14 -0.0725142 -0.104614 -0.0237513 0.129485
19 18 14 -0.0892574 -0.0994848 -0.0243332 0.135854
19 19 14 -0.0995497 -0.0955172 -0.0272631 0.140631
19 20 14 -0.113102 -0.0922292 -0.0330824 0.149642
19 21 14 -0.131926 -0.0854757 -0.0379259 0.161706
19 22 14 -0.141013 -0.0742445 -0.0385882 0.163969
19 23 14 -0.149161 -0.0618132 -0.0421796 0.16688
19 24 14 -0.155421 -0.0416483 -0.0442282 0.166873
19 25 14 -0.159028 -0.0195387 -0.0428476 0.165854
19 26 14 -0.16253 -0.000164514 -0.0419214 0.16785
19 27 14 -0.159579 0.0242167 -0.0412294 0.166589
19 28 14 -0.155405 0.0492936 -0.0401766 0.167913
19 29 14 -0.142872 0.0759307 -0.0372757 0.166034
19 30 14 -0.12407 0.0999084 -0.0334122 0.162762
19 31 14 -0.0990458 0.120019 -0.0289053 0.158273
19 32 14 -0.0608894 0.173871 -0.0225802 0.185603
19 33 14 0.0358442 0.46076 -0.00634036 0.462196
19 34 14 0.216693 1.01641 0.02638 1.03958
19 35 14 -0.1974 -0.723474 -0.0270328 0.750408
19 36 14 0.0474409 -0.0836146 0.00822975 0.0964871
19 37 14 -0.00302769 0.151733 0.000220636 0.151763
19 38 14 0.000172515 -0.0591441 0.00064788 0.0591479
19 39 14 0 -0.0327974 0 0.0327974
19 1 15 0.000645583 -0.0107839 -0.000338238 0.0108085
19 2 15 -0.00218295 0.0321785 0.00237855 0.03234
19 3 15 -0.00393925 -0.178839 -0.00910213 0.179114
19 4 15 -0.00359534 0.502376 0.0105896 0.5025
19 5 15 0.0557283 0.0285181 0.0132285 0.0639837
19 6 15 0.0528968 -0.127559 0.0103996 0.138483
19 7 15 0.047363 -0.0737563 0.00869528 0.0880844
19 8 15 0.0405314 -0.0667745 0.00710986 0.0784358
19 9 15 0.032604 -0.0749307 0.00529269 0.081888
19 10 15 0.0221877 -0.0821757 0.00333803 0.0851839
19 11 15 0.0112518 -0.0883602 0.00115107 0.0890812
19 12 15 -0.00471222 -0.0929079 -0.00104062 0.0930332
19 13 15 -0.0159603 -0.0982706 -0.00509732 0.0996887
19 14 15 -0.0258317 -0.103417 -0.00983163 0.107047
19 15 15 -0.038048 -0.105914 -0.0135638 0.113355
19 16 15 -0.0576725 -0.106665 -0.0181079 0.122602
19 17 15 -0.0752818 -0.104364 -0.0228376 0.130693
19 18 15 -0.0859976 -0.0987152 -0.0230832 0.13294
19 19 15 -0.0943682 -0.0961604 -0.0247728 0.136989
19 20 15 -0.110214 -0.0932718 -0.0303225 0.147534
19 21 15 -0.130666 -0.0854998 -0.034241 0.159863
19 22 15 -0.142061 -0.074491 -0.0335742 0.163883
19 23 15 -0.150942 -0.0613661 -0.0373921 0.167175
19 24 15 -0.16278 -0.0419043 -0.0379216 0.172312
19 25 15 -0.16891 -0.0221212 -0.0368953 0.174302
19 26 15 -0.169691 -0.000950016 -0.0386074 0.17403
19 27 15 -0.165763 0.0255616 -0.0378383 0.171937
19 28 15 -0.159865 0.0517474 -0.0351861 0.171676
19 29 15 -0.146613 0.0786326 -0.0325706 0.169526
19 30 15 -0.127212 0.103225 -0.0292819 0.16642
19 31 15 -0.101271 0.123784 -0.0255656 0.161963
19 32 15 -0.0618402 0.179028 -0.0204235 0.190506
19 33 15 0.0380933 0.474044 -0.00713423 0.475626
19 34 15 0.223762 1.0433 0.019772 1.06721
19 35 15 -0.208491 -0.764916 -0.021401 0.79311
19 36 15 0.0508544 -0.0552634 0.00642427 0.0753756
19 37 15 -0.00305225 0.145921 0.000483418 0.145954
19 38 15 0.000231524 -0.0592317 0.00047935 0.0592341
19 39 15 0 -0.0335819 0 0.0335819
19 1 16 0.000718798 -0.0111401 -0.000231021 0.0111657
19 2 16 -0.00218155 0.0343919 0.0018643 0.0345114
19 3 16 -0.00367365 -0.188582 -0.00774909 0.188777
19 4 16 -0.00387044 0.519797 0.00954796 0.519899
19 5 16 0.0567876 0.0301395 0.0111528 0.0652504
19 6 16 0.0540463 -0.130071 0.0086517 0.141118
19 7 16 0.0485069 -0.0752458 0.00721367 0.0898159
19 8 16 0.0414385 -0.0681488 0.00589764 0.0799762
19 9 16 0.0336079 -0.0764501 0.00447934 0.0836312
19 10 16 0.0229504 -0.0837482 0.00322039 0.0868956
19 11 16 0.0124753 -0.0897191 0.0012647 0.0905911
19 12 16 0.003607 -0.0953721 -0.000870497 0.0954442
19 13 16 -0.00667796 -0.101153 -0.00397331 0.101451
19 14 16 -0.0231249 -0.107122 -0.00881982 0.109944
19 15 16 -0.0421359 -0.108905 -0.0120469 0.117392
19 16 16 -0.063962 -0.108372 -0.0149072 0.12672
19 17 16 -0.080503 -0.104564 -0.0190807 0.133336
19 18 16 -0.0879703 -0.0988887 -0.0210588 0.13402
19 19 16 -0.0943725 -0.0975767 -0.0233717 0.137745
19 20 16 -0.111646 -0.093706 -0.0273498 0.148303
19 21 16 -0.131523 -0.0831666 -0.0289299 0.158278
19 22 16 -0.143525 -0.0723754 -0.0275156 0.163079
19 23 16 -0.155274 -0.0609871 -0.0311849 0.169711
19 24 16 -0.166881 -0.0426529 -0.0339826 0.175566
19 25 16 -0.172075 -0.0206371 -0.033043 0.17643
19 26 16 -0.173254 0.00305202 -0.0338091 0.176549
19 27 16 -0.168479 0.028589 -0.031763 0.173814
19 28 16 -0.163242 0.0546239 -0.0295462 0.174656
19 29 16 -0.149758 0.0808357 -0.0277486 0.172429
19 30 16 -0.130371 0.105946 -0.025024 0.169845
19 31 16 -0.103638 0.12682 -0.0220186 0.165254
19 32 16 -0.0633111 0.183127 -0.0179344 0.194591
19 33 16 0.0389767 0.484635 -0.00734002 0.486256
19 34 16 0.228372 1.06496 0.0143103 1.08926
19 35 16 -0.218128 -0.794955 -0.0155071 0.824484
19 36 16 0.0533064 -0.0350782 0.00425854 0.0639546
19 37 16 -0.00336127 0.14265 0.000792544 0.142692
19 38 16 0.000142869 -0.0598125 0.000301795 0.0598134
19 39 16 0 -0.0340347 0 0.0340347
19 1 17 0.000777401 -0.0113728 -0.000123656 0.0114
19 2 17 -0.00222345 0.035948 0.00134881 0.036042
19 3 17 -0.00360523 -0.196321 -0.00629157 0.196455
19 4 17 -0.00386671 0.53444 0.00825983 0.534518
19 5 17 0.0577308 0.0309546 0.00906222 0.0661298
19 6 17 0.0549887 -0.132226 0.00690378 0.143371
19 7 17 0.0494832 -0.0764817 0.00571442 0.0912726
19 8 17 0.0421402 -0.0692915 0.00465488 0.0812328
19 9 17 0.0346161 -0.077716 0.00368229 0.0851563
19 10 17 0.0251244 -0.0850906 0.00396009 0.0888106
19 11 17 0.0149079 -0.0910785 0.00136077 0.0923005
19 12 17 0.00801917 -0.0976208 -0.00126195 0.0979577
19 13 17 -0.00561559 -0.103676 -0.00397057 0.103903
19 14 17 -0.0304586 -0.108009 -0.00743268 0.112467
19 15 17 -0.0539988 -0.10726 -0.00857196 0.120391
19 16 17 -0.073107 -0.105817 -0.010512 0.129044
19 17 17 -0.0892919 -0.106101 -0.0151565 0.1395
19 18 17 -0.100437 -0.105331 -0.0178185 0.146628
19 19 17 -0.105654 -0.101643 -0.0203715 0.148017
19 20 17 -0.118547 -0.0936796 -0.0223228 0.152734
19 21 17 -0.139651 -0.0829286 -0.0230418 0.164044
19 22 17 -0.151261 -0.0733514 -0.0205428 0.169359
19 23 17 -0.156244 -0.0630607 -0.0214199 0.169846
19 24 17 -0.164866 -0.0450794 -0.0266609 0.172984
19 25 17 -0.171452 -0.0234835 -0.0260734 0.175006
19 26 17 -0.174893 -0.000428603 -0.026341 0.176866
19 27 17 -0.173522 0.0263803 -0.024517 0.17722
19 28 17 -0.165245 0.0548713 -0.0239285 0.175754
19 29 17 -0.152241 0.0825571 -0.022853 0.174686
19 30 17 -0.132216 0.108102 -0.0206851 0.172032
19 31 17 -0.104562 0.129193 -0.0183308 0.167212
19 32 17 -0.0635789 0.186287 -0.0151656 0.197421
19 33 17 0.040468 0.492825 -0.00696894 0.494533
19 34 17 0.232494 1.08197 0.0100167 1.10671
19 35 17 -0.224798 -0.814579 -0.00944507 0.845081
19 36 17 0.0557463 -0.0235499 0.00178611 0.0605429
19 37 17 -0.00332213 0.142264 0.00113251 0.142307
19 38 17 0.00017256 -0.0609262 0.000119057 0.0609266
19 39 17 0 -0.034148 0 0.034148
19 1 18 0.000811675 -0.0114821 -1.55684e-05 0.0115107
19 2 18 -0.00226454 0.0368432 0.000837598 0.0369222
19 3 18 -0.00359459 -0.201984 -0.00474757 0.202071
19 4 18 -0.0035821 0.546001 0.0067532 0.546055
19 5 18 0.0584668 0.031172 0.0069539 0.0666214
19 6 18 0.055648 -0.133995 0.00516579 0.145183
19 7 18 0.0503394 -0.0774842 0.00420639 0.0924962
19 8 18 0.0425906 -0.0702403 0.00331765 0.0822111
19 9 18 0.0343318 -0.0787884 0.00234883 0.0859756
19 10 18 0.0228544 -0.0862799 0.00186693 0.0892751
19 11 18 0.0158354 -0.0924169 0.00178282 0.0937807
19 12 18 0.00938886 -0.0998518 -0.000930212 0.100297
19 13 18 -0.00649961 -0.106063 -0.0043651 0.106351
19 14 18 -0.039506 -0.10723 -0.00740676 0.114516
19 15 18 -0.0656361 -0.105121 -0.00801405 0.124189
19 16 18 -0.0782066 -0.105355 -0.00799096 0.131453
19 17 18 -0.0870261 -0.110382 -0.0110666 0.140997
19 18 18 -0.102113 -0.1114 -0.0141632 0.151782
19 19 18 -0.112356 -0.103426 -0.0158305 0.153529
19 20 18 -0.123169 -0.0938988 -0.015336 0.155637
19 21 18 -0.14503 -0.0862654 -0.0171633 0.169618
19 22 18 -0.160265 -0.0759677 -0.0165921 0.178133
19 23 18 -0.162844 -0.0631806 -0.0185572 0.175654
19 24 18 -0.167979 -0.0475016 -0.022345 0.175991
19 25 18 -0.166974 -0.0260612 -0.0206419 0.170252
19 26 18 -0.169289 -0.00139922 -0.0218023 0.170692
19 27 18 -0.172303 0.0273198 -0.020555 0.175662
19 28 18 -0.167371 0.0561366 -0.0189811 0.177551
19 29 18 -0.154172 0.0839385 -0.017665 0.176428
19 30 18 -0.134149 0.109692 -0.0161809 0.174041
19 31 18 -0.106385 0.13093 -0.0144988 0.169324
19 32 18 -0.065227 0.188599 -0.0121634 0.199931
19 33 18 0.040278 0.498872 -0.00609794 0.500532
19 34 18 0.234351 1.09489 0.00677109 1.11971
19 35 18 -0.22995 -0.824754 -0.0033084 0.856217
19 36 18 0.0570916 -0.0209843 -0.000910499 0.0608327
19 37 18 -0.0034252 0.145007 0.00148723 0.145055
19 38 18 0.0001403 -0.0625922 -6.64789e-05 0.0625924
19 39 18 0 -0.0339173 0 0.0339173
19 1 19 0.000839821 -0.0114664 9.34119e-05 0.0114975
19 2 19 -0.002248 0.0370781 0.000329933 0.0371476
19 3 19 -0.00365831 -0.205511 -0.00314578 0.205567
19 4 19 -0.0032563 0.554272 0.00508518 0.554305
19 5 19 0.0588619 0.0309553 0.00485776 0.0666825
19 6 19 0.0559629 -0.135362 0.00347449 0.146516
19 7 19 0.0509907 -0.0782662 0.00271795 0.0934507
19 8 19 0.0432451 -0.0709896 0.00196245 0.0831475
19 9 19 0.0350068 -0.0796594 0.000870096 0.0870164
19 10 19 0.024427 -0.0873915 -0.00117475 0.0907488
19 11 19 0.0194244 -0.0945844 0.000991337 0.0965634
19 12 19 0.0116014 -0.101744 -0.000497885 0.102405
19 13 19 -0.00752842 -0.106826 -0.00365529 0.107154
19 14 19 -0.0455465 -0.106012 -0.00694277 0.115591
19 15 19 -0.0727885 -0.105006 -0.00725231 0.127973
19 16 19 -0.0781674 -0.10784 -0.00643853 0.133345
19 17 19 -0.0794834 -0.113692 -0.00778552 0.138939
19 18 19 -0.0967609 -0.112042 -0.00938912 0.148338
19 19 19 -0.115467 -0.101922 -0.00940317 0.154302
19 20 19 -0.125753 -0.0971839 -0.0081997 0.159141
19 21 19 -0.144526 -0.096102 -0.0109068 0.173903
19 22 19 -0.158579 -0.0830737 -0.0131638 0.179504
19 23 19 -0.167749 -0.0612163 -0.0172068 0.179397
19 24 19 -0.17766 -0.040022 -0.0203929 0.183251
19 25 19 -0.173459 -0.0160871 -0.0184776 0.175181
19 26 19 -0.174979 0.00760685 -0.0190235 0.176174
19 27 19 -0.176748 0.0333997 -0.0164806 0.180629
19 28 19 -0.170269 0.0589478 -0.0138645 0.180717
19 29 19 -0.156249 0.0847242 -0.0122183 0.178161
19 30 19 -0.135492 0.110678 -0.0116397 0.175337
19 31 19 -0.107338 0.132073 -0.0105813 0.170518
19 32 19 -0.0657816 0.190164 -0.00899232 0.201421
19 33 19 0.0407858 0.50298 -0.00486304 0.504654
19 34 19 0.235972 1.10411 0.00431455 1.12905
19 35 19 -0.232234 -0.826308 0.00280025 0.858327
19 36 19 0.057905 -0.0274737 -0.00372828 0.0642004
19 37 19 -0.00344482 0.151007 0.001844 0.151058
19 38 19 0.000130138 -0.0648122 -0.000251112 0.0648128
19 39 19 0 -0.0333442 0 0.0333442
19 1 20 0.000866759 -0.0113227 0.000202151 0.0113576
19 2 20 -0.0021805 0.0366561 -0.000177342 0.0367214
19 3 20 -0.00388618 -0.206866 -0.00151383 0.206909
19 4 20 -0.0029747 0.559141 0.00333494 0.559159
19 5 20 0.0591911 0.0303952 0.00279529 0.0665979
19 6 20 0.0562291 -0.136332 0.0018381 0.147484
19 7 20 0.0512111 -0.0788429 0.00126854 0.0940233
19 8 20 0.0434233 -0.0715172 0.000747648 0.0836711
19 9 20 0.0351385 -0.080233 0.000175962 0.0875904
19 10 20 0.0245156 -0.0880068 -0.00044045 0.0913587
19 11 20 0.0194331 -0.095221 -0.00106032 0.0971895
19 12 20 0.0114228 -0.102389 -0.00180147 0.10304
19 13 20 -0.00782564 -0.107541 -0.0026157 0.107857
19 14 20 -0.045867 -0.106767 -0.00342113 0.116253
19 15 20 -0.0732282 -0.105815 -0.00427082 0.128753
19 16 20 -0.0788942 -0.108753 -0.00507542 0.134452
19 17 20 -0.0803548 -0.114746 -0.00572514 0.140201
19 18 20 -0.0974065 -0.113221 -0.00618012 0.149483
19 19 20 -0.115604 -0.103157 -0.0065294 0.155075
19 20 20 -0.125362 -0.0983109 -0.00690098 0.159462
19 21 20 -0.143883 -0.0970523 -0.007296 0.173709
19 22 20 -0.158047 -0.0838598 -0.00766433 0.179081
19 23 20 -0.167468 -0.0618629 -0.00798075 0.178707
19 24 20 -0.177737 -0.0405221 -0.00817092 0.182481
19 25 20 -0.173891 -0.0164039 -0.00830242 0.17486
19 26 20 -0.17573 0.00749404 -0.00844516 0.176093
19 27 20 -0.177608 0.0334975 -0.00839699 0.180934
19 28 20 -0.171145 0.0592693 -0.00822909 0.181304
19 29 20 -0.157129 0.0851997 -0.00795101 0.178918
19 30 20 -0.136292 0.111288 -0.00734575 0.176109
19 31 20 -0.108047 0.132774 -0.00664464 0.17131
19 32 20 -0.0663883 0.191099 -0.00571351 0.202383
19 33 20 0.0404309 0.505274 -0.0034164 0.506901
19 34 20 0.236221 1.10983 0.0023056 1.1347
19 35 20 -0.232118 -0.819854 0.00877489 0.852125
19 36 20 0.0580122 -0.0429061 -0.00656042 0.0724527
19 37 20 -0.00345798 0.160265 0.00218775 0.160317
19 38 20 0.000119097 -0.0675688 -0.000431607 0.0675703
19 39 20 0 -0.032435 0 0.032435
19 1 21 0.000891695 -0.0110492 0.000309569 0.0110895
19 2 21 -0.00206543 0.0355773 -0.000686328 0.0356438
19 3 21 -0.00428323 -0.206047 0.000120789 0.206091
19 4 21 -0.00275342 0.560598 0.00157649 0.560607
19 5 21 0.0594504 0.029516 0.000747703 0.0663785
19 6 21 0.0564501 -0.136897 0.000223509 0.148079
19 7 21 0.0510096 -0.0792099 -0.000156499 0.0942136
19 8 21 0.0431336 -0.0718195 -0.000441882 0.083778
19 9 21 0.0347253 -0.0805084 -0.000493299 0.0876795
19 10 21 0.0230804 -0.0881343 0.000310354 0.0911069
19 11 21 0.0156671 -0.0943845 -0.00310311 0.0957262
19 12 21 0.00884825 -0.101873 -0.00308089 0.102303
19 13 21 -0.00726084 -0.108186 -0.00154457 0.10844
19 14 21 -0.0404757 -0.109496 0.000109596 0.116738
19 15 21 -0.0669029 -0.107548 -0.00126022 0.126666
19 16 21 -0.0799092 -0.108024 -0.00362315 0.134416
19 17 21 -0.0888539 -0.113312 -0.00351639 0.144038
19 18 21 -0.102976 -0.114569 -0.00279633 0.154071
19 19 21 -0.111803 -0.106694 -0.003542 0.154584
19 20 21 -0.121667 -0.0969664 -0.00559731 0.155681
19 21 21 -0.143421 -0.0889814 -0.00377195 0.168824
19 22 21 -0.159434 -0.0782815 -0.00231741 0.17763
19 23 21 -0.162923 -0.0650622 0.0010514 0.175436
19 24 21 -0.169019 -0.0488577 0.00381898 0.17598
19 25 21 -0.168943 -0.0268256 0.00162541 0.171067
19 26 21 -0.171913 -0.00155189 0.00196715 0.171931
19 27 21 -0.175111 0.0277569 -0.000440113 0.177298
19 28 21 -0.170129 0.0571343 -0.00265797 0.179486
19 29 21 -0.156836 0.0853908 -0.00373513 0.178614
19 30 21 -0.136615 0.111543 -0.00307968 0.176394
19 31 21 -0.108613 0.133052 -0.00271426 0.171776
19 32 21 -0.0671495 0.191427 -0.00241717 0.202877
19 33 21 0.0391476 0.505791 -0.00191605 0.507307
19 34 21 0.235088 1.1121 0.000386752 1.13668
19 35 21 -0.229676 -0.805705 0.0145317 0.837928
19 36 21 0.0574026 -0.0669637 -0.00929573 0.0886882
19 37 21 -0.00347584 0.172649 0.00250272 0.172702
19 38 21 0.000102535 -0.0708228 -0.000605229 0.0708255
19 39 21 0 -0.0311986 0 0.0311986
19 1 22 0.000910227 -0.0106456 0.000414582 0.0106925
19 2 22 -0.00189188 0.0338389 -0.00119902 0.033913
19 3 22 -0.00474266 -0.203079 0.00173004 0.203141
19 4 22 -0.00250239 0.55873 -0.000117337 0.558735
19 5 22 0.0593869 0.0282729 -0.00130486 0.0657865
19 6 22 0.0563509 -0.137043 -0.00140413 0.148183
19 7 22 0.0506279 -0.0793492 -0.00157312 0.094138
19 8 22 0.043069 -0.071918 -0.00172088 0.0838457
19 9 22 0.0352895 -0.0805822 -0.00189335 0.0879911
19 10 22 0.0255144 -0.0881903 -0.0026548 0.0918453
19 11 22 0.0148356 -0.0943906 -0.00383033 0.0956261
19 12 22 0.0073741 -0.101092 -0.00256517 0.101393
19 13 22 -0.00669139 -0.107299 -0.000708089 0.10751
19 14 22 -0.032041 -0.111814 0.000672421 0.116316
19 15 22 -0.0560317 -0.111242 -0.000361591 0.124557
19 16 22 -0.0755078 -0.110034 -0.0018885 0.133463
19 17 22 -0.0913986 -0.110554 -3.09603e-05 0.143443
19 18 22 -0.101039 -0.109923 0.00213042 0.14932
19 19 22 -0.104564 -0.106253 0.00290472 0.149103
19 20 22 -0.116855 -0.0981032 0.00134491 0.152581
19 21 22 -0.138635 -0.0869809 0.00210986 0.163676
19 22 22 -0.151697 -0.0768099 0.000648927 0.170036
19 23 22 -0.158179 -0.0657577 0.00191658 0.171314
19 24 22 -0.16821 -0.0469292 0.00529158 0.174714
19 25 22 -0.17579 -0.0243949 0.00330949 0.177506
19 26 22 -0.179755 -0.000405775 0.00438575 0.179809
19 27 22 -0.178435 0.0272966 0.00334946 0.180542
19 28 22 -0.169939 0.0566369 0.00225315 0.179143
19 29 22 -0.15678 0.0850991 0.00156765 0.178394
19 30 22 -0.136362 0.111262 0.00138317 0.175999
19 31 22 -0.108274 0.132798 0.00118594 0.171347
19 32 22 -0.0667482 0.191074 0.00080648 0.202399
19 33 22 0.0386698 0.504482 -0.000519073 0.505962
19 34 22 0.233877 1.11079 -0.00179556 1.13514
19 35 22 -0.224471 -0.783857 0.0199996 0.81561
19 36 22 0.056299 -0.0991395 -0.0118274 0.114622
19 37 22 -0.00340172 0.187904 0.00277368 0.187955
19 38 22 0.000112878 -0.0745142 -0.000769361 0.0745182
19 39 22 0 -0.0296466 0 0.0296466
19 1 23 0.00090126 -0.0101098 0.000515985 0.010163
19 2 23 -0.00172059 0.0314414 -0.00171802 0.0315353
19 3 23 -0.00524122 -0.198015 0.00328525 0.198111
19 4 23 -0.00199124 0.553723 -0.00166991 0.553729
19 5 23 0.0591373 0.0265507 -0.00334314 0.0649102
19 6 23 0.0559942 -0.136772 -0.0030406 0.147821
19 7 23 0.0501519 -0.0792419 -0.0029659 0.0938259
19 8 23 0.0427795 -0.0718144 -0.00293367 0.0836421
19 9 23 0.0345899 -0.0804594 -0.0030956 0.0876343
19 10 23 0.0235321 -0.0880943 -0.00460689 0.0912995
19 11 23 0.0126847 -0.0943794 -0.00328036 0.0952845
19 12 23 0.00306157 -0.100262 -0.00210538 0.100331
19 13 23 -0.00799036 -0.106247 -0.000948248 0.106551
19 14 23 -0.0252319 -0.112437 0.000944652 0.115237
19 15 23 -0.044919 -0.114329 0.000471677 0.122838
19 16 23 -0.0671489 -0.11394 0.000865652 0.132258
19 17 23 -0.0835074 -0.110335 0.00413119 0.138435
19 18 23 -0.0898424 -0.104705 0.0055978 0.13808
19 19 23 -0.0949694 -0.103283 0.00703988 0.140485
19 20 23 -0.112041 -0.0991296 0.00782013 0.149804
19 21 23 -0.132924 -0.0880845 0.00745835 0.159635
19 22 23 -0.14641 -0.0765627 0.00408887 0.165271
19 23 23 -0.159649 -0.064254 0.00432605 0.172148
19 24 23 -0.172696 -0.0449088 0.00919297 0.178676
19 25 23 -0.178691 -0.0217147 0.00837088 0.1802
19 26 23 -0.180163 0.00323251 0.0085834 0.180396
19 27 23 -0.175421 0.0299902 0.00697674 0.178102
19 28 23 -0.169966 0.0572118 0.00690588 0.17947
19 29 23 -0.156182 0.0845301 0.00654775 0.17771
19 30 23 -0.136219 0.1105 0.00577297 0.175497
19 31 23 -0.108834 0.131999 0.00499502 0.171153
19 32 23 -0.0676991 0.189984 0.00389634 0.201723
19 33 23 0.0365797 0.501215 0.000622895 0.502548
19 34 23 0.230547 1.10557 -0.00457499 1.12936
19 35 23 -0.217994 -0.754066 0.0251085 0.785345
19 36 23 0.0541251 -0.138771 -0.014061 0.149615
19 37 23 -0.00347287 0.205661 0.0029873 0.205712
19 38 23 6.16902e-05 -0.0785654 -0.000921101 0.0785708
19 39 23 0 -0.0277945 0 0.0277945
19 1 24 0.000873185 -0.00943885 0.000613871 0.00949901
19 2 24 -0.00160132 0.0283904 -0.0022432 0.0285238
19 3 24 -0.00592112 -0.190924 0.00475582 0.191075
19 4 24 -0.0012414 0.545852 -0.00302843 0.545862
19 5 24 0.0587975 0.0241875 -0.00534098 0.0638021
19 6 24 0.0554771 -0.136101 -0.00465362 0.147047
19 7 24 0.0495632 -0.0788599 -0.00431117 0.0932415
19 8 24 0.0423402 -0.0714646 -0.00400891 0.0831622
19 9 24 0.0339438 -0.0800738 -0.00371782 0.0870507
19 10 24 0.0229934 -0.0877624 -0.00369568 0.0907998
19 11 24 0.0114694 -0.0943635 -0.00303627 0.0951065
19 12 24 -0.00513643 -0.0992345 -0.00236548 0.0993955
19 13 24 -0.017309 -0.104882 -0.000751782 0.106303
19 14 24 -0.0283642 -0.11028 0.00259677 0.113899
19 15 24 -0.0416448 -0.112878 0.00421399 0.120389
19 16 24 -0.0618945 -0.113682 0.00552717 0.129557
19 17 24 -0.0798473 -0.111478 0.00817049 0.137367
19 18 24 -0.0903184 -0.105815 0.00864057 0.139387
19 19 24 -0.0982299 -0.103027 0.00958292 0.142673
19 20 24 -0.11425 -0.0997778 0.0123153 0.152185
19 21 24 -0.135637 -0.0913887 0.0128783 0.164058
19 22 24 -0.148121 -0.0794703 0.0106551 0.168431
19 23 24 -0.158086 -0.0653069 0.0136839 0.171591
19 24 24 -0.171149 -0.0446938 0.0160535 0.177615
19 25 24 -0.177795 -0.0234521 0.0148934 0.179953
19 26 24 -0.178599 -0.000652793 0.0156074 0.179281
19 27 24 -0.174788 0.0274769 0.0137604 0.177468
19 28 24 -0.16893 0.0552668 0.0121105 0.178153
19 29 24 -0.155062 0.0836314 0.0112126 0.176534
19 30 24 -0.134891 0.109279 0.00998391 0.173888
19 31 24 -0.108043 0.130649 0.00866422 0.169758
19 32 24 -0.0674717 0.188095 0.00678994 0.199946
19 33 24 0.0351932 0.495799 0.00137293 0.497048
19 34 24 0.226964 1.09599 -0.00820516 1.11927
19 35 24 -0.208831 -0.715892 0.0298129 0.746325
19 36 24 0.0519979 -0.18506 -0.0159128 0.192884
19 37 24 -0.00319103 0.225454 0.00313388 0.225499
19 38 24 0.000131464 -0.0828851 -0.00105725 0.0828919
19 39 24 0 -0.0256632 0 0.0256632
19 1 25 0.000863623 -0.00863165 0.000708759 0.00870365
19 2 25 -0.00144326 0.0246911 -0.00276799 0.0248876
19 3 25 -0.00676831 -0.181906 0.00612104 0.182134
19 4 25 -0.000330606 0.535451 -0.00417053 0.535467
19 5 25 0.0582858 0.0209857 -0.00730896 0.0623783
19 6 25 0.0547767 -0.135064 -0.00624121 0.145882
19 7 25 0.0487832 -0.0781972 -0.00560736 0.0923366
19 8 25 0.0416905 -0.0708356 -0.00501672 0.0823465
19 9 25 0.0333469 -0.0793492 -0.00431443 0.0861796
19 10 25 0.0228412 -0.0869755 -0.00358895 0.0899964
19 11 25 0.0121528 -0.0935171 -0.00273564 0.0943431
19 12 25 -0.00533178 -0.0985432 -0.00203667 0.0987084
19 13 25 -0.0197015 -0.103172 0.000560123 0.105037
19 14 25 -0.0332165 -0.106877 0.00376441 0.111983
19 15 25 -0.0410801 -0.110012 0.00581453 0.117576
19 16 25 -0.0577318 -0.112736 0.00884133 0.126967
19 17 25 -0.0786717 -0.113342 0.0120508 0.138495
19 18 25 -0.0961815 -0.107992 0.0106209 0.145003
19 19 25 -0.106958 -0.103691 0.010732 0.149355
19 20 25 -0.121151 -0.0999816 0.0149654 0.157791
19 21 25 -0.140852 -0.0924872 0.0178782 0.169448
19 22 25 -0.150542 -0.080103 0.016369 0.17131
19 23 25 -0.159536 -0.0663629 0.0194224 0.173876
19 24 25 -0.166811 -0.0447779 0.0193466 0.173797
19 25 25 -0.170662 -0.020905 0.0180581 0.172883
19 26 25 -0.174013 0.000426609 0.0197176 0.175127
19 27 25 -0.171139 0.026757 0.0192111 0.17428
19 28 25 -0.166717 0.0538212 0.0172479 0.176036
19 29 25 -0.153384 0.0821471 0.0158441 0.174717
19 30 25 -0.133561 0.107529 0.0141189 0.172047
19 31 25 -0.107331 0.128694 0.0122072 0.168021
19 32 25 -0.0676428 0.185318 0.00944477 0.197503
19 33 25 0.0326912 0.488007 0.00164982 0.489104
19 34 25 0.22128 1.08154 -0.0128088 1.10402
19 35 25 -0.198525 -0.668797 0.0340944 0.698473
19 36 25 0.0489749 -0.237123 -0.0173247 0.242747
19 37 25 -0.00319129 0.246751 0.00320098 0.246792
19 38 25 5.71082e-05 -0.087366 -0.00117633 0.087374
19 39 25 0 -0.0232757 0 0.0232757
19 1 26 0.000844663 -0.00768772 0.000799488 0.0077752
19 2 26 -0.00121756 0.0203542 -0.0032837 0.0206533
19 3 26 -0.00768249 -0.17108 0.00737742 0.171412
19 4 26 0.000785241 0.522879 -0.00507478 0.522904
19 5 26 0.057527 0.01674 -0.00926169 0.0606248
19 6 26 0.0538837 -0.133682 -0.00783199 0.144345
19 7 26 0.0478704 -0.077254 -0.00688738 0.0911438
19 8 26 0.0408805 -0.0699214 -0.0059969 0.0812169
19 9 26 0.0326779 -0.0782865 -0.00493295 0.0849762
19 10 26 0.0224222 -0.0858173 -0.00377654 0.0887786
19 11 26 0.0115743 -0.0923456 -0.00261768 0.093105
19 12 26 -0.000500206 -0.0977188 -0.00198978 0.0977403
19 13 26 -0.0190986 -0.101754 0.000325607 0.103532
19 14 26 -0.0385779 -0.104892 0.00293349 0.1118
19 15 26 -0.048139 -0.107384 0.0051659 0.117794
19 16 26 -0.0581524 -0.110099 0.00943159 0.124869
19 17 26 -0.0780771 -0.110828 0.0130596 0.136196
19 18 26 -0.0966283 -0.106547 0.0119561 0.144334
19 19 26 -0.107615 -0.103286 0.0132233 0.149746
19 20 26 -0.122773 -0.0992636 0.0176458 0.158865
19 21 26 -0.138219 -0.0903994 0.0213921 0.166536
19 22 26 -0.14364 -0.0765531 0.0210726 0.164124
19 23 26 -0.153802 -0.0642915 0.0237622 0.168384
19 24 26 -0.165336 -0.0466072 0.025087 0.173602
19 25 26 -0.168397 -0.0218615 0.0233765 0.171411
19 26 26 -0.17323 0.00205441 0.0223736 0.174681
19 27 26 -0.17056 0.0272414 0.0219685 0.174114
19 28 26 -0.163664 0.0536422 0.0218788 0.173615
19 29 26 -0.150728 0.0805225 0.0203033 0.17209
19 30 26 -0.131415 0.10529 0.018117 0.169364
19 31 26 -0.105963 0.126081 0.0155551 0.165428
19 32 26 -0.0675419 0.181551 0.0118026 0.194067
19 33 26 0.0297517 0.477618 0.0014264 0.478546
19 34 26 0.214174 1.06174 -0.0183836 1.08328
19 35 26 -0.186437 -0.612244 0.0379467 0.641126
19 36 26 0.0458048 -0.29404 -0.0182708 0.298147
19 37 26 -0.00298186 0.268975 0.00317765 0.269011
19 38 26 8.56129e-05 -0.0918866 -0.00127552 0.0918955
19 39 26 0 -0.0206592 0 0.0206592
19 1 27 0.000777337 -0.00660679 0.000883131 0.00671072
19 2 27 -0.00100167 0.0154013 -0.00378831 0.015892
19 3 27 -0.00866777 -0.158587 0.00851637 0.159051
19 4 27 0.00214885 0.508493 -0.00573179 0.50853
19 5 27 0.0564077 0.0112429 -0.0111847 0.0585946
19 6 27 0.0526207 -0.131957 -0.00942234 0.142374
19 7 27 0.0466519 -0.0760117 -0.00816873 0.0895595
19 8 27 0.0397131 -0.0686964 -0.00696936 0.0796549
19 9 27 0.0316819 -0.076842 -0.00554759 0.0833019
19 10 27 0.0217653 -0.0842304 -0.00397227 0.0870877
19 11 27 0.0110642 -0.0906967 -0.00230962 0.0913983
19 12 27 -0.000680144 -0.0961445 -0.000765676 0.0961499
19 13 27 -0.0134124 -0.100483 0.000199957 0.101374
19 14 27 -0.0354476 -0.103757 0.00318388 0.109691
19 15 27 -0.0496892 -0.105513 0.00628549 0.116797
19 16 27 -0.056785 -0.106343 0.0099465 0.120964
19 17 27 -0.072854 -0.106952 0.0132016 0.130079
19 18 27 -0.0912562 -0.104775 0.0150727 0.13976
19 19 27 -0.103331 -0.101362 0.0177906 0.145836
19 20 27 -0.115438 -0.0966073 0.0221505 0.152149
19 21 27 -0.129555 -0.087637 0.025348 0.158453
19 22 27 -0.138538 -0.0744695 0.0253142 0.159308
19 23 27 -0.14949 -0.0622551 0.0274164 0.16424
19 24 27 -0.161619 -0.0466344 0.0299307 0.170854
19 25 27 -0.16595 -0.0245418 0.0293376 0.170301
19 26 27 -0.167688 -0.000291162 0.0285452 0.1701
19 27 27 -0.166616 0.0255199 0.0281868 0.170899
19 28 27 -0.159715 0.052192 0.0267668 0.170145
19 29 27 -0.14708 0.0783958 0.0246617 0.168484
19 30 27 -0.128349 0.102516 0.0219269 0.165722
19 31 27 -0.103852 0.122793 0.0186605 0.1619
19 32 27 -0.0669573 0.17675 0.013863 0.189516
19 33 27 0.026612 0.464484 0.00075003 0.465246
19 34 27 0.205579 1.03622 -0.0248141 1.0567
19 35 27 -0.172933 -0.545784 0.0413836 0.574019
19 36 27 0.0423058 -0.354899 -0.0187456 0.357903
19 37 27 -0.00274289 0.291538 0.00306065 0.291567
19 38 27 0.000142294 -0.0963156 -0.00135014 0.0963251
19 39 27 0 -0.0178456 0 0.0178456
19 1 28 0.000695567 -0.00539116 0.000959553 0.00551989
19 2 28 -0.000800451 0.00986471 -0.00427663 0.0107816
19 3 28 -0.00973068 -0.14457 0.00952108 0.14521
19 4 28 0.00384757 0.49263 -0.00617674 0.492684
19 5 28 0.0549864 0.00429301 -0.0130752 0.0566824
19 6 28 0.0510165 -0.129898 -0.0109839 0.139989
19 7 28 0.0451603 -0.074476 -0.00942659 0.087607
19 8 28 0.0382657 -0.0671792 -0.0079179 0.0777174
19 9 28 0.0303568 -0.0750308 -0.00614153 0.0811719
19 10 28 0.0207233 -0.0821972 -0.00415878 0.0848713
19 11 28 0.0102273 -0.088523 -0.00200258 0.0891344
19 12 28 -0.00109544 -0.0939036 0.000234629 0.0939103
19 13 28 -0.0133782 -0.0982609 0.00251615 0.0991993
19 14 28 -0.0257462 -0.101528 0.00510665 0.104866
19 15 28 -0.0373417 -0.10366 0.00765649 0.110446
19 16 28 -0.053169 -0.104144 0.0106274 0.117413
19 17 28 -0.0656583 -0.104025 0.0143225 0.123844
19 18 28 -0.0832562 -0.102733 0.0192892 0.133633
19 19 28 -0.0982218 -0.0985884 0.0224661 0.140968
19 20 28 -0.10927 -0.0930851 0.0255095 0.145793
19 21 28 -0.12451 -0.0847356 0.0280303 0.153194
19 22 28 -0.134658 -0.0731815 0.0278248 0.155764
19 23 28 -0.145285 -0.060403 0.0300369 0.160183
19 24 28 -0.153515 -0.0438401 0.0329164 0.16301
19 25 28 -0.159631 -0.0226189 0.0330707 0.164582
19 26 28 -0.162912 -1.59352e-06 0.0336106 0.166343
19 27 28 -0.161752 0.0247755 0.0329268 0.166918
19 28 28 -0.155128 0.0505361 0.0312789 0.166123
19 29 28 -0.142905 0.0758822 0.0287724 0.164341
19 30 28 -0.125026 0.0991933 0.0254878 0.161618
19 31 28 -0.101723 0.118786 0.0215082 0.157862
19 32 28 -0.0665383 0.170854 0.0156384 0.184019
19 33 28 0.0225638 0.448492 -0.000326309 0.449059
19 34 28 0.194573 1.00468 -0.0319245 1.02385
19 35 28 -0.158814 -0.469158 0.0444373 0.497298
19 36 28 0.0382213 -0.418857 -0.0187652 0.421016
19 37 28 -0.00268849 0.313862 0.00284661 0.313886
19 38 28 0.000108635 -0.100511 -0.00139839 0.100521
19 39 28 0 -0.0148688 0 0.0148688
19 1 29 0.000637867 -0.00404689 0.00102964 0.00422426
19 2 29 -0.00057714 0.00378286 -0.00473285 0.0060863
19 3 29 -0.0108972 -0.129186 0.0103931 0.13006
19 4 29 0.00585031 0.475598 -0.00646411 0.475678
19 5 29 0.0532545 -0.00426136 -0.0149556 0.0554786
19 6 29 0.0491022 -0.12748 -0.0125051 0.137181
19 7 29 0.0434212 -0.0726381 -0.0106336 0.0852923
19 8 29 0.0367145 -0.0653895 -0.00880964 0.0755073
19 9 29 0.0290743 -0.0729171 -0.00667707 0.0787832
19 10 29 0.0198133 -0.0798094 -0.00429951 0.0823444
19 11 29 0.00963606 -0.0859283 -0.00170179 0.0864837
19 12 29 -0.00118048 -0.0911704 0.00104871 0.0911841
19 13 29 -0.0129426 -0.0954467 0.00392145 0.0964
19 14 29 -0.0244742 -0.0986843 0.00690175 0.101908
19 15 29 -0.0367108 -0.100853 0.00979231 0.107772
19 16 29 -0.0499056 -0.102051 0.0120691 0.11424
19 17 29 -0.0642115 -0.103145 0.0155973 0.122496
19 18 29 -0.0757949 -0.1009 0.0214729 0.12801
19 19 29 -0.0888189 -0.0967056 0.0254769 0.133753
19 20 29 -0.102862 -0.0903822 0.0287031 0.139905
19 21 29 -0.115619 -0.0817148 0.0306449 0.144859
19 22 29 -0.126908 -0.0706313 0.0315816 0.148633
19 23 29 -0.138409 -0.0574633 0.0342943 0.153737
19 24 29 -0.147877 -0.041105 0.0366437 0.157798
19 25 29 -0.154493 -0.0217262 0.0377903 0.160524
19 26 29 -0.15712 0.000116602 0.0380262 0.161656
19 27 29 -0.155783 0.0239187 0.0372459 0.16195
19 28 29 -0.149321 0.048651 0.0354144 0.16099
19 29 29 -0.137498 0.0729727 0.0325557 0.15903
19 30 29 -0.120582 0.0953101 0.0287434 0.156365
19 31 29 -0.0985344 0.114069 0.0240669 0.152643
19 32 29 -0.0651996 0.163879 0.017114 0.177201
19 33 29 0.0186454 0.429656 -0.00172734 0.430064
19 34 29 0.181974 0.967039 -0.0394585 0.984803
19 35 29 -0.143313 -0.382282 0.0471795 0.410979
19 36 29 0.034496 -0.485136 -0.0183633 0.486708
19 37 29 -0.00225268 0.335418 0.00253301 0.335435
19 38 29 0.000217868 -0.104326 -0.00141877 0.104336
19 39 29 0 -0.0117681 0 0.0117681
19 1 30 0.000605809 -0.00258141 0.00108886 0.00286641
19 2 30 -0.000292456 -0.00279858 -0.0051478 0.00586663
19 3 30 -0.0121177 -0.112604 0.0111447 0.113801
19 4 30 0.00814925 0.457642 -0.00664173 0.457763
19 5 30 0.0512012 -0.0145154 -0.0168362 0.0558186
19 6 30 0.0468972 -0.124632 -0.0139746 0.133895
19 7 30 0.0412929 -0.0704367 -0.0117681 0.0824919
19 8 30 0.0348159 -0.0632588 -0.00962053 0.0728449
19 9 30 0.0275503 -0.070454 -0.00713442 0.0759848
19 10 30 0.0187666 -0.0770655 -0.00437677 0.0794382
19 11 30 0.00905811 -0.0829553 -0.00137809 0.0834597
19 12 30 -0.00114993 -0.0880297 0.00179592 0.0880555
19 13 30 -0.0124289 -0.0921959 0.00510358 0.0931698
19 14 30 -0.0235804 -0.0953717 0.00847796 0.0986087
19 15 30 -0.0357363 -0.0974839 0.0118633 0.104503
19 16 30 -0.0480602 -0.0984962 0.0152155 0.110647
19 17 30 -0.0608372 -0.098374 0.0189054 0.117201
19 18 30 -0.073208 -0.0963824 0.0231077 0.123219
19 19 30 -0.0857853 -0.0924479 0.0269338 0.128962
19 20 30 -0.0989722 -0.0865351 0.030393 0.134935
19 21 30 -0.111056 -0.0784437 0.0333421 0.139995
19 22 30 -0.12245 -0.0679149 0.0359136 0.144555
19 23 30 -0.132956 -0.0548886 0.0384213 0.148883
19 24 30 -0.141489 -0.0391178 0.0404239 0.152261
19 25 30 -0.148021 -0.0206217 0.0416382 0.155143
19 26 30 -0.150516 0.000283962 0.0418937 0.156238
19 27 30 -0.14925 0.0230139 0.0410915 0.156504
19 28 30 -0.143212 0.0465914 0.0391143 0.155597
19 29 30 -0.13202 0.0697434 0.0359371 0.153574
19 30 30 -0.116192 0.0909577 0.0316324 0.150912
19 31 30 -0.0955361 0.108728 0.0262964 0.147107
19 32 30 -0.064296 0.155898 0.0182972 0.169626
19 33 30 0.0138153 0.408089 -0.00329677 0.408336
19 34 30 0.166713 0.923287 -0.0471034 0.939399
19 35 30 -0.127693 -0.285291 0.0496796 0.316488
19 36 30 0.0301302 -0.553086 -0.0176079 0.554186
19 37 30 -0.0021097 0.355723 0.00211612 0.355736
19 38 30 0.00020035 -0.107618 -0.0014099 0.107628
19 39 30 0 -0.00858593 0 0.00858593
19 1 31 0.000570028 -0.00100185 0.00113153 0.00161524
19 2 31 3.65319e-05 -0.00981959 -0.0055246 0.0112671
19 3 31 -0.0133315 -0.0950022 0.0117737 0.0966528
19 4 31 0.0107908 0.438913 -0.00677634 0.439098
19 5 31 0.0489241 -0.0265358 -0.01872 0.058721
19 6 31 0.0446376 -0.121308 -0.0153761 0.130172
19 7 31 0.0390241 -0.0678578 -0.0127936 0.0793174
19 8 31 0.0328733 -0.0607756 -0.010304 0.0698606
19 9 31 0.0260535 -0.0676203 -0.00746508 0.0728493
19 10 31 0.017754 -0.0739468 -0.00434461 0.0761723
19 11 31 0.00850643 -0.0796067 -0.000982783 0.0800659
19 12 31 -0.00112604 -0.0845114 0.00255299 0.0845575
19 13 31 -0.0118683 -0.088568 0.00622161 0.0895759
19 14 31 -0.0225554 -0.0916891 0.00993357 0.0949438
19 15 31 -0.0343705 -0.093765 0.0136571 0.100795
19 16 31 -0.0460081 -0.0946826 0.0173962 0.106697
19 17 31 -0.0580461 -0.0943231 0.0212023 0.112764
19 18 31 -0.0705465 -0.0923695 0.0250946 0.118906
19 19 31 -0.0824369 -0.0885947 0.0288536 0.124408
19 20 31 -0.095035 -0.0828821 0.0324187 0.1302
19 21 31 -0.106441 -0.0750541 0.0357088 0.135048
19 22 31 -0.117467 -0.0648785 0.0387147 0.139666
19 23 31 -0.127356 -0.0522392 0.0413698 0.143735
19 24 31 -0.134967 -0.0370372 0.0434612 0.146549
19 25 31 -0.140979 -0.0193277 0.0448012 0.149184
19 26 31 -0.143074 0.000597863 0.0451482 0.15003
19 27 31 -0.141565 0.0221706 0.0443506 0.149997
19 28 31 -0.13574 0.044472 0.0422507 0.148957
19 29 31 -0.125029 0.0663021 0.0387961 0.146743
19 30 31 -0.110329 0.086229 0.0340654 0.144112
19 31 31 -0.0914758 0.102837 0.0281528 0.140484
19 32 31 -0.0628318 0.14699 0.019228 0.161008
19 33 31 0.00964295 0.384018 -0.00483403 0.38417
19 34 31 0.150367 0.873546 -0.0545763 0.888072
19 35 31 -0.110871 -0.17854 0.0519672 0.216493
19 36 31 0.0259008 -0.622191 -0.0165845 0.622951
19 37 31 -0.00183999 0.374366 0.00160246 0.374374
19 38 31 0.000253525 -0.110244 -0.00136843 0.110252
19 39 31 0 -0.005365 0 0.005365
19 1 32 0.000513965 0.000645984 0.00112052 0.00139177
19 2 32 0.000327519 -0.0171121 -0.00579988 0.0180712
19 3 32 -0.0144121 -0.0757608 0.0131125 0.0782262
19 4 32 0.0133097 0.414012 -0.0116104 0.414389
19 5 32 0.0454683 -0.0410422 -0.0260253 0.0665518
19 6 32 0.0414941 -0.116536 -0.0212258 0.125511
19 7 32 0.03527 -0.0640731 -0.0174245 0.075186
19 8 32 0.0301073 -0.0571991 -0.0138209 0.0660999
19 9 32 0.0241259 -0.0636118 -0.00978908 0.0687338
19 10 32 0.0165976 -0.0695586 -0.00538356 0.0717137
19 11 32 0.00802064 -0.0749046 -0.000661781 0.0753357
19 12 32 -0.000967023 -0.0795723 0.00428883 0.0796936
19 13 32 -0.0110409 -0.0834693 0.009416 0.0847213
19 14 32 -0.0209967 -0.0865121 0.0146124 0.0902149
19 15 32 -0.0322157 -0.0885688 0.0198285 0.0963091
19 16 32 -0.0432271 -0.0894771 0.0250377 0.102477
19 17 32 -0.0546023 -0.0891202 0.0301981 0.108792
19 18 32 -0.0666165 -0.0872537 0.0353027 0.115314
19 19 32 -0.0775653 -0.0836105 0.0402775 0.120952
19 20 32 -0.0894729 -0.0780664 0.0450714 0.127009
19 21 32 -0.0998135 -0.0705014 0.049589 0.13188
19 22 32 -0.109904 -0.060736 0.0537423 0.136587
19 23 32 -0.119096 -0.04865 0.0573591 0.140858
19 24 32 -0.125866 -0.0342056 0.0601997 0.143653
19 25 32 -0.131307 -0.0175438 0.0620087 0.146268
19 26 32 -0.133052 0.00103164 0.0624434 0.14698
19 27 32 -0.131462 0.0209905 0.0612638 0.146547
19 28 32 -0.1261 0.0414906 0.0582654 0.144974
19 29 32 -0.116126 0.0614479 0.0533827 0.141812
19 30 32 -0.102974 0.0795739 0.0467312 0.138273
19 31 32 -0.0869178 0.0945794 0.0384718 0.13409
19 32 32 -0.0612759 0.134909 0.0264 0.150506
19 33 32 0.00412661 0.353051 -0.00452958 0.353105
19 34 32 0.129619 0.808434 -0.0696385 0.821715
19 35 32 -0.0932557 -0.0615197 0.0471388 0.121257
19 36 32 0.0213911 -0.682214 -0.0124419 0.682663
19 37 32 -0.00150855 0.387526 0.000423765 0.387529
19 38 32 0.000346511 -0.111385 -0.00120346 0.111392
19 39 32 0 -0.00223385 0 0.00223385
19 1 33 0.000463744 0.00208628 0.000824743 0.00229082
19 2 33 0.000461267 -0.0237612 -0.00543632 0.0243795
19 3 33 -0.0142553 -0.0509052 0.0190518 0.0561919
19 4 33 0.0135288 0.348261 -0.0465217 0.351615
19 5 33 0.0356189 -0.0626755 -0.0680438 0.0991306
19 6 33 0.0317024 -0.103884 -0.0553636 0.12191
19 7 33 0.0282233 -0.0536408 -0.0449265 0.0754472
19 8 33 0.0240328 -0.047582 -0.0352917 0.0639306
19 9 33 0.0193056 -0.0530517 -0.0247095 0.0616259
19 10 33 0.013206 -0.0579877 -0.0131146 0.0609013
19 11 33 0.00650763 -0.0624116 -0.000590718 0.0627527
19 12 33 -0.000856397 -0.066308 0.0126956 0.0675179
19 13 33 -0.00904402 -0.0695986 0.0265979 0.0750547
19 14 33 -0.0171953 -0.0722104 0.0409156 0.0847591
19 15 33 -0.0263918 -0.0740136 0.0554936 0.0961981
19 16 33 -0.0354981 -0.0748154 0.0701803 0.108548
19 17 33 -0.0450695 -0.0745018 0.0847968 0.121541
19 18 33 -0.0545352 -0.0728609 0.0992069 0.134628
19 19 33 -0.0638786 -0.0696168 0.113221 0.147466
19 20 33 -0.0731161 -0.0646644 0.126632 0.159884
19 21 33 -0.0814704 -0.0579687 0.13915 0.171349
19 22 33 -0.0888999 -0.0494596 0.150428 0.181598
19 23 33 -0.0955079 -0.0391023 0.159972 0.190373
19 24 33 -0.10065 -0.0269817 0.167181 0.196997
19 25 33 -0.10409 -0.0133587 0.171376 0.200955
19 26 33 -0.105641 0.00144672 0.17178 0.201669
19 27 33 -0.104644 0.0169914 0.167777 0.198464
19 28 33 -0.100481 0.0326393 0.158927 0.190839
19 29 33 -0.0932499 0.0476515 0.145138 0.178973
19 30 33 -0.0815688 0.0611694 0.126771 0.162684
19 31 33 -0.067198 0.0722944 0.104511 0.143752
19 32 33 -0.0465308 0.104835 0.0744688 0.136752
19 33 33 -0.00121317 0.285492 0.00695606 0.285579
19 34 33 0.091943 0.666366 -0.135121 0.686116
19 35 33 -0.0708997 0.0719867 -0.00187457 0.101056
19 36 33 0.0159979 -0.670779 0.00991586 0.671043
19 37 33 -0.00111119 0.373259 -0.00446745 0.373287
19 38 33 0.000395237 -0.106721 -0.000470606 0.106723
19 39 33 0 0.000247994 0 0.000247994
19 1 34 0.000422168 0.00264703 -0.000140657 0.00268417
19 2 34 0.000195941 -0.0268794 -0.00285556 0.0270313
19 3 34 -0.0111513 -0.0200162 0.0276403 0.0359024
19 4 34 0.00695283 0.191037 -0.129384 0.230832
19 5 34 0.0129795 -0.0885854 -0.155124 0.179107
19 6 34 0.00952559 -0.0770128 -0.128177 0.149837
19 7 34 0.00822479 -0.0321065 -0.106607 0.11164
19 8 34 0.0069008 -0.0246199 -0.0836102 0.0874324
19 9 34 0.00581976 -0.0261875 -0.0567121 0.0627369
19 10 34 0.00406294 -0.0277696 -0.0264618 0.0385731
19 11 34 0.00220377 -0.029313 0.00667355 0.0301438
19 12 34 -0.000120592 -0.0307828 0.0422309 0.0522594
19 13 34 -0.003214 -0.0321019 0.0797696 0.0860468
19 14 34 -0.00618146 -0.033221 0.11878 0.123493
19 15 34 -0.01009 -0.0340575 0.158753 0.162679
19 16 34 -0.0139472 -0.0344431 0.199142 0.202579
19 17 34 -0.0180994 -0.0342892 0.23934 0.24246
19 18 34 -0.0221389 -0.0334469 0.278745 0.281616
19 19 34 -0.0257838 -0.0316894 0.316674 0.319299
19 20 34 -0.0292734 -0.0289524 0.352395 0.354792
19 21 34 -0.0317684 -0.0252883 0.385081 0.387216
19 22 34 -0.0332755 -0.0207753 0.413775 0.41563
19 23 34 -0.0339881 -0.015565 0.437312 0.438907
19 24 34 -0.0335926 -0.00996053 0.454341 0.45569
19 25 34 -0.0326343 -0.00439265 0.46335 0.464519
19 26 34 -0.0314964 0.000786748 0.462724 0.463796
19 27 34 -0.0303232 0.00530507 0.451091 0.452141
19 28 34 -0.0295169 0.00901095 0.427529 0.428641
19 29 34 -0.0295329 0.0120089 0.391948 0.393242
19 30 34 -0.029474 0.0145567 0.345401 0.346962
19 31 34 -0.0297159 0.0169456 0.290091 0.292101
19 32 34 -0.0265902 0.033451 0.21874 0.222875
19 33 34 -0.00960905 0.137787 0.0710637 0.155331
19 34 34 0.030262 0.37029 -0.225063 0.434377
19 35 34 -0.041791 0.169654 -0.127676 0.216402
19 36 34 0.00932462 -0.480226 0.0631087 0.484445
19 37 34 -0.000493222 0.294316 -0.0157829 0.294739
19 38 34 0.00044303 -0.0887528 0.00128844 0.0887633
19 39 34 0 0.00108226 0 0.00108226
19 1 35 0.000368418 0.00162919 -0.00176656 0.0024312
19 2 35 -0.000387251 -0.0222172 0.0032536 0.0224575
19 3 35 -0.00649086 -0.00660571 0.0163223 0.0187666
19 4 35 -0.00485203 0.00803287 -0.166454 0.166718
19 5 35 -0.00797053 -0.0765848 -0.154073 0.172242
19 6 35 -0.00891003 -0.0349151 -0.111511 0.117188
19 7 35 -0.00740948 -0.00356406 -0.0824778 0.0828867
19 8 35 -0.00553712 0.00485278 -0.0524796 0.0529936
19 9 35 -0.00294654 0.00930461 -0.0164145 0.0190969
19 10 35 -0.000352816 0.0139381 0.0259097 0.0294229
19 11 35 0.00289121 0.0185769 0.0744585 0.0767954
19 12 35 0.00646169 0.0229812 0.128912 0.131104
19 13 35 0.00996811 0.026923 0.188669 0.190841
19 14 35 0.0141423 0.0301334 0.252762 0.254944
19 15 35 0.0179383 0.0323472 0.319905 0.322037
19 16 35 0.0218695 0.0334001 0.388481 0.390527
19 17 35 0.0254275 0.033115 0.456563 0.458468
19 18 35 0.0284659 0.0314148 0.522045 0.523763
19 19 35 0.0311839 0.0283965 0.582685 0.58421
19 20 35 0.0330489 0.0241762 0.636297 0.637614
19 21 35 0.0342918 0.0189325 0.680913 0.682039
19 22 35 0.0347982 0.0129745 0.714953 0.715917
19 23 35 0.0345822 0.0066823 0.737373 0.738214
19 24 35 0.0340207 0.000399299 0.747811 0.748584
19 25 35 0.0329087 -0.00559824 0.746602 0.747348
19 26 35 0.0315754 -0.0110417 0.734669 0.73543
19 27 35 0.0303236 -0.0157897 0.713416 0.714235
19 28 35 0.0289807 -0.019833 0.684366 0.685266
19 29 35 0.0275368 -0.0231958 0.648908 0.649906
19 30 35 0.0263499 -0.0259817 0.608095 0.60922
19 31 35 0.0245634 -0.0283312 0.562516 0.563765
19 32 35 0.0227943 -0.0300865 0.498674 0.500101
19 33 35 0.018373 -0.0272573 0.333291 0.334908
19 34 35 0.00946881 0.0012254 -0.0361607 0.0374
19 35 35 -0.0142333 0.0216923 -0.184488 0.186303
19 36 35 0.00339625 -0.186123 0.109708 0.216077
19 37 35 0.000107525 0.156615 -0.0278408 0.15907
19 38 35 0.000449525 -0.0560884 0.00367553 0.0562105
19 39 35 0 -0.000307986 0 0.000307986
19 1 36 0.000321655 -0.000115872 -0.00248304 0.00250647
19 2 36 -0.000339452 -0.0100163 0.00992243 0.014103
19 3 36 -0.00148897 0.00846381 0.0247841 0.0262317
19 4 36 -0.000319644 0.023611 0.0403819 0.0467791
19 5 36 0.000385415 0.0211478 0.138049 0.13966
19 6 36 0.000164139 0.0120119 0.184778 0.185168
19 7 36 -0.000474318 0.00426911 0.192312 0.19236
19 8 36 -0.00132268 0.00142957 0.188506 0.188516
19 9 36 -0.00195845 -0.000366733 0.178378 0.178389
19 10 36 -0.00294787 -0.00205649 0.161862 0.161901
19 11 36 -0.00371647 -0.00356585 0.139146 0.139242
19 12 36 -0.00440884 -0.00485061 0.110698 0.110891
19 13 36 -0.00529812 -0.00584505 0.0773005 0.077702
19 14 36 -0.00571854 -0.00651107 0.0400227 0.0409501
19 15 36 -0.00627971 -0.00684676 0.000210297 0.00929285
19 16 36 -0.0065117 -0.0068229 -0.0405789 0.0416605
19 17 36 -0.00658797 -0.0064673 -0.0806786 0.081205
19 18 36 -0.0067015 -0.00582181 -0.118371 0.118703
19 19 36 -0.00653833 -0.00489515 -0.152039 0.152258
19 20 36 -0.00633853 -0.00376247 -0.180263 0.180414
19 21 36 -0.00602262 -0.00252333 -0.201918 0.202023
19 22 36 -0.00564432 -0.00123628 -0.216248 0.216325
19 23 36 -0.00521768 6.28561e-05 -0.222912 0.222973
19 24 36 -0.0046885 0.00132 -0.221954 0.222007
19 25 36 -0.00431813 0.00248112 -0.213772 0.21383
19 26 36 -0.00388715 0.00354326 -0.199039 0.199108
19 27 36 -0.00340613 0.00448508 -0.178549 0.178638
19 28 36 -0.00320066 0.00528681 -0.153169 0.153294
19 29 36 -0.00304275 0.00597329 -0.123705 0.123886
19 30 36 -0.0026305 0.00654232 -0.0908449 0.0911181
19 31 36 -0.00263157 0.00697559 -0.0551756 0.055677
19 32 36 -0.00234001 0.00675449 -0.0179371 0.019309
19 33 36 -0.00201877 0.00280043 0.012548 0.0130143
19 34 36 -0.00174077 -0.00926718 0.00247711 0.00974921
19 35 36 -0.00254256 -0.0270068 -0.0459351 0.0533467
19 36 36 0.0010273 -0.0515361 0.0888501 0.10272
19 37 36 0.000433707 0.0427009 -0.0250067 0.0494863
19 38 36 0.000404131 -0.0249362 0.00479081 0.0253954
19 39 36 0 -0.00259429 0 0.00259429
19 1 37 0.000359463 -0.000805404 -0.0012626 0.00154014
19 2 37 0.000212717 -0.00389189 0.00485463 0.00622571
19 3 37 0.000222743 -0.00219369 -0.00593065 0.00632728
19 4 37 0.000366149 -0.00337184 -0.0330341 0.0332078
19 5 37 0.000371774 -0.00313265 -0.0574091 0.0574957
19 6 37 0.00029356 -0.00128177 -0.0707259 0.0707381
19 7 37 0.000189068 -9.82123e-05 -0.0750542 0.0750545
19 8 37 5.16598e-05 0.000223407 -0.0761861 0.0761865
19 9 37 8.57174e-05 0.000349805 -0.0753739 0.0753748
19 10 37 -0.000116004 0.00042425 -0.0727922 0.0727935
19 11 37 -0.000211654 0.000454995 -0.0686745 0.0686763
19 12 37 -0.00027576 0.00043458 -0.0633169 0.063319
19 13 37 -0.000517968 0.000374842 -0.0570514 0.057055
19 14 37 -0.000546191 0.000287441 -0.0502457 0.0502495
19 15 37 -0.000738668 0.000168358 -0.043276 0.0432827
19 16 37 -0.000840603 3.45923e-05 -0.0365052 0.0365149
19 17 37 -0.000858464 -0.000111808 -0.0302856 0.030298
19 18 37 -0.000972265 -0.000264764 -0.0249169 0.0249373
19 19 37 -0.00102987 -0.000393347 -0.0206419 0.0206713
19 20 37 -0.00112979 -0.000501855 -0.0176393 0.0176826
19 21 37 -0.0012222 -0.000608445 -0.0160166 0.0160747
19 22 37 -0.00128619 -0.000707109 -0.0158124 0.0158804
19 23 37 -0.00133052 -0.000782364 -0.0170038 0.0170737
19 24 37 -0.0013346 -0.000836126 -0.0195137 0.0195772
19 25 37 -0.00138141 -0.000877863 -0.0232373 0.0232948
19 26 37 -0.00131291 -0.000900823 -0.0280461 0.0280912
19 27 37 -0.00117556 -0.000913591 -0.033791 0.0338238
19 28 37 -0.00118072 -0.000919948 -0.0403379 0.0403656
19 29 37 -0.00114274 -0.000904285 -0.0475414 0.0475637
19 30 37 -0.000926367 -0.000871927 -0.0552531 0.0552677
19 31 37 -0.000939845 -0.000830045 -0.0633269 0.0633393
19 32 37 -0.000775503 -0.000645268 -0.0709524 0.0709596
19 33 37 -0.000608706 0.000277475 -0.0736626 0.0736656
19 34 37 -0.000466586 0.00242278 -0.0621138 0.0621628
19 35 37 -0.000222732 0.00428391 -0.0309122 0.0312085
19 36 37 0.000248791 0.00195491 0.0224797 0.0225659
19 37 37 0.000307342 0.00870903 -0.0118706 0.0147259
19 38 37 0.000283 -0.00791534 0.00362079 0.00870878
19 39 37 0 -0.00345963 0 0.00345963
19 1 38 0.000346414 0.000321473 0.00111937 0.00121505
19 2 38 0.000416159 0.00083908 0.00581245 0.00588743
19 3 38 0.000540766 0.00151658 0.00978166 0.00991329
19 4 38 0.000634506 0.000998183 0.0145452 0.0145932
19 5 38 0.000672986 4.61053e-05 0.0181267 0.0181392
19 6 38 0.000669876 -0.000650139 0.019116 0.0191388
19 7 38 0.000620219 -0.000915462 0.0186082 0.018641
19 8 38 0.000550771 -0.000930678 0.0177223 0.0177553
19 9 38 0.000565492 -0.000895461 0.0167107 0.0167442
19 10 38 0.000472003 -0.000846612 0.0156411 0.0156711
19 11 38 0.000418975 -0.00078213 0.0145815 0.0146084
19 12 38 0.00038411 -0.0007092 0.0135897 0.0136136
19 13 38 0.000271881 -0.000629134 0.0127174 0.0127359
19 14 38 0.000260767 -0.000541316 0.0120048 0.0120198
19 15 38 0.000181042 -0.000451815 0.0114778 0.0114882
19 16 38 0.000116188 -0.00036099 0.0111582 0.0111647
19 17 38 9.52213e-05 -0.000274348 0.0110505 0.0110543
19 18 38 4.4178e-05 -0.000193418 0.0111493 0.011151
19 19 38 1.05323e-05 -0.000108382 0.0114455 0.011446
19 20 38 -4.60063e-05 -2.38885e-05 0.0119216 0.0119217
19 21 38 -0.000106177 4.95532e-05 0.0125554 0.012556
19 22 38 -0.000156755 0.000113312 0.0133234 0.0133248
19 23 38 -0.000219056 0.000174138 0.014203 0.0142058
19 24 38 -0.000275761 0.000231619 0.0151726 0.0151768
19 25 38 -0.000340271 0.000281736 0.0162077 0.0162137
19 26 38 -0.000372319 0.000326225 0.0172883 0.0172953
19 27 38 -0.000393705 0.000362031 0.0183944 0.0184022
19 28 38 -0.000459257 0.000388991 0.0194987 0.0195079
19 29 38 -0.000492964 0.000411854 0.0205802 0.0205902
19 30 38 -0.000478467 0.000426011 0.0216145 0.021624
19 31 38 -0.000569239 0.000429132 0.022573 0.0225843
19 32 38 -0.00056215 0.000402806 0.0232831 0.0232933
19 33 38 -0.000529367 0.000219856 0.0228368 0.022844
19 34 38 -0.000495614 -0.000254511 0.0196988 0.0197067
19 35 38 -0.000368962 -0.000961362 0.0138887 0.0139268
19 36 38 -0.00018407 -0.00147241 0.0097383 0.00985071
19 37 38 9.28616e-06 -0.00107383 -0.00107887 0.00152222
19 38 38 0.00010181 -0.00299754 0.00199672 0.00360312
19 39 38 0 -0.00243354 0 0.00243354
19 1 39 0 0 -4.89825e-05 4.89825e-05
19 2 39 0 0 -0.000815007 0.000815007
19 3 39 0 0 -0.00172053 0.00172053
19 4 39 0 0 -0.00188491 0.00188491
19 5 39 0 0 -0.00103807 0.00103807
19 6 39 0 0 0.000493795 0.000493795
19 7 39 0 0 0.00225604 0.00225604
19 8 39 0 0 0.00399092 0.00399092
19 9 39 0 0 0.00563983 0.00563983
19 10 39 0 0 0.00717774 0.00717774
19 11 39 0 0 0.00858497 0.00858497
19 12 39 0 0 0.00984356 0.00984356
19 13 39 0 0 0.0109395 0.0109395
19 14 39 0 0 0.0118641 0.0118641
19 15 39 0 0 0.0126082 0.0126082
19 16 39 0 0 0.0131701 0.0131701
19 17 39 0 0 0.0135496 0.0135496
19 18 39 0 0 0.0137469 0.0137469
19 19 39 0 0 0.0137683 0.0137683
19 20 39 0 0 0.0136203 0.0136203
19 21 39 0 0 0.0133098 0.0133098
19 22 39 0 0 0.0128451 0.0128451
19 23 39 0 0 0.0122372 0.0122372
19 24 39 0 0 0.0114973 0.0114973
19 25 39 0 0 0.0106359 0.0106359
19 26 39 0 0 0.0096675 0.0096675
19 27 39 0 0 0.00860485 0.00860485
19 28 39 0 0 0.00746108 0.00746108
19 29 39 0 0 0.00625391 0.00625391
19 30 39 0 0 0.00499848 0.00499848
19 31 39 0 0 0.00370957 0.00370957
19 32 39 0 0 0.00242656 0.00242656
19 33 39 0 0 0.00130246 0.00130246
19 34 39 0 0 0.000608323 0.000608323
19 35 39 0 0 0.000529381 0.000529381
19 36 39 0 0 0.000772021 0.000772021
19 37 39 0 0 0.000246608 0.000246608
19 38 39 0 0 0.000943579 0.000943579
19 39 39 0 0 0 0
